node,name,H2r,rp
570,./node_570_INORM,0.4296642,0.0000002
1022,./node_1022_INORM,0.5353612,1.248988e-11
1521,./node_1521_INORM,0.3174549,0.0000571
357,./node_357_INORM,0.4896398,3.7406465e-10
1900,./node_1900_INORM,0.1565889,0.0252317
654,./node_654_INORM,0.4673502,1.498735e-08
1605,./node_1605_INORM,0.4290756,6.4018795e-10
54,./node_54_INORM,0.4722413,2.5805868e-10
1306,./node_1306_INORM,0.3464917,0.0000011
951,./node_951_INORM,0.4954810,4.4413063e-10
1394,./node_1394_INORM,0.2812748,0.0001495
1369,./node_1369_INORM,0.5562278,3.0473558e-13
1697,./node_1697_INORM,0.3336477,0.0000103
338,./node_338_INORM,0.5116156,1.0248345e-11
1992,./node_1992_INORM,0.2283565,0.0013847
1891,./node_1891_INORM,0.1651352,0.0198296
738,./node_738_INORM,0.5851978,1.1317631e-14
1297,./node_1297_INORM,0.3819759,0.0000001
1769,./node_1769_INORM,0.1638059,0.0229349
1794,./node_1794_INORM,0.1660039,0.0187132
1121,./node_1121_INORM,0.4713280,3.9680101e-09
1422,./node_1422_INORM,0.4550748,0.0000001
473,./node_473_INORM,0.5169098,1.3808224e-11
170,./node_170_INORM,0.5431504,3.1233898e-13
1706,./node_1706_INORM,0.1748256,0.0129306
852,./node_852_INORM,0.5510488,1.8081392e-12
1205,./node_1205_INORM,0.5056772,0.0000001
1803,./node_1803_INORM,0.3794972,0.0000005
254,./node_254_INORM,0.4457107,5.4363475e-09
757,./node_757_INORM,0.6129476,1.0263865e-16
319,./node_319_INORM,0.3461625,0.0000069
1348,./node_1348_INORM,0.4695969,7.205428e-09
1592,./node_1592_INORM,0.2464051,0.0007508
1091,./node_1091_INORM,0.5463060,1.619307e-11
1003,./node_1003_INORM,0.2201185,0.0025364
1500,./node_1500_INORM,0.3657478,0.0000025
551,./node_551_INORM,0.4837764,2.0667243e-11
1624,./node_1624_INORM,0.4464500,1.2027573e-10
88,./node_88_INORM,0.5080713,1.2348312e-11
75,./node_75_INORM,0.4250391,8.3052025e-09
970,./node_970_INORM,0.5140505,1.2124361e-11
1327,./node_1327_INORM,0.3648198,0.0000017
1921,./node_1921_INORM,0.2097183,0.0024203
688,./node_688_INORM,0.5123351,6.9061065e-12
376,./node_376_INORM,0.3754787,0.0000040
675,./node_675_INORM,0.5931535,3.771326e-15
452,./node_452_INORM,0.5227060,2.2833608e-11
151,./node_151_INORM,0.4065165,3.7776325e-08
1100,./node_1100_INORM,0.2424827,0.0008577
1403,./node_1403_INORM,0.3073165,0.0000221
275,./node_275_INORM,0.4478382,4.4236555e-09
1822,./node_1822_INORM,0.2580948,0.0003028
776,./node_776_INORM,0.5476126,1.7363227e-12
288,./node_288_INORM,0.4633048,3.3785933e-09
1727,./node_1727_INORM,0.3539885,0.0000100
1224,./node_1224_INORM,0.4937695,7.0425225e-10
873,./node_873_INORM,0.5533619,6.8451515e-13
1748,./node_1748_INORM,0.1586470,0.0260404
719,./node_719_INORM,0.5669566,5.650095e-14
1491,./node_1491_INORM,0.2683669,0.0003471
1192,./node_1192_INORM,0.3502587,0.0000241
787,./node_787_INORM,0.5043649,6.0634035e-12
279,./node_279_INORM,0.4597034,2.4364877e-09
284,./node_284_INORM,0.3535058,0.0000032
882,./node_882_INORM,0.6156840,8.259474e-16
1228,./node_1228_INORM,0.5593376,3.9217657e-13
1744,./node_1744_INORM,0.4054792,3.1536746e-08
810,./node_810_INORM,0.4485644,1.7473815e-08
1247,./node_1247_INORM,0.3193611,0.0001531
1841,./node_1841_INORM,0.1206666,0.0608346
216,./node_216_INORM,0.3929613,0.0000002
2012,./node_2012_INORM,0.3228693,0.0000207
715,./node_715_INORM,0.4735810,1.5984029e-09
1163,./node_1163_INORM,0.5289539,1.8117778e-10
1460,./node_1460_INORM,0.4815105,9.836439e-11
431,./node_431_INORM,0.5118087,4.0569787e-11
132,./node_132_INORM,0.4057232,3.8964379e-08
315,./node_315_INORM,0.5105605,7.571895e-11
1942,./node_1942_INORM,0.2464697,0.0011669
616,./node_616_INORM,0.5291398,1.3300413e-12
1647,./node_1647_INORM,0.3936603,0.0000002
1344,./node_1344_INORM,0.5004232,2.0145424e-10
913,./node_913_INORM,0.3346958,0.0000280
16,./node_16_INORM,0.4760006,6.5962795e-11
532,./node_532_INORM,0.5501432,2.0927919e-12
1060,./node_1060_INORM,0.3369181,0.0000365
1563,./node_1563_INORM,0.4383743,0.0000002
84,./node_84_INORM,0.3692543,0.0000003
1628,./node_1628_INORM,0.4153313,1.048964e-09
981,./node_981_INORM,0.3839484,0.0000038
79,./node_79_INORM,0.3832631,0.0000002
684,./node_684_INORM,0.4833354,1.6637338e-10
679,./node_679_INORM,0.5204515,1.1546993e-11
387,./node_387_INORM,0.5154144,1.3140676e-10
237,./node_237_INORM,0.4124514,0.0000002
1860,./node_1860_INORM,0.1668317,0.0195503
2033,./node_2033_INORM,0.3288052,0.0000157
734,./node_734_INORM,0.5714948,3.1130472e-14
1765,./node_1765_INORM,0.3487651,0.0000002
1266,./node_1266_INORM,0.5222964,4.525857e-11
1798,./node_1798_INORM,0.3470548,0.0000041
831,./node_831_INORM,0.3878144,0.0000013
410,./node_410_INORM,0.5115427,1.0956488e-11
113,./node_113_INORM,0.3664541,0.0000008
1142,./node_1142_INORM,0.3361556,0.0000634
1441,./node_1441_INORM,0.4343839,0.0000001
181,./node_181_INORM,0.4097706,0.0000001
482,./node_482_INORM,0.4012446,0.0000016
1209,./node_1209_INORM,0.3665258,0.0000192
258,./node_258_INORM,0.5264610,1.9463685e-11
581,./node_581_INORM,0.5580827,1.3647168e-12
658,./node_658_INORM,0.5378321,7.1102495e-13
1609,./node_1609_INORM,0.3662382,0.0000011
58,./node_58_INORM,0.4013490,0.0000001
1398,./node_1398_INORM,0.4252256,0.0000001
1666,./node_1666_INORM,0.3116476,0.0000308
932,./node_932_INORM,0.5241635,3.7531395e-12
1365,./node_1365_INORM,0.3888503,0.0000016
37,./node_37_INORM,0.3951642,4.250194e-08
1963,./node_1963_INORM,0.3011928,0.0000598
334,./node_334_INORM,0.5272262,1.205277e-10
637,./node_637_INORM,0.5065936,1.0269228e-11
1041,./node_1041_INORM,0.2086926,0.0035488
1542,./node_1542_INORM,0.2892084,0.0000991
513,./node_513_INORM,0.4239951,1.3973646e-08
1584,./node_1584_INORM,0.3183610,0.0000473
1579,./node_1579_INORM,0.3147885,0.0000249
1087,./node_1087_INORM,0.5267391,7.4321035e-11
528,./node_528_INORM,0.4670703,7.633232e-09
909,./node_909_INORM,0.5821484,1.1667457e-13
1958,./node_1958_INORM,0.2558402,0.0010420
360,./node_360_INORM,0.5361857,3.7186273e-11
1937,./node_1937_INORM,0.3625074,0.0000025
663,./node_663_INORM,0.5798914,1.5525881e-14
1,./node_1_INORM,0.4563260,1.724933e-10
1632,./node_1632_INORM,0.2267557,0.0020067
1331,./node_1331_INORM,0.3318892,0.0000045
966,./node_966_INORM,0.3587120,0.0000110
63,./node_63_INORM,0.3807543,0.0000002
547,./node_547_INORM,0.4431814,0.0000001
1015,./node_1015_INORM,0.4973020,4.0961211e-11
1516,./node_1516_INORM,0.4017929,0.0000001
898,./node_898_INORM,0.5860274,5.756557e-15
1731,./node_1731_INORM,0.2937508,0.0000749
865,./node_865_INORM,0.3853358,0.0000020
1232,./node_1232_INORM,0.3140802,0.0000509
1834,./node_1834_INORM,0.1377251,0.0406847
263,./node_263_INORM,0.4382472,7.008668e-09
760,./node_760_INORM,0.6114812,4.0649017e-16
1116,./node_1116_INORM,0.2846883,0.0002552
1415,./node_1415_INORM,0.5282054,1.8013508e-12
444,./node_444_INORM,0.5271540,3.4945007e-11
147,./node_147_INORM,0.5231844,1.4406069e-12
128,./node_128_INORM,0.3664834,0.0000007
1487,./node_1487_INORM,0.4665250,1.7133611e-09
1179,./node_1179_INORM,0.2779308,0.0001366
1184,./node_1184_INORM,0.3779764,0.0000154
2008,./node_2008_INORM,0.1617435,0.0167296
1613,./node_1613_INORM,0.3430216,0.0000056
947,./node_947_INORM,0.5727016,2.5501839e-14
1310,./node_1310_INORM,0.4670355,2.1951695e-08
42,./node_42_INORM,0.4009100,3.5746223e-08
1916,./node_1916_INORM,0.2160479,0.0014482
341,./node_341_INORM,0.4567082,2.6305442e-09
642,./node_642_INORM,0.5843735,4.0488362e-15
1034,./node_1034_INORM,0.5666501,1.6487047e-12
1537,./node_1537_INORM,0.4046657,0.0000085
566,./node_566_INORM,0.4146518,0.0000008
509,./node_509_INORM,0.4249419,1.5146109e-08
1558,./node_1558_INORM,0.4514388,1.6318988e-10
1979,./node_1979_INORM,0.1804021,0.0089652
1984,./node_1984_INORM,0.2758995,0.0002255
1382,./node_1382_INORM,0.5003909,1.0306418e-08
928,./node_928_INORM,0.5944888,5.052502e-14
1681,./node_1681_INORM,0.2062681,0.0042914
1158,./node_1158_INORM,0.2981315,0.0000459
109,./node_109_INORM,0.4047544,0.0000001
1281,./node_1281_INORM,0.4317968,0.0000002
1782,./node_1782_INORM,0.2704392,0.0001077
2029,./node_2029_INORM,0.2860379,0.0001052
1887,./node_1887_INORM,0.1555150,0.0258458
242,./node_242_INORM,0.4084849,0.0000001
1815,./node_1815_INORM,0.1441725,0.0319120
2046,./node_2046_INORM,0.3039787,0.0000509
741,./node_741_INORM,0.6015262,2.8355834e-15
1710,./node_1710_INORM,0.3022376,0.0000511
1213,./node_1213_INORM,0.3368751,0.0000008
844,./node_844_INORM,0.5915240,2.1079373e-15
465,./node_465_INORM,0.4859783,3.1738519e-11
166,./node_166_INORM,0.4019340,4.4829164e-08
498,./node_498_INORM,0.4399198,6.752778e-09
1137,./node_1137_INORM,0.2965255,0.0001511
1434,./node_1434_INORM,0.3257377,0.0000461
1154,./node_1154_INORM,0.2836178,0.0001063
1457,./node_1457_INORM,0.4402092,8.438062e-09
406,./node_406_INORM,0.5447641,2.1246772e-11
105,./node_105_INORM,0.5418181,5.333229e-13
1773,./node_1773_INORM,0.3371383,0.0000067
827,./node_827_INORM,0.3538128,0.0000090
1270,./node_1270_INORM,0.4143446,0.0000005
1876,./node_1876_INORM,0.1266372,0.0526891
221,./node_221_INORM,0.5467119,2.5527198e-13
722,./node_722_INORM,0.5441801,1.1485573e-12
2025,./node_2025_INORM,0.3193707,0.0000220
1819,./node_1819_INORM,0.1219223,0.0587020
848,./node_848_INORM,0.6000860,5.593278e-15
197,./node_197_INORM,0.4196446,1.2950304e-08
469,./node_469_INORM,0.5086469,1.0272637e-11
494,./node_494_INORM,0.5384147,4.0528111e-11
1438,./node_1438_INORM,0.4325927,4.8820391e-08
1038,./node_1038_INORM,0.5155023,8.5488185e-11
597,./node_597_INORM,0.4830570,8.4909815e-11
505,./node_505_INORM,0.5052674,1.5543259e-11
1057,./node_1057_INORM,0.5052566,8.3947335e-11
1554,./node_1554_INORM,0.3239264,0.0000090
322,./node_322_INORM,0.4188347,0.0000001
1975,./node_1975_INORM,0.1922496,0.0060387
621,./node_621_INORM,0.4959151,1.8804203e-11
1988,./node_1988_INORM,0.3083043,0.0000336
1670,./node_1670_INORM,0.4061857,0.0000002
21,./node_21_INORM,0.4208110,7.2714035e-09
1373,./node_1373_INORM,0.4863547,0.0000002
924,./node_924_INORM,0.5862624,2.0920248e-14
894,./node_894_INORM,0.5463140,3.6215948e-12
869,./node_869_INORM,0.5362871,5.279441e-12
791,./node_791_INORM,0.6137359,1.4200774e-15
1838,./node_1838_INORM,0.2573656,0.0003701
292,./node_292_INORM,0.5010217,4.8799235e-11
1419,./node_1419_INORM,0.4674817,0.0000001
448,./node_448_INORM,0.4917819,1.1042172e-10
427,./node_427_INORM,0.5296911,1.1305372e-10
124,./node_124_INORM,0.4601633,2.6478018e-09
1175,./node_1175_INORM,0.5111712,6.855581e-10
1476,./node_1476_INORM,0.3771917,0.0000005
1188,./node_1188_INORM,0.3493494,0.0000011
200,./node_200_INORM,0.5006963,3.1597964e-11
1857,./node_1857_INORM,0.2528028,0.0008202
703,./node_703_INORM,0.5669060,2.7533247e-14
2004,./node_2004_INORM,0.2266809,0.0018145
1752,./node_1752_INORM,0.1601162,0.0200857
1251,./node_1251_INORM,0.2945463,0.0000486
806,./node_806_INORM,0.5233922,6.2631385e-12
1588,./node_1588_INORM,0.2806808,0.0001018
1076,./node_1076_INORM,0.5333206,6.4991335e-11
1575,./node_1575_INORM,0.2593589,0.0004543
524,./node_524_INORM,0.3977842,0.0000022
1651,./node_1651_INORM,0.2080714,0.0040992
905,./node_905_INORM,0.3665683,0.0000051
1352,./node_1352_INORM,0.4968154,0.0000002
1954,./node_1954_INORM,0.2191712,0.0021334
303,./node_303_INORM,0.5231914,2.1102043e-12
600,./node_600_INORM,0.5577293,8.1654645e-13
692,./node_692_INORM,0.5716413,2.4048826e-14
391,./node_391_INORM,0.5475579,1.1055697e-11
997,./node_997_INORM,0.5569934,5.1086385e-12
92,./node_92_INORM,0.4973478,3.6713036e-11
1019,./node_1019_INORM,0.3970838,0.0000016
1795,./node_1795_INORM,0.1359086,0.0439616
1768,./node_1768_INORM,0.1570767,0.0219066
1296,./node_1296_INORM,0.5440643,7.9500965e-12
739,./node_739_INORM,0.5214621,6.146094e-12
1890,./node_1890_INORM,0.3075142,0.0000530
756,./node_756_INORM,0.4033545,0.0000005
255,./node_255_INORM,0.4237430,2.000789e-08
1802,./node_1802_INORM,0.3221309,0.0000014
1204,./node_1204_INORM,0.3482995,0.0000006
853,./node_853_INORM,0.5533080,1.550345e-12
1707,./node_1707_INORM,0.4114867,1.6995215e-08
171,./node_171_INORM,0.4049936,4.6007597e-08
472,./node_472_INORM,0.4463754,1.880125e-08
1423,./node_1423_INORM,0.3162533,0.0000168
1120,./node_1120_INORM,0.2757472,0.0002648
55,./node_55_INORM,0.4236727,1.431338e-08
950,./node_950_INORM,0.2631161,0.0005207
1307,./node_1307_INORM,0.3422479,0.0000056
1604,./node_1604_INORM,0.2431158,0.0007302
655,./node_655_INORM,0.4833110,9.255937e-11
1901,./node_1901_INORM,0.3032524,0.0000523
356,./node_356_INORM,0.3943972,0.0000014
1520,./node_1520_INORM,0.2995911,0.0000433
1023,./node_1023_INORM,0.5223517,6.4347475e-11
571,./node_571_INORM,0.4706026,3.7382352e-10
1993,./node_1993_INORM,0.1592606,0.0169214
339,./node_339_INORM,0.4253478,0.0000001
1696,./node_1696_INORM,0.2280591,0.0021731
1368,./node_1368_INORM,0.3724379,0.0000008
1395,./node_1395_INORM,0.3526205,0.0000010
872,./node_872_INORM,0.5387356,2.4854985e-12
1225,./node_1225_INORM,0.4188871,0.0000033
1726,./node_1726_INORM,0.4105824,2.8222644e-09
289,./node_289_INORM,0.4532508,3.9117859e-09
777,./node_777_INORM,0.5997217,1.8795288e-15
1823,./node_1823_INORM,0.1538482,0.0292511
274,./node_274_INORM,0.4442679,3.0213039e-09
1402,./node_1402_INORM,0.3275431,0.0000043
1101,./node_1101_INORM,0.5800481,4.160845e-14
150,./node_150_INORM,0.4855102,2.1354946e-10
453,./node_453_INORM,0.4140000,3.9106908e-08
1193,./node_1193_INORM,0.4988284,7.123855e-10
1490,./node_1490_INORM,0.4720394,7.933903e-10
718,./node_718_INORM,0.4950423,2.4130789e-10
1749,./node_1749_INORM,0.1590984,0.0209881
1090,./node_1090_INORM,0.5435870,2.328737e-12
1593,./node_1593_INORM,0.2775731,0.0002891
1349,./node_1349_INORM,0.4398427,7.0221435e-09
318,./node_318_INORM,0.3830118,0.0000007
674,./node_674_INORM,0.5118310,4.6559102e-11
377,./node_377_INORM,0.5525648,1.5002855e-11
689,./node_689_INORM,0.5067071,1.2926505e-11
1920,./node_1920_INORM,0.3090460,0.0000303
74,./node_74_INORM,0.5497115,1.7372042e-13
1326,./node_1326_INORM,0.5014879,3.6012817e-08
971,./node_971_INORM,0.5406185,2.0810733e-12
1625,./node_1625_INORM,0.2308391,0.0016362
89,./node_89_INORM,0.4438226,2.1454041e-09
550,./node_550_INORM,0.5014759,1.7155059e-11
1501,./node_1501_INORM,0.4904016,1.5689649e-10
1002,./node_1002_INORM,0.2332351,0.0016842
1562,./node_1562_INORM,0.2777647,0.0002067
1061,./node_1061_INORM,0.4916579,3.5752938e-10
533,./node_533_INORM,0.4333895,5.898689e-09
912,./node_912_INORM,0.5928282,1.302386e-15
1345,./node_1345_INORM,0.4766156,4.4849279e-10
17,./node_17_INORM,0.4502103,6.766005e-10
1646,./node_1646_INORM,0.3337211,0.0000087
617,./node_617_INORM,0.4914873,2.0850846e-11
1943,./node_1943_INORM,0.3113854,0.0000335
314,./node_314_INORM,0.4563878,3.0036513e-10
386,./node_386_INORM,0.4510588,2.8963287e-10
678,./node_678_INORM,0.5543709,1.2863142e-13
685,./node_685_INORM,0.4853078,1.024346e-10
78,./node_78_INORM,0.4746450,5.167871e-10
85,./node_85_INORM,0.5485502,4.2544479e-13
980,./node_980_INORM,0.5312851,3.3430294e-12
1629,./node_1629_INORM,0.3711774,0.0000001
1229,./node_1229_INORM,0.4715786,3.8974081e-10
883,./node_883_INORM,0.5127411,3.1516556e-12
285,./node_285_INORM,0.3967722,0.0000003
278,./node_278_INORM,0.4589293,2.6466604e-10
786,./node_786_INORM,0.6015771,2.7316941e-16
133,./node_133_INORM,0.5565877,1.2435105e-13
430,./node_430_INORM,0.4516210,2.7622367e-09
1461,./node_1461_INORM,0.3509379,0.0000027
1162,./node_1162_INORM,0.3213927,0.0000727
714,./node_714_INORM,0.5521158,2.3074549e-13
2013,./node_2013_INORM,0.3271240,0.0000196
217,./node_217_INORM,0.4168359,4.2283557e-08
1840,./node_1840_INORM,0.1228012,0.0595313
1246,./node_1246_INORM,0.4880822,2.4705672e-08
811,./node_811_INORM,0.5204608,8.700724e-12
1745,./node_1745_INORM,0.1578357,0.0215286
59,./node_59_INORM,0.4309782,5.258647e-09
1608,./node_1608_INORM,0.2394920,0.0008705
659,./node_659_INORM,0.4612113,9.8313165e-09
580,./node_580_INORM,0.5688917,2.7963489e-13
512,./node_512_INORM,0.4448929,2.254789e-09
1543,./node_1543_INORM,0.3956372,0.0000004
1040,./node_1040_INORM,0.5576258,7.232793e-12
636,./node_636_INORM,0.4615855,6.048647e-11
335,./node_335_INORM,0.4265317,3.0199686e-08
1962,./node_1962_INORM,0.3080858,0.0000651
1364,./node_1364_INORM,0.5285764,3.8427056e-12
933,./node_933_INORM,0.5292157,3.7116081e-12
36,./node_36_INORM,0.5063520,7.0591335e-12
1667,./node_1667_INORM,0.1938131,0.0062660
1399,./node_1399_INORM,0.3781418,0.0000021
1440,./node_1440_INORM,0.4675475,0.0000004
1143,./node_1143_INORM,0.4983483,6.263882e-11
112,./node_112_INORM,0.3738908,0.0000003
411,./node_411_INORM,0.4826426,5.598028e-10
830,./node_830_INORM,0.4178019,0.0000002
1799,./node_1799_INORM,0.3123042,0.0000297
1267,./node_1267_INORM,0.4090975,0.0000016
1764,./node_1764_INORM,0.3580878,0.0000045
735,./node_735_INORM,0.5419981,1.3219572e-12
2032,./node_2032_INORM,0.3052060,0.0000448
1861,./node_1861_INORM,0.3555158,0.0000026
236,./node_236_INORM,0.3694846,0.0000008
259,./node_259_INORM,0.4358102,7.3982785e-09
1208,./node_1208_INORM,0.5271250,1.4684342e-11
483,./node_483_INORM,0.4774758,1.8873609e-10
180,./node_180_INORM,0.4079458,0.0000001
146,./node_146_INORM,0.4887595,6.0346225e-11
445,./node_445_INORM,0.4414348,6.5782895e-09
1414,./node_1414_INORM,0.3804277,0.0000267
1117,./node_1117_INORM,0.2477380,0.0008490
761,./node_761_INORM,0.5485954,3.3932117e-13
262,./node_262_INORM,0.5144694,9.070995e-12
1835,./node_1835_INORM,0.2858625,0.0001410
1233,./node_1233_INORM,0.3639620,0.0000002
864,./node_864_INORM,0.3578813,0.0000074
1730,./node_1730_INORM,0.1616041,0.0194628
899,./node_899_INORM,0.5449458,3.0633723e-12
2009,./node_2009_INORM,0.3111001,0.0000588
1185,./node_1185_INORM,0.3267440,0.0000022
1178,./node_1178_INORM,0.4561215,0.0000003
1486,./node_1486_INORM,0.3368257,0.0000064
129,./node_129_INORM,0.5563563,1.6412951e-13
1959,./node_1959_INORM,0.3453342,0.0000057
908,./node_908_INORM,0.5865879,5.7643505e-14
529,./node_529_INORM,0.4113635,0.0000011
1086,./node_1086_INORM,0.2968541,0.0002356
1578,./node_1578_INORM,0.4673143,3.6359085e-11
1585,./node_1585_INORM,0.2271195,0.0015738
1517,./node_1517_INORM,0.3331577,0.0000040
1014,./node_1014_INORM,0.5404417,1.7230938e-11
546,./node_546_INORM,0.5559941,2.8522939e-12
967,./node_967_INORM,0.5652865,5.7247445e-13
1330,./node_1330_INORM,0.5129306,3.991508e-08
62,./node_62_INORM,0.5321162,1.1727254e-12
1633,./node_1633_INORM,0.3607653,0.0000025
662,./node_662_INORM,0.4725678,3.9649629e-09
1936,./node_1936_INORM,0.2012286,0.0032071
361,./node_361_INORM,0.4855647,2.5254794e-11
1886,./node_1886_INORM,0.1961289,0.0075071
2028,./node_2028_INORM,0.2317966,0.0012853
1783,./node_1783_INORM,0.3725474,0.0000011
1280,./node_1280_INORM,0.3583829,0.0000010
108,./node_108_INORM,0.4092443,0.0000001
1159,./node_1159_INORM,0.5355864,2.717902e-12
1435,./node_1435_INORM,0.2436021,0.0011560
1136,./node_1136_INORM,0.2969719,0.0001225
499,./node_499_INORM,0.5245392,1.8109053e-11
167,./node_167_INORM,0.5468211,4.9100952e-13
464,./node_464_INORM,0.4654631,9.473968e-11
845,./node_845_INORM,0.6026743,5.660881e-15
1212,./node_1212_INORM,0.4576582,4.4338743e-08
1711,./node_1711_INORM,0.3441537,0.0000002
740,./node_740_INORM,0.5509800,1.5188111e-13
2047,./node_2047_INORM,0.2987370,0.0000611
1814,./node_1814_INORM,0.1458518,0.0302398
243,./node_243_INORM,0.4514661,1.0388795e-09
567,./node_567_INORM,0.4100986,0.0000010
1536,./node_1536_INORM,0.3215939,0.0000710
1035,./node_1035_INORM,0.4844999,4.9919947e-10
643,./node_643_INORM,0.5029189,5.685009e-11
340,./node_340_INORM,0.3800599,0.0000012
1917,./node_1917_INORM,0.2292675,0.0006936
1311,./node_1311_INORM,0.4888006,2.2797671e-09
946,./node_946_INORM,0.5006327,5.364229e-11
43,./node_43_INORM,0.3866119,0.0000001
1612,./node_1612_INORM,0.4210299,0.0000002
1680,./node_1680_INORM,0.3276415,0.0000120
929,./node_929_INORM,0.5205669,1.3141806e-10
1383,./node_1383_INORM,0.5048851,0.0000001
1985,./node_1985_INORM,0.3210181,0.0000386
1978,./node_1978_INORM,0.1556167,0.0189172
1559,./node_1559_INORM,0.4158737,0.0000002
508,./node_508_INORM,0.5200669,4.1759025e-12
596,./node_596_INORM,0.5396271,4.4559022e-13
1039,./node_1039_INORM,0.2109729,0.0030876
20,./node_20_INORM,0.4766560,7.1847875e-11
925,./node_925_INORM,0.5562902,2.2161645e-12
1372,./node_1372_INORM,0.4570045,0.0000004
1671,./node_1671_INORM,0.4207710,7.357142e-10
1989,./node_1989_INORM,0.2975211,0.0001619
620,./node_620_INORM,0.5134716,5.4003375e-12
1974,./node_1974_INORM,0.3118166,0.0000372
323,./node_323_INORM,0.4346782,1.8476227e-08
1555,./node_1555_INORM,0.3536042,0.0000032
1056,./node_1056_INORM,0.4953561,2.337046e-10
504,./node_504_INORM,0.4049740,0.0000013
2024,./node_2024_INORM,0.1648508,0.0150450
723,./node_723_INORM,0.5815156,9.817959e-15
220,./node_220_INORM,0.4377806,1.2844317e-08
1877,./node_1877_INORM,0.1556756,0.0243801
1271,./node_1271_INORM,0.3343777,0.0000014
826,./node_826_INORM,0.3885098,0.0000014
1772,./node_1772_INORM,0.2612994,0.0006833
104,./node_104_INORM,0.3737584,0.0000006
407,./node_407_INORM,0.5414137,5.2155165e-11
1456,./node_1456_INORM,0.3261354,0.0000072
1155,./node_1155_INORM,0.5003864,1.2902956e-09
1439,./node_1439_INORM,0.4970719,9.9614605e-12
495,./node_495_INORM,0.5561747,6.2627865e-12
468,./node_468_INORM,0.4060591,0.0000001
196,./node_196_INORM,0.4123743,1.7789681e-08
849,./node_849_INORM,0.5776562,2.8382934e-13
1818,./node_1818_INORM,0.3420393,0.0000006
601,./node_601_INORM,0.5589541,2.7964116e-13
302,./node_302_INORM,0.4602247,6.336335e-10
1955,./node_1955_INORM,0.3209473,0.0000116
1353,./node_1353_INORM,0.4420384,0.0000002
904,./node_904_INORM,0.6152293,1.305189e-15
1650,./node_1650_INORM,0.3739066,0.0000012
525,./node_525_INORM,0.5538185,3.6476395e-12
1574,./node_1574_INORM,0.4435259,1.4627575e-09
1077,./node_1077_INORM,0.2433230,0.0013701
1589,./node_1589_INORM,0.3606267,0.0000022
1018,./node_1018_INORM,0.2422275,0.0012702
996,./node_996_INORM,0.5310880,1.7242787e-12
93,./node_93_INORM,0.3802067,0.0000001
390,./node_390_INORM,0.5339745,4.2997357e-11
693,./node_693_INORM,0.5749843,3.1933529e-14
449,./node_449_INORM,0.4049460,0.0000001
1418,./node_1418_INORM,0.4483826,2.7199163e-08
293,./node_293_INORM,0.4540547,3.9245367e-10
1839,./node_1839_INORM,0.2504774,0.0001666
790,./node_790_INORM,0.5350886,2.4627925e-12
868,./node_868_INORM,0.5897724,1.6457196e-13
895,./node_895_INORM,0.5231808,1.1403907e-11
807,./node_807_INORM,0.5109058,1.9720151e-10
1250,./node_1250_INORM,0.4926460,2.2391022e-09
1753,./node_1753_INORM,0.3678599,0.0000008
2005,./node_2005_INORM,0.3160673,0.0000259
702,./node_702_INORM,0.4839819,1.9379549e-11
1856,./node_1856_INORM,0.1615363,0.0191378
201,./node_201_INORM,0.4782805,6.091957e-10
1189,./node_1189_INORM,0.3159575,0.0000366
1477,./node_1477_INORM,0.2547248,0.0003880
1174,./node_1174_INORM,0.2688857,0.0001045
125,./node_125_INORM,0.4786889,1.4842087e-10
426,./node_426_INORM,0.4362185,0.0000002
374,./node_374_INORM,0.4282724,3.6135835e-08
1923,./node_1923_INORM,0.2075783,0.0027971
389,./node_389_INORM,0.4785578,7.290064e-10
677,./node_677_INORM,0.4732699,2.7090427e-09
1626,./node_1626_INORM,0.3920763,0.0000006
1325,./node_1325_INORM,0.4025329,0.0000007
972,./node_972_INORM,0.5088277,4.6521686e-11
77,./node_77_INORM,0.4189615,1.5208936e-08
553,./node_553_INORM,0.4916263,1.8775823e-11
1001,./node_1001_INORM,0.5533044,2.4286816e-13
1502,./node_1502_INORM,0.3790218,0.0000007
1590,./node_1590_INORM,0.2156234,0.0039873
1093,./node_1093_INORM,0.3576863,0.0000196
1649,./node_1649_INORM,0.2329297,0.0015957
18,./node_18_INORM,0.4640116,3.0537472e-10
618,./node_618_INORM,0.5509359,7.0204105e-13
1493,./node_1493_INORM,0.3593186,0.0000383
1190,./node_1190_INORM,0.5148750,4.089484e-10
218,./node_218_INORM,0.3988716,0.0000001
1249,./node_1249_INORM,0.3184073,0.0000241
1725,./node_1725_INORM,0.1586113,0.0211186
871,./node_871_INORM,0.5214665,1.7729008e-12
1226,./node_1226_INORM,0.5139244,0.0000001
1820,./node_1820_INORM,0.1730572,0.0163803
277,./node_277_INORM,0.3459105,0.0000044
789,./node_789_INORM,0.5422813,1.3551499e-12
774,./node_774_INORM,0.5447324,6.532304e-13
1102,./node_1102_INORM,0.4855260,1.533841e-08
1401,./node_1401_INORM,0.3775521,0.0000001
450,./node_450_INORM,0.5074681,2.4742832e-10
153,./node_153_INORM,0.4721693,2.4350527e-10
1990,./node_1990_INORM,0.2746428,0.0004739
639,./node_639_INORM,0.5824398,2.257794e-14
1668,./node_1668_INORM,0.3384336,0.0000059
1396,./node_1396_INORM,0.4810550,0.0000003
1695,./node_1695_INORM,0.1907131,0.0075766
39,./node_39_INORM,0.4937765,3.9352307e-11
1607,./node_1607_INORM,0.3086083,0.0000565
953,./node_953_INORM,0.5282169,1.0715634e-12
1304,./node_1304_INORM,0.3135672,0.0000110
56,./node_56_INORM,0.5120936,3.2317601e-12
1902,./node_1902_INORM,0.2336433,0.0009009
355,./node_355_INORM,0.4513556,4.4619292e-09
656,./node_656_INORM,0.5337941,1.0513041e-12
1020,./node_1020_INORM,0.4863663,4.4600111e-09
1523,./node_1523_INORM,0.4050780,0.0000003
572,./node_572_INORM,0.4397755,0.0000002
256,./node_256_INORM,0.5104626,1.0104735e-11
1801,./node_1801_INORM,0.1432568,0.0332345
755,./node_755_INORM,0.5701977,5.744676e-14
1704,./node_1704_INORM,0.3921030,0.0000004
1207,./node_1207_INORM,0.5037342,7.802714e-09
850,./node_850_INORM,0.5529992,2.5168201e-13
471,./node_471_INORM,0.4126796,3.4047248e-08
172,./node_172_INORM,0.4985362,1.6995794e-11
1123,./node_1123_INORM,0.2765429,0.0001821
1420,./node_1420_INORM,0.2835105,0.0000902
1295,./node_1295_INORM,0.3380250,0.0000019
1796,./node_1796_INORM,0.3906781,0.0000002
1268,./node_1268_INORM,0.3317152,0.0000179
239,./node_239_INORM,0.4722820,1.0457832e-10
1893,./node_1893_INORM,0.1401653,0.0381601
759,./node_759_INORM,0.4155300,0.0000002
1708,./node_1708_INORM,0.3968848,0.0000002
183,./node_183_INORM,0.4117739,1.6544222e-08
480,./node_480_INORM,0.5408572,2.2256864e-11
1140,./node_1140_INORM,0.2786040,0.0001868
1443,./node_1443_INORM,0.4791610,0.0000001
412,./node_412_INORM,0.4651879,1.1892922e-09
111,./node_111_INORM,0.5513280,2.3939421e-13
1767,./node_1767_INORM,0.1634974,0.0175084
1299,./node_1299_INORM,0.4701696,1.3171917e-08
833,./node_833_INORM,0.3852374,0.0000014
1264,./node_1264_INORM,0.4087333,0.0000009
1862,./node_1862_INORM,0.1524396,0.0253595
235,./node_235_INORM,0.5669236,7.5347005e-14
736,./node_736_INORM,0.5196839,1.0584826e-11
2031,./node_2031_INORM,0.2545079,0.0005523
511,./node_511_INORM,0.4448025,0.0000001
1043,./node_1043_INORM,0.2158272,0.0029063
1540,./node_1540_INORM,0.2300908,0.0021284
336,./node_336_INORM,0.5127550,1.0821522e-11
1961,./node_1961_INORM,0.1722416,0.0104913
635,./node_635_INORM,0.4928635,4.357432e-11
1664,./node_1664_INORM,0.1987952,0.0071579
35,./node_35_INORM,0.5117915,6.6125115e-12
1699,./node_1699_INORM,0.3939481,0.0000002
1367,./node_1367_INORM,0.3141078,0.0000147
930,./node_930_INORM,0.5889197,8.2089645e-14
1308,./node_1308_INORM,0.4006509,0.0000011
359,./node_359_INORM,0.3798581,0.0000016
583,./node_583_INORM,0.5479632,3.9871799e-13
433,./node_433_INORM,0.4312156,0.0000001
130,./node_130_INORM,0.3880593,0.0000001
1161,./node_1161_INORM,0.4713110,1.3316709e-08
1462,./node_1462_INORM,0.3495761,0.0000047
214,./node_214_INORM,0.4656666,3.1556524e-09
1843,./node_1843_INORM,0.2570023,0.0003649
717,./node_717_INORM,0.6003354,1.2906444e-15
2010,./node_2010_INORM,0.2754476,0.0002377
1746,./node_1746_INORM,0.1685278,0.0149812
1245,./node_1245_INORM,0.4929532,0.0000002
812,./node_812_INORM,0.6154672,1.0274399e-15
1729,./node_1729_INORM,0.1680391,0.0161267
880,./node_880_INORM,0.5941165,1.0297536e-14
785,./node_785_INORM,0.5727023,2.5158126e-14
286,./node_286_INORM,0.5242712,4.5431886e-11
778,./node_778_INORM,0.5551970,1.4161076e-13
378,./node_378_INORM,0.5361949,1.5483882e-11
686,./node_686_INORM,0.4446687,4.9078844e-08
385,./node_385_INORM,0.5587159,1.2826048e-11
983,./node_983_INORM,0.2211793,0.0023708
86,./node_86_INORM,0.3708970,0.0000004
1329,./node_1329_INORM,0.3165803,0.0000130
1062,./node_1062_INORM,0.2916430,0.0002507
1561,./node_1561_INORM,0.3781811,0.0000007
530,./node_530_INORM,0.5051911,1.7618835e-11
1645,./node_1645_INORM,0.3847453,0.0000003
14,./node_14_INORM,0.4876570,2.1484746e-11
911,./node_911_INORM,0.5314674,3.0678202e-12
1346,./node_1346_INORM,0.4778406,2.267679e-08
1940,./node_1940_INORM,0.2364931,0.0021395
317,./node_317_INORM,0.4580674,4.5084707e-10
614,./node_614_INORM,0.4914077,4.4980947e-11
1380,./node_1380_INORM,0.3815082,0.0000018
1683,./node_1683_INORM,0.3768903,0.0000004
1986,./node_1986_INORM,0.3429416,0.0000105
1059,./node_1059_INORM,0.2225848,0.0023082
564,./node_564_INORM,0.4615656,1.1010672e-09
599,./node_599_INORM,0.5763190,7.1510155e-14
1036,./node_1036_INORM,0.3573545,0.0000190
1535,./node_1535_INORM,0.3869861,0.0000003
343,./node_343_INORM,0.4061849,0.0000002
1914,./node_1914_INORM,0.2305812,0.0013624
640,./node_640_INORM,0.4816299,6.802098e-11
1611,./node_1611_INORM,0.4210444,3.4444077e-09
40,./node_40_INORM,0.4708978,2.7641326e-10
1312,./node_1312_INORM,0.5032596,1.012294e-10
945,./node_945_INORM,0.5219371,2.1188396e-11
1135,./node_1135_INORM,0.2968551,0.0000674
1436,./node_1436_INORM,0.3712943,0.0000007
467,./node_467_INORM,0.5553890,2.9324422e-12
199,./node_199_INORM,0.3962426,0.0000002
164,./node_164_INORM,0.4093520,0.0000001
1712,./node_1712_INORM,0.3778321,0.0000015
846,./node_846_INORM,0.3891122,0.0000012
1211,./node_1211_INORM,0.4854267,1.4228906e-09
1817,./node_1817_INORM,0.1506047,0.0264633
240,./node_240_INORM,0.4297752,6.7624955e-09
743,./node_743_INORM,0.4883647,5.6645975e-11
2044,./node_2044_INORM,0.2676250,0.0002374
1878,./node_1878_INORM,0.1364846,0.0418274
1885,./node_1885_INORM,0.1612175,0.0196692
1283,./node_1283_INORM,0.4093982,0.0000001
829,./node_829_INORM,0.5639700,6.6186015e-14
1780,./node_1780_INORM,0.1583749,0.0204403
408,./node_408_INORM,0.4290139,0.0000001
1459,./node_1459_INORM,0.4754428,0.0000002
1017,./node_1017_INORM,0.5171311,9.834335e-11
1514,./node_1514_INORM,0.4071866,0.0000001
545,./node_545_INORM,0.4617420,3.7010228e-10
999,./node_999_INORM,0.5503995,5.8718555e-13
1630,./node_1630_INORM,0.3542847,0.0000022
61,./node_61_INORM,0.3775080,0.0000002
964,./node_964_INORM,0.5493429,5.6857855e-12
1333,./node_1333_INORM,0.3203715,0.0000083
1935,./node_1935_INORM,0.2209375,0.0034837
362,./node_362_INORM,0.5281642,4.9018854e-11
3,./node_3_INORM,0.4572517,2.2730696e-10
661,./node_661_INORM,0.4797789,3.5922419e-11
1078,./node_1078_INORM,0.2219602,0.0021553
1586,./node_1586_INORM,0.2816390,0.0000968
1085,./node_1085_INORM,0.2358648,0.0014705
808,./node_808_INORM,0.6163139,5.7484515e-17
1859,./node_1859_INORM,0.3571992,0.0000016
1485,./node_1485_INORM,0.4529382,0.0000013
1186,./node_1186_INORM,0.5127423,2.0354073e-08
1478,./node_1478_INORM,0.4684457,0.0000001
429,./node_429_INORM,0.4507767,3.4245489e-10
446,./node_446_INORM,0.4469690,3.7471731e-09
145,./node_145_INORM,0.5547459,3.3075677e-13
1114,./node_1114_INORM,0.2659938,0.0003327
1417,./node_1417_INORM,0.3739313,0.0000002
261,./node_261_INORM,0.4545294,1.9161854e-08
1836,./node_1836_INORM,0.1182750,0.0646613
762,./node_762_INORM,0.5744404,2.2585863e-14
1733,./node_1733_INORM,0.1696731,0.0143690
1230,./node_1230_INORM,0.5116875,9.1876335e-10
867,./node_867_INORM,0.5887998,3.4519122e-14
1750,./node_1750_INORM,0.2778296,0.0003048
804,./node_804_INORM,0.5039824,8.060912e-12
1253,./node_1253_INORM,0.2849845,0.0005158
1855,./node_1855_INORM,0.1258668,0.0547185
202,./node_202_INORM,0.4905871,3.1269865e-11
2006,./node_2006_INORM,0.3166324,0.0000247
701,./node_701_INORM,0.4890298,3.9134593e-11
1177,./node_1177_INORM,0.2752798,0.0001616
1489,./node_1489_INORM,0.4794324,2.4452344e-11
1474,./node_1474_INORM,0.2750726,0.0001346
425,./node_425_INORM,0.5310607,2.6183008e-11
126,./node_126_INORM,0.4317723,4.7329754e-09
149,./node_149_INORM,0.5438400,3.9453014e-13
1118,./node_1118_INORM,0.2700487,0.0003945
793,./node_793_INORM,0.5900943,5.115987e-15
290,./node_290_INORM,0.5545950,2.0067885e-12
896,./node_896_INORM,0.5865123,7.6324855e-14
1518,./node_1518_INORM,0.2885436,0.0001248
549,./node_549_INORM,0.5212516,1.0963552e-11
90,./node_90_INORM,0.3878426,0.0000001
995,./node_995_INORM,0.5703129,3.473017e-11
968,./node_968_INORM,0.5079302,6.8792595e-11
690,./node_690_INORM,0.5392138,1.0916612e-12
1939,./node_1939_INORM,0.3559135,0.0000031
393,./node_393_INORM,0.3863536,0.0000028
301,./node_301_INORM,0.4432371,8.5730955e-09
1956,./node_1956_INORM,0.2039036,0.0034435
602,./node_602_INORM,0.5432894,1.8960486e-12
1653,./node_1653_INORM,0.4141786,1.8867115e-09
1350,./node_1350_INORM,0.5059669,2.317161e-10
907,./node_907_INORM,0.5844011,4.635825e-14
526,./node_526_INORM,0.4014107,0.0000017
1074,./node_1074_INORM,0.4422218,2.4810055e-09
1089,./node_1089_INORM,0.2339648,0.0014135
1577,./node_1577_INORM,0.2120541,0.0044687
1139,./node_1139_INORM,0.5105021,5.211974e-10
195,./node_195_INORM,0.4057243,0.0000001
496,./node_496_INORM,0.4414311,0.0000001
168,./node_168_INORM,0.4059530,0.0000001
2048,./node_2048_INORM,0.2734971,0.0001892
223,./node_223_INORM,0.4240408,8.698909e-09
1874,./node_1874_INORM,0.3633667,0.0000024
2027,./node_2027_INORM,0.2058840,0.0035936
720,./node_720_INORM,0.5977640,7.5503035e-16
1889,./node_1889_INORM,0.3030504,0.0000414
1771,./node_1771_INORM,0.3663871,0.0000001
1272,./node_1272_INORM,0.3688189,0.0000001
825,./node_825_INORM,0.6013120,3.2528016e-15
404,./node_404_INORM,0.5404823,1.2012963e-11
107,./node_107_INORM,0.4094835,1.9644883e-08
1156,./node_1156_INORM,0.4975810,2.6515328e-09
1455,./node_1455_INORM,0.3991788,0.0000001
1672,./node_1672_INORM,0.1965109,0.0061639
926,./node_926_INORM,0.5595051,3.4243635e-13
1371,./node_1371_INORM,0.2772193,0.0007460
23,./node_23_INORM,0.4880470,3.0233654e-11
1977,./node_1977_INORM,0.3124444,0.0000347
320,./node_320_INORM,0.4569115,3.0251019e-09
623,./node_623_INORM,0.4850481,2.6846359e-11
1055,./node_1055_INORM,0.2282643,0.0021276
1556,./node_1556_INORM,0.2343079,0.0010727
507,./node_507_INORM,0.4767229,1.3273335e-10
568,./node_568_INORM,0.4613735,9.164645e-10
595,./node_595_INORM,0.4655607,3.6557283e-10
1539,./node_1539_INORM,0.2513579,0.0004669
1918,./node_1918_INORM,0.2787394,0.0000566
949,./node_949_INORM,0.4823391,3.5553929e-09
1248,./node_1248_INORM,0.3817341,0.0000032
219,./node_219_INORM,0.4231402,1.7868081e-08
1191,./node_1191_INORM,0.5808071,7.241592e-14
1492,./node_1492_INORM,0.3137376,0.0000115
152,./node_152_INORM,0.4009126,0.0000001
451,./node_451_INORM,0.4253058,0.0000002
1400,./node_1400_INORM,0.4074471,0.0000001
1103,./node_1103_INORM,0.2524380,0.0007667
775,./node_775_INORM,0.5783961,1.1267761e-14
788,./node_788_INORM,0.5623829,3.2427093e-13
276,./node_276_INORM,0.3501870,0.0000032
1821,./node_1821_INORM,0.1326829,0.0459298
1227,./node_1227_INORM,0.3613072,0.0000003
870,./node_870_INORM,0.5869960,1.8088997e-15
1724,./node_1724_INORM,0.2808236,0.0003701
1503,./node_1503_INORM,0.3688633,0.0000021
1000,./node_1000_INORM,0.5437629,3.916587e-13
552,./node_552_INORM,0.5275843,1.6421729e-11
973,./node_973_INORM,0.5416618,8.9273245e-12
1324,./node_1324_INORM,0.4238364,0.0000001
76,./node_76_INORM,0.5223831,3.992633e-12
1627,./node_1627_INORM,0.4032877,0.0000001
676,./node_676_INORM,0.5908039,2.8698147e-15
388,./node_388_INORM,0.4035051,0.0000004
1922,./node_1922_INORM,0.3068231,0.0000338
375,./node_375_INORM,0.4454797,4.4538886e-10
619,./node_619_INORM,0.4358519,0.0000001
19,./node_19_INORM,0.4251975,4.5123228e-09
1648,./node_1648_INORM,0.2870250,0.0001756
1092,./node_1092_INORM,0.2658775,0.0006071
1591,./node_1591_INORM,0.3724062,0.0000009
1421,./node_1421_INORM,0.4880772,3.9076202e-09
1122,./node_1122_INORM,0.2378498,0.0018961
173,./node_173_INORM,0.5667071,9.175971e-14
470,./node_470_INORM,0.4645976,1.7969867e-10
851,./node_851_INORM,0.5745272,3.3600826e-14
1206,./node_1206_INORM,0.2897850,0.0003836
1705,./node_1705_INORM,0.2950812,0.0000795
754,./node_754_INORM,0.5308314,3.8044466e-12
1800,./node_1800_INORM,0.1488867,0.0289440
257,./node_257_INORM,0.5122078,6.5153605e-12
1892,./node_1892_INORM,0.3337588,0.0000084
238,./node_238_INORM,0.3933842,0.0000004
1269,./node_1269_INORM,0.5061431,1.0811505e-09
1797,./node_1797_INORM,0.3089866,0.0000593
1294,./node_1294_INORM,0.4627459,3.2629576e-09
1694,./node_1694_INORM,0.1840958,0.0085787
38,./node_38_INORM,0.5176833,3.921311e-12
1397,./node_1397_INORM,0.3922442,0.0000004
1669,./node_1669_INORM,0.2823008,0.0001770
638,./node_638_INORM,0.4624102,5.8856895e-11
1991,./node_1991_INORM,0.2409787,0.0010486
573,./node_573_INORM,0.5798152,1.3679691e-13
1522,./node_1522_INORM,0.3332365,0.0000046
1021,./node_1021_INORM,0.5400250,4.5854274e-12
657,./node_657_INORM,0.5862933,8.151455e-15
354,./node_354_INORM,0.4556751,2.6066774e-10
1903,./node_1903_INORM,0.1927396,0.0072131
1305,./node_1305_INORM,0.4721998,1.4775849e-08
952,./node_952_INORM,0.5404598,4.6564277e-12
57,./node_57_INORM,0.3848847,0.0000001
1606,./node_1606_INORM,0.2366775,0.0011066
34,./node_34_INORM,0.4311151,4.567767e-09
931,./node_931_INORM,0.3079567,0.0000911
1366,./node_1366_INORM,0.4259679,0.0000003
1698,./node_1698_INORM,0.2890421,0.0001538
1665,./node_1665_INORM,0.3325237,0.0000108
634,./node_634_INORM,0.4814366,5.013419e-10
1960,./node_1960_INORM,0.1950121,0.0046139
337,./node_337_INORM,0.4528497,7.2933465e-09
1541,./node_1541_INORM,0.3160714,0.0000116
1042,./node_1042_INORM,0.2563598,0.0008998
510,./node_510_INORM,0.4914305,2.1971671e-11
582,./node_582_INORM,0.5191222,1.6020985e-12
358,./node_358_INORM,0.5149094,7.235977e-11
1309,./node_1309_INORM,0.4893536,2.5150298e-08
481,./node_481_INORM,0.3984496,0.0000019
182,./node_182_INORM,0.4083702,0.0000001
1709,./node_1709_INORM,0.3236556,0.0000165
758,./node_758_INORM,0.5850769,5.4814685e-15
2030,./node_2030_INORM,0.3146123,0.0000253
737,./node_737_INORM,0.5162634,8.4576515e-11
234,./node_234_INORM,0.5003598,1.222937e-11
1863,./node_1863_INORM,0.2801686,0.0000250
1265,./node_1265_INORM,0.4335093,0.0000002
832,./node_832_INORM,0.5930190,1.0814086e-15
1298,./node_1298_INORM,0.3998440,0.0000012
1766,./node_1766_INORM,0.1782704,0.0135092
110,./node_110_INORM,0.4073959,3.0627453e-08
413,./node_413_INORM,0.5213587,2.7828576e-11
1442,./node_1442_INORM,0.3844392,0.0000015
1141,./node_1141_INORM,0.4517027,3.2955533e-08
1328,./node_1328_INORM,0.4202535,4.3953821e-08
982,./node_982_INORM,0.5524886,4.0243125e-12
87,./node_87_INORM,0.5493845,2.7530106e-13
384,./node_384_INORM,0.4226839,0.0000001
687,./node_687_INORM,0.4632862,2.6428159e-08
379,./node_379_INORM,0.3756907,0.0000039
615,./node_615_INORM,0.4699411,2.1968613e-10
316,./node_316_INORM,0.4445258,4.5037362e-08
1941,./node_1941_INORM,0.2157163,0.0022359
15,./node_15_INORM,0.4377026,1.4513972e-09
1347,./node_1347_INORM,0.3621370,0.0000022
910,./node_910_INORM,0.5865870,2.1199037e-15
1644,./node_1644_INORM,0.4157787,0.0000001
531,./node_531_INORM,0.5576932,5.688886e-12
1560,./node_1560_INORM,0.4086229,0.0000002
1063,./node_1063_INORM,0.4763742,1.1199213e-09
813,./node_813_INORM,0.5539095,5.57998e-13
1244,./node_1244_INORM,0.5653069,1.5022488e-12
1747,./node_1747_INORM,0.2965827,0.0000110
2011,./node_2011_INORM,0.2799801,0.0001912
716,./node_716_INORM,0.5442682,1.4010426e-12
1842,./node_1842_INORM,0.2762895,0.0000274
215,./node_215_INORM,0.4491121,1.6017867e-09
1463,./node_1463_INORM,0.4255109,0.0000001
1160,./node_1160_INORM,0.3091087,0.0000120
131,./node_131_INORM,0.4069782,0.0000001
432,./node_432_INORM,0.3873364,0.0000031
779,./node_779_INORM,0.6057629,2.418958e-15
287,./node_287_INORM,0.4069032,0.0000002
784,./node_784_INORM,0.4838856,6.630166e-10
881,./node_881_INORM,0.5552920,1.3773439e-12
1728,./node_1728_INORM,0.3900910,7.5547535e-09
2045,./node_2045_INORM,0.2738969,0.0002107
742,./node_742_INORM,0.6033184,8.081395e-16
241,./node_241_INORM,0.5073576,1.2980708e-11
1816,./node_1816_INORM,0.1437986,0.0321763
1210,./node_1210_INORM,0.4406329,0.0000001
847,./node_847_INORM,0.5633538,1.2053424e-13
1713,./node_1713_INORM,0.1814683,0.0130472
165,./node_165_INORM,0.4023659,0.0000002
198,./node_198_INORM,0.4587847,7.296215e-10
466,./node_466_INORM,0.4463876,4.9655134e-09
1437,./node_1437_INORM,0.2578302,0.0005774
1134,./node_1134_INORM,0.2857351,0.0001730
1458,./node_1458_INORM,0.4206658,3.1150897e-08
409,./node_409_INORM,0.4919333,4.5301303e-10
1781,./node_1781_INORM,0.1542455,0.0237999
828,./node_828_INORM,0.5272173,1.7644857e-12
1282,./node_1282_INORM,0.5723521,3.7902317e-13
1884,./node_1884_INORM,0.1541832,0.0266192
1879,./node_1879_INORM,0.1459558,0.0321083
1058,./node_1058_INORM,0.4810738,1.6237296e-08
1987,./node_1987_INORM,0.3246978,0.0000175
1682,./node_1682_INORM,0.2454247,0.0012223
1381,./node_1381_INORM,0.3491414,0.0000017
41,./node_41_INORM,0.4084846,1.4782064e-08
944,./node_944_INORM,0.5112401,4.1091404e-11
1313,./node_1313_INORM,0.4831538,1.1931354e-08
1610,./node_1610_INORM,0.3063577,0.0001487
641,./node_641_INORM,0.5788503,3.5497286e-14
1915,./node_1915_INORM,0.1825756,0.0119489
342,./node_342_INORM,0.4000817,0.0000003
1534,./node_1534_INORM,0.2807059,0.0001061
1037,./node_1037_INORM,0.5414517,1.2248098e-11
598,./node_598_INORM,0.4877484,7.2729075e-11
565,./node_565_INORM,0.5107915,5.0009265e-11
428,./node_428_INORM,0.4440049,1.0553727e-08
1479,./node_1479_INORM,0.4616022,1.0333919e-08
1187,./node_1187_INORM,0.4308990,0.0000001
1484,./node_1484_INORM,0.3679140,0.0000009
1858,./node_1858_INORM,0.2387826,0.0008450
809,./node_809_INORM,0.5944699,1.2973408e-15
866,./node_866_INORM,0.3604736,0.0000065
1231,./node_1231_INORM,0.2592217,0.0010995
1732,./node_1732_INORM,0.2506184,0.0011639
763,./node_763_INORM,0.4793487,3.713874e-09
1837,./node_1837_INORM,0.2659841,0.0002570
260,./node_260_INORM,0.5487507,2.9515719e-13
1416,./node_1416_INORM,0.3850040,0.0000005
1115,./node_1115_INORM,0.5100764,6.6641325e-10
144,./node_144_INORM,0.3924541,0.0000001
447,./node_447_INORM,0.4935703,2.442504e-11
660,./node_660_INORM,0.4926462,1.0083938e-09
2,./node_2_INORM,0.4690079,7.723379e-11
363,./node_363_INORM,0.5202527,6.6827995e-11
1934,./node_1934_INORM,0.2074533,0.0056755
60,./node_60_INORM,0.4522013,1.1605931e-09
1332,./node_1332_INORM,0.4902062,2.4716278e-08
965,./node_965_INORM,0.5565584,1.9677318e-12
1631,./node_1631_INORM,0.3706263,0.0000003
998,./node_998_INORM,0.5377197,1.7962505e-12
544,./node_544_INORM,0.4218350,0.0000005
1515,./node_1515_INORM,0.4420889,0.0000011
1016,./node_1016_INORM,0.2186379,0.0027344
1084,./node_1084_INORM,0.4405815,0.0000012
1587,./node_1587_INORM,0.3253945,0.0000182
1079,./node_1079_INORM,0.2389968,0.0014376
392,./node_392_INORM,0.5281761,1.0004311e-10
1938,./node_1938_INORM,0.2870590,0.0000545
691,./node_691_INORM,0.6011591,6.489031e-16
969,./node_969_INORM,0.5366090,1.4953976e-11
91,./node_91_INORM,0.4035808,0.0000001
994,./node_994_INORM,0.2892477,0.0002118
548,./node_548_INORM,0.4170601,1.7272472e-08
1519,./node_1519_INORM,0.3048251,0.0000267
1576,./node_1576_INORM,0.3194602,0.0000160
1088,./node_1088_INORM,0.5434334,2.8699714e-11
1075,./node_1075_INORM,0.4610574,5.0122215e-10
527,./node_527_INORM,0.4961110,1.6194659e-11
906,./node_906_INORM,0.5219712,5.6767095e-10
1351,./node_1351_INORM,0.4198647,2.3299864e-08
1652,./node_1652_INORM,0.3231216,0.0000165
603,./node_603_INORM,0.4911546,3.8250407e-11
1957,./node_1957_INORM,0.3323723,0.0000114
300,./node_300_INORM,0.5448389,2.6198081e-11
127,./node_127_INORM,0.3971441,0.0000002
424,./node_424_INORM,0.5008341,2.3276403e-11
1475,./node_1475_INORM,0.3843845,0.0000007
1488,./node_1488_INORM,0.3912011,0.0000003
1176,./node_1176_INORM,0.2922769,0.0000232
700,./node_700_INORM,0.4599524,7.5077675e-09
2007,./node_2007_INORM,0.3127239,0.0000352
203,./node_203_INORM,0.4794657,8.4672475e-11
1854,./node_1854_INORM,0.3073820,0.0000405
1252,./node_1252_INORM,0.5066986,1.5225876e-08
805,./node_805_INORM,0.6239416,5.407289e-17
1751,./node_1751_INORM,0.3724659,0.0000006
897,./node_897_INORM,0.6224958,2.1844668e-16
291,./node_291_INORM,0.5536043,4.3979779e-12
792,./node_792_INORM,0.5535625,4.3719772e-13
1119,./node_1119_INORM,0.4982618,5.4329205e-10
148,./node_148_INORM,0.3724252,0.0000008
506,./node_506_INORM,0.4532188,4.1747953e-09
1557,./node_1557_INORM,0.3226244,0.0000101
1054,./node_1054_INORM,0.5611725,1.7779292e-13
622,./node_622_INORM,0.5119335,1.0528972e-11
321,./node_321_INORM,0.4078495,0.0000002
1976,./node_1976_INORM,0.2754178,0.0004062
1370,./node_1370_INORM,0.4184845,0.0000003
927,./node_927_INORM,0.5744264,1.075212e-14
22,./node_22_INORM,0.4888698,3.4300142e-11
1673,./node_1673_INORM,0.2361350,0.0013523
948,./node_948_INORM,0.5107121,7.2091045e-11
1919,./node_1919_INORM,0.2268246,0.0013035
1538,./node_1538_INORM,0.4579682,2.103345e-10
594,./node_594_INORM,0.4654839,4.1902483e-10
569,./node_569_INORM,0.4289262,0.0000003
169,./node_169_INORM,0.3901969,0.0000002
497,./node_497_INORM,0.4187027,1.5625157e-08
194,./node_194_INORM,0.4042869,0.0000001
1138,./node_1138_INORM,0.4575684,1.2480986e-08
1454,./node_1454_INORM,0.3509370,0.0000008
1157,./node_1157_INORM,0.4692148,0.0000006
106,./node_106_INORM,0.5391228,5.3976565e-13
405,./node_405_INORM,0.4682922,8.833837e-10
824,./node_824_INORM,0.4961793,4.105381e-11
1273,./node_1273_INORM,0.2522462,0.0014911
1770,./node_1770_INORM,0.3161640,0.0000227
1888,./node_1888_INORM,0.3427496,0.0000020
721,./node_721_INORM,0.5582812,9.764174e-14
2026,./node_2026_INORM,0.1784569,0.0099224
1875,./node_1875_INORM,0.3211944,0.0000272
222,./node_222_INORM,0.4933246,1.0125386e-10
978,./node_978_INORM,0.2336848,0.0014673
985,./node_985_INORM,0.2138126,0.0031075
80,./node_80_INORM,0.4132427,1.0788861e-08
383,./node_383_INORM,0.4105502,0.0000001
1929,./node_1929_INORM,0.2006625,0.0069083
680,./node_680_INORM,0.5729208,1.2942148e-14
1508,./node_1508_INORM,0.3520083,0.0000032
559,./node_559_INORM,0.4659656,2.8311952e-10
536,./node_536_INORM,0.4701792,1.1543569e-09
1567,./node_1567_INORM,0.4426426,7.9679655e-10
1099,./node_1099_INORM,0.3052797,0.0001562
1064,./node_1064_INORM,0.2740195,0.0005031
612,./node_612_INORM,0.4352566,0.0000001
1946,./node_1946_INORM,0.2572037,0.0002280
311,./node_311_INORM,0.5443951,8.3422145e-12
12,./node_12_INORM,0.4686699,1.4668308e-10
917,./node_917_INORM,0.2760542,0.0002841
1340,./node_1340_INORM,0.4249280,0.0000001
1643,./node_1643_INORM,0.2899336,0.0001956
1464,./node_1464_INORM,0.3888769,0.0000006
1499,./node_1499_INORM,0.3657955,0.0000008
1167,./node_1167_INORM,0.4446529,2.4698041e-09
136,./node_136_INORM,0.4015386,0.0000001
435,./node_435_INORM,0.4703605,3.0748142e-10
1243,./node_1243_INORM,0.4586361,8.924074e-09
814,./node_814_INORM,0.5162960,2.7144094e-11
1740,./node_1740_INORM,0.1567385,0.0223863
711,./node_711_INORM,0.5530991,3.2341092e-13
2016,./node_2016_INORM,0.1902062,0.0066269
212,./node_212_INORM,0.4182321,1.098632e-08
1845,./node_1845_INORM,0.3787028,0.0000007
280,./node_280_INORM,0.5040649,2.3573175e-11
783,./node_783_INORM,0.6069704,2.1088003e-15
886,./node_886_INORM,0.3262099,0.0000381
159,./node_159_INORM,0.4107895,0.0000001
1108,./node_1108_INORM,0.4678788,1.377988e-09
1546,./node_1546_INORM,0.3239427,0.0000135
1045,./node_1045_INORM,0.2402395,0.0015758
517,./node_517_INORM,0.4859634,2.5046996e-10
33,./node_33_INORM,0.4383920,1.3917295e-09
1361,./node_1361_INORM,0.4976076,0.0000001
936,./node_936_INORM,0.5765790,1.7443262e-13
1662,./node_1662_INORM,0.3191037,0.0000954
633,./node_633_INORM,0.4901786,2.9687734e-11
330,./node_330_INORM,0.5110982,6.4228105e-12
1967,./node_1967_INORM,0.2644081,0.0006863
1908,./node_1908_INORM,0.3749483,0.0000005
959,./node_959_INORM,0.5695397,3.1554613e-14
585,./node_585_INORM,0.4736729,2.3231515e-10
578,./node_578_INORM,0.5333707,5.4701045e-13
1529,./node_1529_INORM,0.3548369,0.0000027
1129,./node_1129_INORM,0.5429015,5.7210885e-11
178,./node_178_INORM,0.5126559,4.360385e-12
486,./node_486_INORM,0.4319931,9.53607e-09
185,./node_185_INORM,0.4086284,4.5197485e-08
117,./node_117_INORM,0.4529037,1.2740789e-09
414,./node_414_INORM,0.5316428,1.4867506e-11
1445,./node_1445_INORM,0.4069190,0.0000002
1146,./node_1146_INORM,0.4079422,0.0000050
1899,./node_1899_INORM,0.1923609,0.0071513
730,./node_730_INORM,0.5007908,7.53612e-10
2037,./node_2037_INORM,0.2648280,0.0002892
1864,./node_1864_INORM,0.1305204,0.0474973
233,./node_233_INORM,0.3697645,0.0000007
835,./node_835_INORM,0.5022058,3.6320476e-11
1262,./node_1262_INORM,0.2996182,0.0000214
1761,./node_1761_INORM,0.2816686,0.0000865
1201,./node_1201_INORM,0.3338445,0.0000063
856,./node_856_INORM,0.5583747,2.342193e-12
1702,./node_1702_INORM,0.1700870,0.0151967
753,./node_753_INORM,0.5250411,4.5276435e-12
250,./node_250_INORM,0.3895614,0.0000004
1807,./node_1807_INORM,0.3098899,0.0000027
1426,./node_1426_INORM,0.3802626,0.0000007
1125,./node_1125_INORM,0.5355389,3.888358e-09
174,./node_174_INORM,0.5627363,6.0461595e-14
189,./node_189_INORM,0.5266652,1.4149594e-12
477,./node_477_INORM,0.4758872,2.7324318e-10
418,./node_418_INORM,0.4548226,2.6233702e-09
1449,./node_1449_INORM,0.3968865,0.0000002
1895,./node_1895_INORM,0.3032755,0.0000725
1868,./node_1868_INORM,0.1320429,0.0473647
1790,./node_1790_INORM,0.1470820,0.0344875
839,./node_839_INORM,0.5049276,5.5376005e-12
1293,./node_1293_INORM,0.5081977,3.8955006e-08
1049,./node_1049_INORM,0.2331636,0.0019398
1693,./node_1693_INORM,0.2598171,0.0007306
1390,./node_1390_INORM,0.5294230,2.5074724e-12
1996,./node_1996_INORM,0.1637789,0.0153379
650,./node_650_INORM,0.4395790,0.0000001
1904,./node_1904_INORM,0.2366768,0.0011627
353,./node_353_INORM,0.4521335,3.7925152e-10
955,./node_955_INORM,0.5287838,2.4338176e-12
1302,./node_1302_INORM,0.4612937,2.0153596e-08
50,./node_50_INORM,0.5242762,1.3192936e-12
1601,./node_1601_INORM,0.4400946,2.0210888e-10
589,./node_589_INORM,0.4996734,1.3966117e-11
574,./node_574_INORM,0.5292698,1.7048845e-12
1525,./node_1525_INORM,0.3121388,0.0000372
1026,./node_1026_INORM,0.2335854,0.0018353
1468,./node_1468_INORM,0.5230519,1.5036496e-12
1196,./node_1196_INORM,0.5193769,2.2601069e-10
1495,./node_1495_INORM,0.4617149,4.9942836e-10
439,./node_439_INORM,0.4679362,1.403723e-09
818,./node_818_INORM,0.5531929,4.1624708e-13
1849,./node_1849_INORM,0.2490611,0.0003793
772,./node_772_INORM,0.6087282,2.0287785e-15
1826,./node_1826_INORM,0.1354518,0.0409031
271,./node_271_INORM,0.5628909,2.4001845e-13
877,./node_877_INORM,0.5311036,1.8726455e-12
1220,./node_1220_INORM,0.3755164,0.0000110
1723,./node_1723_INORM,0.3273146,0.0000021
155,./node_155_INORM,0.3836702,0.0000002
456,./node_456_INORM,0.5331169,4.7491119e-11
1407,./node_1407_INORM,0.3965220,0.0000005
1104,./node_1104_INORM,0.5133500,1.6591173e-10
1323,./node_1323_INORM,0.3637889,0.0000003
974,./node_974_INORM,0.5717823,8.5872965e-13
71,./node_71_INORM,0.4009036,0.0000001
1620,./node_1620_INORM,0.3151059,0.0000282
989,./node_989_INORM,0.2407662,0.0013480
671,./node_671_INORM,0.5677555,3.0291215e-14
372,./node_372_INORM,0.5047304,2.005238e-10
1925,./node_1925_INORM,0.3583121,0.0000017
1504,./node_1504_INORM,0.3879101,0.0000004
1007,./node_1007_INORM,0.5150233,8.445842e-10
555,./node_555_INORM,0.4542052,5.7237935e-09
1095,./node_1095_INORM,0.4864232,1.3486643e-09
1596,./node_1596_INORM,0.3134231,0.0000788
1068,./node_1068_INORM,0.5511608,9.3333685e-13
625,./node_625_INORM,0.5258957,3.7165884e-12
1971,./node_1971_INORM,0.1592377,0.0170803
326,./node_326_INORM,0.4246878,0.0000001
920,./node_920_INORM,0.5387387,2.8152522e-12
1377,./node_1377_INORM,0.3214167,0.0000092
1689,./node_1689_INORM,0.1781238,0.0125065
25,./node_25_INORM,0.4872913,4.9038814e-11
1674,./node_1674_INORM,0.3704379,0.0000008
501,./node_501_INORM,0.4683198,2.920993e-09
1550,./node_1550_INORM,0.4361493,7.6370915e-09
1053,./node_1053_INORM,0.4950507,2.2940813e-09
593,./node_593_INORM,0.4920994,2.4451269e-11
1318,./node_1318_INORM,0.4851455,2.7374032e-09
349,./node_349_INORM,0.5101544,1.1141312e-10
490,./node_490_INORM,0.4902037,1.0105991e-10
193,./node_193_INORM,0.4075711,3.501289e-08
749,./node_749_INORM,0.6027993,1.5690106e-15
1718,./node_1718_INORM,0.1944916,0.0085554
1274,./node_1274_INORM,0.4824399,7.822123e-09
823,./node_823_INORM,0.5944644,4.7498332e-15
1289,./node_1289_INORM,0.3604028,0.0000004
1777,./node_1777_INORM,0.3775217,0.0000001
2021,./node_2021_INORM,0.2172890,0.0023837
726,./node_726_INORM,0.4369635,0.0000001
225,./node_225_INORM,0.3822407,0.0000003
1872,./node_1872_INORM,0.2687065,0.0002614
1453,./node_1453_INORM,0.4888488,3.0321473e-11
1150,./node_1150_INORM,0.5565026,1.6772527e-12
101,./node_101_INORM,0.4735446,2.8758049e-10
402,./node_402_INORM,0.4205612,4.0659796e-08
395,./node_395_INORM,0.5324750,1.0136191e-10
9,./node_9_INORM,0.4486140,6.6740875e-10
696,./node_696_INORM,0.5648854,4.8484763e-14
368,./node_368_INORM,0.4128327,0.0000001
1339,./node_1339_INORM,0.3552693,0.0000049
96,./node_96_INORM,0.5379233,9.12504e-13
993,./node_993_INORM,0.4759804,2.15006e-10
1356,./node_1356_INORM,0.4345282,0.0000001
901,./node_901_INORM,0.3539313,0.0000085
1655,./node_1655_INORM,0.3814706,0.0000012
604,./node_604_INORM,0.5539989,5.7817855e-14
307,./node_307_INORM,0.3424674,0.0000067
1950,./node_1950_INORM,0.3569116,0.0000025
1571,./node_1571_INORM,0.2734839,0.0001894
1072,./node_1072_INORM,0.4744759,2.0984744e-10
520,./node_520_INORM,0.5595470,4.5567159e-12
2000,./node_2000_INORM,0.1794418,0.0095353
707,./node_707_INORM,0.5811327,6.426305e-15
1853,./node_1853_INORM,0.2403649,0.0008211
204,./node_204_INORM,0.4362756,2.7719115e-08
802,./node_802_INORM,0.5245915,4.1665921e-12
1255,./node_1255_INORM,0.4938809,6.8757115e-10
1756,./node_1756_INORM,0.1594269,0.0199024
120,./node_120_INORM,0.5490305,3.712228e-13
423,./node_423_INORM,0.5146020,2.2800624e-10
1472,./node_1472_INORM,0.3182503,0.0000094
1171,./node_1171_INORM,0.3346858,0.0000022
890,./node_890_INORM,0.5489170,7.0639705e-13
1739,./node_1739_INORM,0.4007540,1.0821719e-08
768,./node_768_INORM,0.4838334,6.1369865e-11
296,./node_296_INORM,0.4831937,3.6558708e-10
795,./node_795_INORM,0.5961850,4.4437189e-15
208,./node_208_INORM,0.4219080,1.5644723e-08
1259,./node_1259_INORM,0.3499572,0.0000047
1180,./node_1180_INORM,0.5159803,8.4403575e-10
1483,./node_1483_INORM,0.3257541,0.0000092
1411,./node_1411_INORM,0.3349885,0.0000050
1112,./node_1112_INORM,0.3019036,0.0001528
143,./node_143_INORM,0.4145419,1.5844737e-08
440,./node_440_INORM,0.5317221,3.6641855e-12
1236,./node_1236_INORM,0.2767793,0.0000846
861,./node_861_INORM,0.3634417,0.0000050
1735,./node_1735_INORM,0.3164309,0.0000600
764,./node_764_INORM,0.4462662,1.8880593e-08
799,./node_799_INORM,0.4109055,0.0000003
267,./node_267_INORM,0.5644043,6.6509255e-13
1830,./node_1830_INORM,0.2565568,0.0004201
543,./node_543_INORM,0.4115948,0.0000007
1512,./node_1512_INORM,0.3334949,0.0000055
1011,./node_1011_INORM,0.2101311,0.0033579
5,./node_5_INORM,0.4674104,1.1709585e-10
667,./node_667_INORM,0.5930931,3.4382669e-15
399,./node_399_INORM,0.4494457,6.805314e-09
1933,./node_1933_INORM,0.3060221,0.0000667
364,./node_364_INORM,0.4391211,4.1389059e-08
67,./node_67_INORM,0.5236922,1.8290763e-12
962,./node_962_INORM,0.4977838,1.8302792e-10
1335,./node_1335_INORM,0.3391586,0.0000023
1636,./node_1636_INORM,0.2139210,0.0030714
1659,./node_1659_INORM,0.3520169,0.0000041
608,./node_608_INORM,0.4341532,0.0000002
1083,./node_1083_INORM,0.5378467,2.6802624e-12
1580,./node_1580_INORM,0.1967531,0.0076889
162,./node_162_INORM,0.4006079,0.0000001
461,./node_461_INORM,0.4523196,7.7357475e-09
1430,./node_1430_INORM,0.5126194,2.0286418e-11
1133,./node_1133_INORM,0.3256593,0.0000785
745,./node_745_INORM,0.5973996,9.226307e-16
2042,./node_2042_INORM,0.2358337,0.0010559
1811,./node_1811_INORM,0.3594827,0.0000031
246,./node_246_INORM,0.4313347,0.0000001
840,./node_840_INORM,0.5809866,2.9431606e-14
1217,./node_1217_INORM,0.3771970,0.0000156
1714,./node_1714_INORM,0.1880568,0.0096220
1278,./node_1278_INORM,0.4887571,3.8482221e-09
1786,./node_1786_INORM,0.3330923,0.0000092
1285,./node_1285_INORM,0.4148459,4.0042812e-08
1883,./node_1883_INORM,0.2495075,0.0001697
229,./node_229_INORM,0.5544524,7.5770695e-13
629,./node_629_INORM,0.5775544,3.1739647e-14
1980,./node_1980_INORM,0.2776753,0.0001395
29,./node_29_INORM,0.4250979,4.5569538e-09
1685,./node_1685_INORM,0.1791843,0.0111627
1386,./node_1386_INORM,0.3716250,0.0000008
1678,./node_1678_INORM,0.1918482,0.0074079
1533,./node_1533_INORM,0.4241419,0.0000002
1030,./node_1030_INORM,0.5191263,3.2967158e-11
562,./node_562_INORM,0.4422667,2.2117776e-09
46,./node_46_INORM,0.4221556,7.372102e-09
1314,./node_1314_INORM,0.4582325,7.9004785e-09
943,./node_943_INORM,0.3819396,0.0000031
1617,./node_1617_INORM,0.4210834,1.048175e-09
646,./node_646_INORM,0.5494895,3.9392207e-13
345,./node_345_INORM,0.4493713,4.7877188e-10
1912,./node_1912_INORM,0.1871559,0.0098452
1844,./node_1844_INORM,0.1951039,0.0072079
213,./node_213_INORM,0.4070673,0.0000001
2017,./node_2017_INORM,0.1444674,0.0280967
710,./node_710_INORM,0.5164482,9.58829e-12
1741,./node_1741_INORM,0.1556230,0.0272478
815,./node_815_INORM,0.6225901,1.9692592e-16
1242,./node_1242_INORM,0.5056488,9.6755955e-11
434,./node_434_INORM,0.3933227,0.0000022
137,./node_137_INORM,0.3950294,3.8752442e-08
1166,./node_1166_INORM,0.4264228,9.450861e-09
1498,./node_1498_INORM,0.4401224,0.0000003
1465,./node_1465_INORM,0.3321221,0.0000043
1109,./node_1109_INORM,0.5303387,5.442474e-11
158,./node_158_INORM,0.4419401,2.4479882e-09
887,./node_887_INORM,0.3174179,0.0000506
782,./node_782_INORM,0.5998491,8.936369e-16
281,./node_281_INORM,0.4095687,0.0000001
558,./node_558_INORM,0.4985404,1.2850784e-11
1509,./node_1509_INORM,0.3637274,0.0000016
681,./node_681_INORM,0.5912569,3.5772688e-15
1928,./node_1928_INORM,0.3453147,0.0000087
382,./node_382_INORM,0.4743891,8.9925215e-10
984,./node_984_INORM,0.5411619,6.4228695e-12
81,./node_81_INORM,0.4166325,1.6546627e-08
979,./node_979_INORM,0.5295458,3.4113779e-12
1642,./node_1642_INORM,0.3304048,0.0000111
13,./node_13_INORM,0.4776867,4.6884247e-11
1341,./node_1341_INORM,0.4104217,0.0000005
916,./node_916_INORM,0.6014533,1.8680203e-15
310,./node_310_INORM,0.4998058,1.0867124e-11
1947,./node_1947_INORM,0.1854505,0.0061807
613,./node_613_INORM,0.5758540,1.9602938e-14
1065,./node_1065_INORM,0.5565440,5.713196e-12
1098,./node_1098_INORM,0.2600492,0.0006591
1566,./node_1566_INORM,0.4413582,3.3716146e-09
537,./node_537_INORM,0.4595424,9.455958e-11
184,./node_184_INORM,0.4109730,1.697366e-08
487,./node_487_INORM,0.5340821,1.3291901e-11
179,./node_179_INORM,0.3776763,0.0000007
1128,./node_1128_INORM,0.5799779,1.036061e-13
1760,./node_1760_INORM,0.2342380,0.0020028
1263,./node_1263_INORM,0.5011303,1.0477264e-09
834,./node_834_INORM,0.5238724,1.8573767e-12
232,./node_232_INORM,0.4739756,9.746727e-11
1865,./node_1865_INORM,0.3633265,0.0000016
2036,./node_2036_INORM,0.3193180,0.0000337
731,./node_731_INORM,0.6040072,1.0583887e-15
1898,./node_1898_INORM,0.1835071,0.0115914
1147,./node_1147_INORM,0.3060941,0.0000964
1444,./node_1444_INORM,0.4780352,4.3787743e-10
415,./node_415_INORM,0.5172990,1.4463247e-11
116,./node_116_INORM,0.5060386,1.5482141e-11
1966,./node_1966_INORM,0.3312195,0.0000193
331,./node_331_INORM,0.3616301,0.0000030
632,./node_632_INORM,0.4832529,1.7981466e-10
1663,./node_1663_INORM,0.4207966,7.0149035e-10
32,./node_32_INORM,0.4983914,1.2813725e-11
937,./node_937_INORM,0.5360269,9.9422655e-13
1360,./node_1360_INORM,0.5078115,7.319631e-10
516,./node_516_INORM,0.4570966,1.2483365e-10
1044,./node_1044_INORM,0.2681736,0.0005705
1547,./node_1547_INORM,0.3030804,0.0000551
1528,./node_1528_INORM,0.3339954,0.0000097
579,./node_579_INORM,0.4739067,2.4234171e-09
584,./node_584_INORM,0.4175686,0.0000005
958,./node_958_INORM,0.2434542,0.0012102
1909,./node_1909_INORM,0.1602278,0.0223618
1997,./node_1997_INORM,0.2713678,0.0002577
1391,./node_1391_INORM,0.4588211,1.2090172e-08
1692,./node_1692_INORM,0.2624815,0.0006149
1048,./node_1048_INORM,0.5652644,1.5581751e-13
1027,./node_1027_INORM,0.2264174,0.0020529
1524,./node_1524_INORM,0.3170348,0.0000187
575,./node_575_INORM,0.4460574,1.8007003e-09
588,./node_588_INORM,0.5182629,4.5863261e-12
1600,./node_1600_INORM,0.2572928,0.0003676
1303,./node_1303_INORM,0.4226874,0.0000007
954,./node_954_INORM,0.2458906,0.0010103
51,./node_51_INORM,0.3817171,0.0000001
352,./node_352_INORM,0.3733373,0.0000040
1905,./node_1905_INORM,0.2775309,0.0002676
651,./node_651_INORM,0.4492304,4.6012398e-08
476,./node_476_INORM,0.5002330,2.3454805e-11
188,./node_188_INORM,0.4039035,0.0000001
175,./node_175_INORM,0.5458160,7.8577175e-13
1124,./node_1124_INORM,0.5054788,1.7053793e-10
1427,./node_1427_INORM,0.4898797,7.6493545e-10
1806,./node_1806_INORM,0.3552516,0.0000004
251,./node_251_INORM,0.4356616,7.0153805e-09
752,./node_752_INORM,0.5391149,1.6641958e-12
1703,./node_1703_INORM,0.1827038,0.0099986
857,./node_857_INORM,0.4335345,0.0000001
1200,./node_1200_INORM,0.2935291,0.0000149
1292,./node_1292_INORM,0.4883841,0.0000003
838,./node_838_INORM,0.4580318,1.7364909e-08
1791,./node_1791_INORM,0.2303706,0.0024274
1869,./node_1869_INORM,0.1388985,0.0394613
1894,./node_1894_INORM,0.2199698,0.0030164
1448,./node_1448_INORM,0.3728055,0.0000019
419,./node_419_INORM,0.3970153,0.0000002
554,./node_554_INORM,0.4270286,7.6442575e-09
1006,./node_1006_INORM,0.2134235,0.0031079
1505,./node_1505_INORM,0.3478562,0.0000027
1924,./node_1924_INORM,0.2332643,0.0017190
373,./node_373_INORM,0.4626906,1.1321352e-09
670,./node_670_INORM,0.5435992,6.105186e-13
988,./node_988_INORM,0.5391302,1.9375233e-12
1621,./node_1621_INORM,0.2147083,0.0030070
975,./node_975_INORM,0.2781902,0.0003155
1322,./node_1322_INORM,0.4604291,0.0000006
70,./node_70_INORM,0.3708182,0.0000003
1069,./node_1069_INORM,0.4331591,5.897481e-09
1597,./node_1597_INORM,0.4220134,2.662171e-08
1094,./node_1094_INORM,0.5019552,2.8111462e-09
1848,./node_1848_INORM,0.1520908,0.0253179
819,./node_819_INORM,0.5537931,2.2796567e-13
438,./node_438_INORM,0.5270062,7.538156e-11
1494,./node_1494_INORM,0.4220532,0.0000001
1197,./node_1197_INORM,0.2653294,0.0001296
1469,./node_1469_INORM,0.4703817,0.0000004
1105,./node_1105_INORM,0.3658033,0.0000197
1406,./node_1406_INORM,0.4323067,0.0000001
457,./node_457_INORM,0.4935405,8.316268e-11
154,./node_154_INORM,0.4549518,6.520639e-09
1722,./node_1722_INORM,0.3837087,1.1174812e-08
1221,./node_1221_INORM,0.5160000,5.9745985e-10
876,./node_876_INORM,0.5126895,3.5677591e-10
270,./node_270_INORM,0.4137780,0.0000001
1827,./node_1827_INORM,0.3224531,0.0000164
773,./node_773_INORM,0.5015062,8.8299735e-11
1719,./node_1719_INORM,0.2140495,0.0041444
748,./node_748_INORM,0.4647927,2.605648e-09
192,./node_192_INORM,0.4129688,1.2386502e-08
491,./node_491_INORM,0.4573342,2.7977444e-09
403,./node_403_INORM,0.4393578,9.556481e-09
100,./node_100_INORM,0.4110739,4.7780644e-08
1151,./node_1151_INORM,0.5159847,2.5289231e-10
1452,./node_1452_INORM,0.4500104,0.0000004
1873,./node_1873_INORM,0.2979090,0.0000122
224,./node_224_INORM,0.4225113,0.0000001
727,./node_727_INORM,0.5305895,1.3572146e-12
2020,./node_2020_INORM,0.3276573,0.0000241
1776,./node_1776_INORM,0.1567144,0.0213633
1288,./node_1288_INORM,0.4808498,5.5214515e-09
822,./node_822_INORM,0.6116845,1.7000421e-15
1275,./node_1275_INORM,0.4760391,3.4092183e-09
1052,./node_1052_INORM,0.5445232,6.211614e-09
1551,./node_1551_INORM,0.3751202,0.0000018
500,./node_500_INORM,0.4123126,2.694349e-08
1675,./node_1675_INORM,0.1862610,0.0089561
1688,./node_1688_INORM,0.1772352,0.0153451
1376,./node_1376_INORM,0.5394447,7.540213e-12
921,./node_921_INORM,0.5089821,1.2636661e-11
24,./node_24_INORM,0.4315301,3.4095269e-09
327,./node_327_INORM,0.4414246,8.076761e-09
1970,./node_1970_INORM,0.2388578,0.0007575
624,./node_624_INORM,0.5348377,2.113054e-12
348,./node_348_INORM,0.3578074,0.0000066
1319,./node_1319_INORM,0.4417818,2.8981681e-08
592,./node_592_INORM,0.4710603,3.5052332e-11
1170,./node_1170_INORM,0.4923251,1.4838713e-08
1473,./node_1473_INORM,0.4480146,0.0000002
422,./node_422_INORM,0.4891904,9.247992e-11
121,./node_121_INORM,0.3976395,3.4821948e-08
1757,./node_1757_INORM,0.2645734,0.0006813
1254,./node_1254_INORM,0.3758915,0.0000002
803,./node_803_INORM,0.5548127,3.8850052e-13
205,./node_205_INORM,0.4141870,1.7550658e-08
1852,./node_1852_INORM,0.1378334,0.0389292
706,./node_706_INORM,0.5170921,4.9999856e-11
2001,./node_2001_INORM,0.1967473,0.0052367
794,./node_794_INORM,0.5524585,4.0907223e-13
297,./node_297_INORM,0.5486034,7.7319255e-13
769,./node_769_INORM,0.6131306,8.419643e-16
1738,./node_1738_INORM,0.3996428,5.440606e-09
891,./node_891_INORM,0.5797265,1.2032925e-13
97,./node_97_INORM,0.5199426,2.4808146e-12
992,./node_992_INORM,0.5051243,1.1649568e-08
1338,./node_1338_INORM,0.4731358,8.0379355e-09
369,./node_369_INORM,0.4967030,2.8827452e-10
697,./node_697_INORM,0.5015583,1.8153223e-11
8,./node_8_INORM,0.4514025,4.4168916e-10
394,./node_394_INORM,0.5540311,7.706957e-12
521,./node_521_INORM,0.4309402,1.0321962e-08
1073,./node_1073_INORM,0.4987975,2.8489262e-10
1570,./node_1570_INORM,0.4005269,0.0000002
1951,./node_1951_INORM,0.2200370,0.0014340
306,./node_306_INORM,0.4113912,0.0000001
605,./node_605_INORM,0.5209309,1.9364427e-12
1654,./node_1654_INORM,0.2021801,0.0042782
900,./node_900_INORM,0.5657038,3.936272e-13
1357,./node_1357_INORM,0.4029496,0.0000100
1637,./node_1637_INORM,0.3533203,0.0000004
66,./node_66_INORM,0.5162059,5.4422805e-12
1334,./node_1334_INORM,0.3142370,0.0000113
963,./node_963_INORM,0.5703539,2.0188745e-13
365,./node_365_INORM,0.4103643,0.0000002
1932,./node_1932_INORM,0.2332363,0.0006071
398,./node_398_INORM,0.5335526,1.1599718e-11
666,./node_666_INORM,0.5084049,9.1442485e-11
4,./node_4_INORM,0.4611324,1.6623967e-10
1010,./node_1010_INORM,0.5247641,3.3715865e-11
1513,./node_1513_INORM,0.4114833,0.0000001
542,./node_542_INORM,0.5688700,9.2638775e-13
1581,./node_1581_INORM,0.2454164,0.0009174
1082,./node_1082_INORM,0.2329295,0.0020584
609,./node_609_INORM,0.4295233,0.0000003
1658,./node_1658_INORM,0.2965683,0.0001734
1482,./node_1482_INORM,0.2419484,0.0011112
1181,./node_1181_INORM,0.3132782,0.0000339
1258,./node_1258_INORM,0.2826501,0.0002847
209,./node_209_INORM,0.5153007,3.3563461e-12
1831,./node_1831_INORM,0.1604863,0.0198889
266,./node_266_INORM,0.4770603,6.8558945e-11
798,./node_798_INORM,0.6099372,2.1993511e-15
765,./node_765_INORM,0.5898269,8.5951335e-15
1734,./node_1734_INORM,0.1727491,0.0136489
860,./node_860_INORM,0.5319202,7.0926055e-12
1237,./node_1237_INORM,0.3617963,0.0000007
441,./node_441_INORM,0.4072374,0.0000010
142,./node_142_INORM,0.3909427,0.0000001
1113,./node_1113_INORM,0.4299265,1.3381875e-08
1410,./node_1410_INORM,0.3698816,0.0000007
1679,./node_1679_INORM,0.3468265,0.0000002
1387,./node_1387_INORM,0.3562812,0.0000005
28,./node_28_INORM,0.4475548,7.142642e-10
1684,./node_1684_INORM,0.1805213,0.0131688
1981,./node_1981_INORM,0.1995612,0.0047235
628,./node_628_INORM,0.4711755,5.9350465e-09
1913,./node_1913_INORM,0.1841633,0.0114677
344,./node_344_INORM,0.4646054,1.7018459e-09
647,./node_647_INORM,0.5264677,2.0541606e-12
1616,./node_1616_INORM,0.3981397,8.133643e-09
47,./node_47_INORM,0.4948070,3.943949e-11
942,./node_942_INORM,0.5634291,7.000162e-13
1315,./node_1315_INORM,0.4391203,1.2755775e-08
563,./node_563_INORM,0.5441908,6.281953e-12
1031,./node_1031_INORM,0.2179168,0.0024576
1532,./node_1532_INORM,0.3674903,0.0000009
1715,./node_1715_INORM,0.2832780,0.0001134
1216,./node_1216_INORM,0.4327507,0.0000002
841,./node_841_INORM,0.5682803,1.6908782e-13
247,./node_247_INORM,0.4645936,3.1027105e-10
1810,./node_1810_INORM,0.1499724,0.0267408
2043,./node_2043_INORM,0.2365518,0.0010578
744,./node_744_INORM,0.5939891,5.226825e-15
1132,./node_1132_INORM,0.5164513,8.4386125e-11
1431,./node_1431_INORM,0.3990522,0.0000005
460,./node_460_INORM,0.4140135,0.0000010
163,./node_163_INORM,0.5109543,7.7208595e-12
228,./node_228_INORM,0.4202650,1.6622881e-08
1882,./node_1882_INORM,0.3181084,0.0000199
1284,./node_1284_INORM,0.5133523,0.0000001
1787,./node_1787_INORM,0.2808561,0.0000233
1279,./node_1279_INORM,0.4825304,1.7358179e-08
1028,./node_1028_INORM,0.3109393,0.0001112
587,./node_587_INORM,0.5520806,2.7286572e-12
1998,./node_1998_INORM,0.1508284,0.0228936
631,./node_631_INORM,0.5222644,3.3227838e-12
1965,./node_1965_INORM,0.3162613,0.0000250
332,./node_332_INORM,0.4760864,6.228555e-11
934,./node_934_INORM,0.5556098,3.5899836e-12
1363,./node_1363_INORM,0.3096519,0.0001027
31,./node_31_INORM,0.4002329,3.3313811e-08
1660,./node_1660_INORM,0.3762642,2.1318162e-08
515,./node_515_INORM,0.4896453,7.188641e-11
1544,./node_1544_INORM,0.3285056,0.0000085
1047,./node_1047_INORM,0.5170551,8.6420225e-12
1260,./node_1260_INORM,0.4384529,0.0000018
837,./node_837_INORM,0.5069746,9.433471e-12
1763,./node_1763_INORM,0.1559523,0.0223441
2035,./node_2035_INORM,0.2931033,0.0001084
732,./node_732_INORM,0.5959244,1.2553486e-15
231,./node_231_INORM,0.5254200,3.809229e-12
1866,./node_1866_INORM,0.2290274,0.0012818
1447,./node_1447_INORM,0.4704961,0.0000003
1144,./node_1144_INORM,0.5267157,1.6551085e-10
115,./node_115_INORM,0.3890233,0.0000003
416,./node_416_INORM,0.4590705,1.4271473e-10
484,./node_484_INORM,0.4075510,0.0000001
479,./node_479_INORM,0.4028844,0.0000015
187,./node_187_INORM,0.4138444,2.5501785e-08
1428,./node_1428_INORM,0.3753931,0.0000023
1809,./node_1809_INORM,0.2650300,0.0000573
858,./node_858_INORM,0.5389237,1.6309894e-12
1342,./node_1342_INORM,0.3955565,0.0000003
915,./node_915_INORM,0.5282733,1.2258658e-12
10,./node_10_INORM,0.4580825,3.528728e-10
1641,./node_1641_INORM,0.2995684,0.0002351
610,./node_610_INORM,0.5326727,1.6137871e-12
313,./node_313_INORM,0.3548658,0.0000052
1944,./node_1944_INORM,0.2830353,0.0002271
1565,./node_1565_INORM,0.3959370,0.0000077
1066,./node_1066_INORM,0.4807276,2.0769736e-08
1598,./node_1598_INORM,0.3964057,3.9716536e-08
534,./node_534_INORM,0.5694781,9.2376235e-13
1009,./node_1009_INORM,0.5627592,1.5364911e-12
381,./node_381_INORM,0.4153323,0.0000008
682,./node_682_INORM,0.4941088,2.594808e-11
82,./node_82_INORM,0.4192346,1.9834358e-08
987,./node_987_INORM,0.2154844,0.0029523
1409,./node_1409_INORM,0.3844095,0.0000004
458,./node_458_INORM,0.4461481,3.3502274e-09
879,./node_879_INORM,0.5033965,7.323309e-11
884,./node_884_INORM,0.5267730,8.7458775e-13
282,./node_282_INORM,0.5267922,1.4643986e-12
1828,./node_1828_INORM,0.2213729,0.0030685
781,./node_781_INORM,0.5007301,2.9063894e-11
2014,./node_2014_INORM,0.1661052,0.0143766
713,./node_713_INORM,0.5988316,2.4779386e-15
1847,./node_1847_INORM,0.1492662,0.0302601
210,./node_210_INORM,0.4305280,5.77099e-09
816,./node_816_INORM,0.5829510,1.5048542e-14
1241,./node_1241_INORM,0.3213340,0.0000039
1742,./node_1742_INORM,0.2641394,0.0005269
134,./node_134_INORM,0.4005692,3.3649095e-08
437,./node_437_INORM,0.4098492,0.0000001
1198,./node_1198_INORM,0.5169798,3.6424327e-08
1466,./node_1466_INORM,0.3644018,0.0000009
1165,./node_1165_INORM,0.3462766,0.0000397
1405,./node_1405_INORM,0.4252653,0.0000001
1106,./node_1106_INORM,0.2486845,0.0007099
157,./node_157_INORM,0.4024241,3.1219037e-08
454,./node_454_INORM,0.4170212,2.8458786e-08
1222,./node_1222_INORM,0.5779784,2.4809454e-13
875,./node_875_INORM,0.5605518,2.9213744e-13
1721,./node_1721_INORM,0.3229028,0.0000016
888,./node_888_INORM,0.6090100,2.9462225e-15
770,./node_770_INORM,0.5076863,9.849197e-12
273,./node_273_INORM,0.4261157,2.9231836e-08
1824,./node_1824_INORM,0.2664514,0.0004418
2018,./node_2018_INORM,0.2297660,0.0014682
138,./node_138_INORM,0.3754584,0.0000003
1194,./node_1194_INORM,0.4832180,3.1563987e-09
1169,./node_1169_INORM,0.3245722,0.0000097
1497,./node_1497_INORM,0.4530929,0.0000005
919,./node_919_INORM,0.2736782,0.0003301
1948,./node_1948_INORM,0.2054049,0.0026212
1097,./node_1097_INORM,0.5309557,5.0484615e-10
1569,./node_1569_INORM,0.4241484,1.0976999e-08
1594,./node_1594_INORM,0.3564554,0.0000029
538,./node_538_INORM,0.5368497,1.5578332e-11
557,./node_557_INORM,0.5518997,1.1920609e-12
1506,./node_1506_INORM,0.3020413,0.0000271
1005,./node_1005_INORM,0.5487817,1.1129333e-11
673,./node_673_INORM,0.5526718,1.4744493e-13
1927,./node_1927_INORM,0.2381088,0.0016449
370,./node_370_INORM,0.4484816,1.050783e-08
73,./node_73_INORM,0.4702628,3.5034047e-10
976,./node_976_INORM,0.2613040,0.0005393
1321,./node_1321_INORM,0.4620714,1.529761e-08
1622,./node_1622_INORM,0.3897738,0.0000009
1792,./node_1792_INORM,0.3126891,0.0000299
1291,./node_1291_INORM,0.3591939,0.0000028
1897,./node_1897_INORM,0.3433652,0.0000057
2039,./node_2039_INORM,0.2168221,0.0024390
1148,./node_1148_INORM,0.2554481,0.0010720
119,./node_119_INORM,0.5198310,2.9195602e-12
488,./node_488_INORM,0.4135495,0.0000007
176,./node_176_INORM,0.4000255,2.8429727e-08
475,./node_475_INORM,0.4442504,0.0000001
1424,./node_1424_INORM,0.4478995,1.4937921e-08
1127,./node_1127_INORM,0.2790408,0.0001833
751,./node_751_INORM,0.4904420,1.8932215e-11
1805,./node_1805_INORM,0.3700196,0.0000010
252,./node_252_INORM,0.4631790,2.6280183e-10
854,./node_854_INORM,0.5869041,1.9765778e-14
1203,./node_1203_INORM,0.3190531,0.0000027
1700,./node_1700_INORM,0.1761085,0.0127479
1527,./node_1527_INORM,0.4567389,0.0000003
1024,./node_1024_INORM,0.4937111,6.3576775e-10
576,./node_576_INORM,0.5301578,2.8654313e-12
52,./node_52_INORM,0.4952865,3.459301e-11
1300,./node_1300_INORM,0.4881546,2.0393561e-09
957,./node_957_INORM,0.5463745,4.1910425e-12
1603,./node_1603_INORM,0.4190975,0.0000002
652,./node_652_INORM,0.5292660,1.6801374e-12
351,./node_351_INORM,0.5115802,2.5898923e-11
1906,./node_1906_INORM,0.1735883,0.0147572
1994,./node_1994_INORM,0.3225064,0.0000379
1969,./node_1969_INORM,0.1771447,0.0089134
1691,./node_1691_INORM,0.3100610,0.0000250
938,./node_938_INORM,0.5024694,4.7713683e-10
1392,./node_1392_INORM,0.5439976,5.589655e-13
519,./node_519_INORM,0.5487554,1.1381761e-11
1548,./node_1548_INORM,0.4528687,0.0000003
522,./node_522_INORM,0.5025311,1.4741795e-11
1573,./node_1573_INORM,0.3583487,0.0000027
1070,./node_1070_INORM,0.5348346,4.3005977e-11
606,./node_606_INORM,0.5669190,1.1401237e-13
1952,./node_1952_INORM,0.2649796,0.0006034
305,./node_305_INORM,0.4302082,4.3223223e-08
903,./node_903_INORM,0.6044303,1.5295483e-13
1354,./node_1354_INORM,0.2567426,0.0011381
1657,./node_1657_INORM,0.3224608,0.0000187
69,./node_69_INORM,0.4240315,1.241167e-08
991,./node_991_INORM,0.4686144,5.044404e-10
1638,./node_1638_INORM,0.4135968,1.6317319e-08
94,./node_94_INORM,0.4134068,3.4144746e-08
397,./node_397_INORM,0.3996375,0.0000009
669,./node_669_INORM,0.5406522,7.2410785e-13
694,./node_694_INORM,0.5605045,4.7517894e-14
294,./node_294_INORM,0.3696213,0.0000019
269,./node_269_INORM,0.4486529,7.892176e-10
797,./node_797_INORM,0.4370667,0.0000001
1238,./node_1238_INORM,0.3089783,0.0000117
892,./node_892_INORM,0.5033116,5.471379e-11
1470,./node_1470_INORM,0.3750677,0.0000021
1173,./node_1173_INORM,0.4855843,2.7349929e-09
122,./node_122_INORM,0.4136075,0.0000001
421,./node_421_INORM,0.4672577,1.2636148e-09
1257,./node_1257_INORM,0.5863367,1.0514589e-13
800,./node_800_INORM,0.5550143,1.5681877e-13
1754,./node_1754_INORM,0.3454007,0.0000002
705,./node_705_INORM,0.4792076,1.0431251e-10
2002,./node_2002_INORM,0.1463608,0.0260004
206,./node_206_INORM,0.5197318,2.1842213e-12
1851,./node_1851_INORM,0.1470002,0.0298878
648,./node_648_INORM,0.4509363,3.3621873e-08
48,./node_48_INORM,0.4525047,2.505981e-09
1619,./node_1619_INORM,0.2107709,0.0034491
591,./node_591_INORM,0.5266551,7.0449415e-12
1552,./node_1552_INORM,0.2963157,0.0000428
1051,./node_1051_INORM,0.5060312,2.9227984e-10
503,./node_503_INORM,0.4756050,5.597092e-11
27,./node_27_INORM,0.4025769,2.692209e-08
1375,./node_1375_INORM,0.3188454,0.0002027
922,./node_922_INORM,0.2902283,0.0001784
1676,./node_1676_INORM,0.1896988,0.0072349
1388,./node_1388_INORM,0.4751462,8.392733e-10
627,./node_627_INORM,0.5656190,1.7953358e-13
324,./node_324_INORM,0.4100344,0.0000001
1973,./node_1973_INORM,0.1735369,0.0104264
103,./node_103_INORM,0.3785209,0.0000002
400,./node_400_INORM,0.5268472,2.5057973e-11
1451,./node_1451_INORM,0.2604137,0.0003509
1152,./node_1152_INORM,0.3179305,0.0000135
724,./node_724_INORM,0.5228100,4.0138654e-12
2023,./node_2023_INORM,0.3106232,0.0000772
1870,./node_1870_INORM,0.1295170,0.0497812
227,./node_227_INORM,0.5181447,3.8316471e-12
821,./node_821_INORM,0.5933087,6.0583555e-15
1788,./node_1788_INORM,0.2922344,0.0000768
1276,./node_1276_INORM,0.4888903,7.2314215e-10
1775,./node_1775_INORM,0.2701456,0.0004051
1219,./node_1219_INORM,0.2502677,0.0012286
248,./node_248_INORM,0.4458828,2.4475278e-09
492,./node_492_INORM,0.4225113,0.0000006
191,./node_191_INORM,0.5338197,9.2956625e-13
728,./node_728_INORM,0.4366521,0.0000001
1881,./node_1881_INORM,0.2379562,0.0004409
1784,./node_1784_INORM,0.1479961,0.0298458
1779,./node_1779_INORM,0.1473424,0.0314702
1287,./node_1287_INORM,0.3526715,0.0000058
1215,./node_1215_INORM,0.3380973,0.0000092
842,./node_842_INORM,0.5080405,5.1549135e-12
1716,./node_1716_INORM,0.1756222,0.0121873
2040,./node_2040_INORM,0.3172566,0.0000247
747,./node_747_INORM,0.5065037,1.4523083e-11
244,./node_244_INORM,0.5135075,4.4800755e-12
1813,./node_1813_INORM,0.1961516,0.0076026
1432,./node_1432_INORM,0.4778977,0.0000001
1131,./node_1131_INORM,0.5666421,1.932775e-13
160,./node_160_INORM,0.4079587,0.0000001
463,./node_463_INORM,0.5117508,2.4543092e-11
644,./node_644_INORM,0.5789079,3.3181315e-14
1910,./node_1910_INORM,0.2591626,0.0001500
347,./node_347_INORM,0.3552537,0.0000056
941,./node_941_INORM,0.5722024,6.4522775e-13
1316,./node_1316_INORM,0.4311364,0.0000010
44,./node_44_INORM,0.4381255,1.9441977e-09
1615,./node_1615_INORM,0.3781701,0.0000005
560,./node_560_INORM,0.4642081,8.496846e-10
1531,./node_1531_INORM,0.3606552,0.0000377
1032,./node_1032_INORM,0.2997975,0.0001623
1687,./node_1687_INORM,0.2918345,0.0000783
1379,./node_1379_INORM,0.4009959,0.0000007
1384,./node_1384_INORM,0.2767321,0.0006565
1982,./node_1982_INORM,0.2156369,0.0027166
328,./node_328_INORM,0.4413779,1.3830033e-08
298,./node_298_INORM,0.4467523,5.3286995e-10
766,./node_766_INORM,0.6072124,1.3888286e-15
1832,./node_1832_INORM,0.1366924,0.0394217
265,./node_265_INORM,0.3814292,0.0000004
863,./node_863_INORM,0.3319011,0.0000266
1234,./node_1234_INORM,0.4074892,0.0000008
1737,./node_1737_INORM,0.1625844,0.0198263
141,./node_141_INORM,0.4116177,0.0000001
442,./node_442_INORM,0.4841187,2.8772052e-10
1413,./node_1413_INORM,0.4001134,0.0000009
1110,./node_1110_INORM,0.3878696,0.0000097
1182,./node_1182_INORM,0.5328469,1.0817781e-10
1481,./node_1481_INORM,0.3577816,0.0000012
1758,./node_1758_INORM,0.2775486,0.0001363
709,./node_709_INORM,0.5676915,5.568557e-14
1081,./node_1081_INORM,0.2181921,0.0029263
1582,./node_1582_INORM,0.2755456,0.0002344
309,./node_309_INORM,0.5235177,1.143234e-10
1358,./node_1358_INORM,0.3479345,0.0000022
1337,./node_1337_INORM,0.3667053,0.0000011
960,./node_960_INORM,0.5603734,1.002843e-13
65,./node_65_INORM,0.5409944,5.487451e-13
98,./node_98_INORM,0.5307930,8.5453995e-13
1634,./node_1634_INORM,0.2204473,0.0023156
665,./node_665_INORM,0.5327881,1.6975022e-12
7,./node_7_INORM,0.4527665,2.9400972e-10
366,./node_366_INORM,0.4006709,0.0000003
698,./node_698_INORM,0.5527556,2.8661978e-13
1931,./node_1931_INORM,0.2084118,0.0022672
1510,./node_1510_INORM,0.4260969,0.0000002
1013,./node_1013_INORM,0.2109842,0.0033565
541,./node_541_INORM,0.4350841,4.0737082e-09
417,./node_417_INORM,0.4989685,1.5031067e-10
114,./node_114_INORM,0.4320575,2.8273377e-08
1145,./node_1145_INORM,0.5222453,4.4258902e-08
1446,./node_1446_INORM,0.2313650,0.0018467
1867,./node_1867_INORM,0.3128437,0.0000071
230,./node_230_INORM,0.5706134,1.8564571e-13
733,./node_733_INORM,0.5437612,3.3936853e-13
2034,./node_2034_INORM,0.2009754,0.0043901
1762,./node_1762_INORM,0.2993229,0.0000058
836,./node_836_INORM,0.5142285,8.46347e-11
1261,./node_1261_INORM,0.3759929,0.0000001
859,./node_859_INORM,0.5972880,7.4300855e-15
1808,./node_1808_INORM,0.2608499,0.0001373
1429,./node_1429_INORM,0.3249055,0.0000070
186,./node_186_INORM,0.4150107,2.2915791e-08
478,./node_478_INORM,0.5444566,2.2280011e-11
485,./node_485_INORM,0.4499676,1.9667139e-08
586,./node_586_INORM,0.4373645,3.2564558e-09
1029,./node_1029_INORM,0.5412886,1.1191244e-11
1046,./node_1046_INORM,0.2256543,0.0022761
1545,./node_1545_INORM,0.4452348,0.0000001
514,./node_514_INORM,0.4068607,3.9826149e-08
1661,./node_1661_INORM,0.4125598,4.0782146e-09
1362,./node_1362_INORM,0.5063819,3.0955902e-11
935,./node_935_INORM,0.5928933,2.7307983e-14
30,./node_30_INORM,0.4522122,1.2403817e-09
333,./node_333_INORM,0.4886055,4.9141544e-10
1964,./node_1964_INORM,0.2767273,0.0003318
630,./node_630_INORM,0.4686585,5.844677e-10
1999,./node_1999_INORM,0.1468002,0.0257997
780,./node_780_INORM,0.4952541,1.1134324e-11
1829,./node_1829_INORM,0.1440069,0.0364030
283,./node_283_INORM,0.4415754,6.5321395e-09
885,./node_885_INORM,0.3336410,0.0000235
878,./node_878_INORM,0.6081819,2.0290423e-16
459,./node_459_INORM,0.4590591,2.7421118e-09
1408,./node_1408_INORM,0.3021729,0.0000440
1164,./node_1164_INORM,0.5181321,2.9272603e-11
1467,./node_1467_INORM,0.4375944,0.0000035
1199,./node_1199_INORM,0.2704041,0.0003816
436,./node_436_INORM,0.5016294,8.9798515e-11
135,./node_135_INORM,0.4689367,3.8272964e-10
1743,./node_1743_INORM,0.2984547,0.0000158
1240,./node_1240_INORM,0.3918874,0.0000074
817,./node_817_INORM,0.6039820,4.506676e-15
211,./node_211_INORM,0.4119050,0.0000001
1846,./node_1846_INORM,0.2265149,0.0023025
712,./node_712_INORM,0.4951852,2.646169e-11
2015,./node_2015_INORM,0.3083603,0.0000341
535,./node_535_INORM,0.4934090,7.0154795e-11
1599,./node_1599_INORM,0.2147879,0.0032574
1067,./node_1067_INORM,0.2208787,0.0021353
1564,./node_1564_INORM,0.4328781,0.0000001
1945,./node_1945_INORM,0.2445177,0.0015048
312,./node_312_INORM,0.4221707,0.0000003
611,./node_611_INORM,0.5076351,2.06459e-11
1640,./node_1640_INORM,0.3907475,0.0000006
914,./node_914_INORM,0.2886764,0.0001716
1343,./node_1343_INORM,0.3128546,0.0000164
11,./node_11_INORM,0.4364769,1.9533133e-09
83,./node_83_INORM,0.4230813,1.1912058e-08
986,./node_986_INORM,0.4978590,2.0033681e-09
683,./node_683_INORM,0.5812236,2.069018e-14
380,./node_380_INORM,0.5090348,1.1061009e-10
1008,./node_1008_INORM,0.4856446,5.8213675e-09
539,./node_539_INORM,0.4641622,2.8448445e-10
1595,./node_1595_INORM,0.3668591,0.0000014
1568,./node_1568_INORM,0.2213903,0.0019212
1096,./node_1096_INORM,0.5687035,2.8259411e-13
1949,./node_1949_INORM,0.2359594,0.0019867
918,./node_918_INORM,0.5274620,5.8676535e-12
1623,./node_1623_INORM,0.2130509,0.0031242
72,./node_72_INORM,0.4240971,2.3776663e-08
1320,./node_1320_INORM,0.3074161,0.0000148
977,./node_977_INORM,0.2397825,0.0011835
371,./node_371_INORM,0.5239969,4.2203563e-11
1926,./node_1926_INORM,0.3792171,0.0000007
672,./node_672_INORM,0.5606016,8.440723e-14
1004,./node_1004_INORM,0.5235724,6.2035295e-11
1507,./node_1507_INORM,0.4328145,0.0000001
556,./node_556_INORM,0.4586573,2.2059417e-08
1825,./node_1825_INORM,0.2760935,0.0001681
272,./node_272_INORM,0.5509933,2.6486134e-12
771,./node_771_INORM,0.5615663,1.2678399e-13
889,./node_889_INORM,0.3232924,0.0000390
1720,./node_1720_INORM,0.2967855,0.0000648
874,./node_874_INORM,0.5995989,4.2760884e-16
1223,./node_1223_INORM,0.3665083,0.0000004
455,./node_455_INORM,0.5285643,1.0871691e-10
156,./node_156_INORM,0.3734590,0.0000005
1107,./node_1107_INORM,0.5239393,5.381517e-12
1404,./node_1404_INORM,0.3992179,0.0000006
1496,./node_1496_INORM,0.3444978,0.0000032
1168,./node_1168_INORM,0.3346947,0.0000267
1195,./node_1195_INORM,0.2868352,0.0000287
139,./node_139_INORM,0.3673658,0.0000010
2019,./node_2019_INORM,0.2960923,0.0000668
1907,./node_1907_INORM,0.1640060,0.0203587
350,./node_350_INORM,0.3751011,0.0000029
653,./node_653_INORM,0.5220400,3.991871e-12
1602,./node_1602_INORM,0.4079283,0.0000002
53,./node_53_INORM,0.5383766,5.8736565e-13
956,./node_956_INORM,0.2353386,0.0015479
1301,./node_1301_INORM,0.4750367,0.0000002
577,./node_577_INORM,0.4836665,1.0085253e-09
1025,./node_1025_INORM,0.5395168,2.1439534e-12
1526,./node_1526_INORM,0.3139536,0.0000275
1549,./node_1549_INORM,0.3807197,0.0000013
518,./node_518_INORM,0.5156494,1.6214595e-11
1393,./node_1393_INORM,0.3315287,0.0000039
939,./node_939_INORM,0.5644772,8.189295e-13
1690,./node_1690_INORM,0.3215275,0.0000085
1968,./node_1968_INORM,0.3096501,0.0000306
1995,./node_1995_INORM,0.1916112,0.0054827
118,./node_118_INORM,0.4049361,0.0000001
1149,./node_1149_INORM,0.2831684,0.0001705
2038,./node_2038_INORM,0.3199086,0.0000257
1896,./node_1896_INORM,0.3284094,0.0000118
1290,./node_1290_INORM,0.3267982,0.0000113
1793,./node_1793_INORM,0.3771094,0.0000002
1701,./node_1701_INORM,0.3112526,0.0000282
1202,./node_1202_INORM,0.2487372,0.0014805
855,./node_855_INORM,0.5539769,1.0263503e-12
253,./node_253_INORM,0.4608261,2.3322834e-10
1804,./node_1804_INORM,0.1520477,0.0250376
750,./node_750_INORM,0.6029627,1.9283553e-15
1126,./node_1126_INORM,0.5270167,1.2226875e-10
1425,./node_1425_INORM,0.3183417,0.0001969
474,./node_474_INORM,0.5261896,2.9216036e-11
177,./node_177_INORM,0.4100481,1.799057e-08
489,./node_489_INORM,0.4652970,7.234141e-11
893,./node_893_INORM,0.5430055,4.434786e-12
1239,./node_1239_INORM,0.5063045,9.6864685e-10
796,./node_796_INORM,0.4260549,0.0000002
268,./node_268_INORM,0.5224907,1.3061491e-11
295,./node_295_INORM,0.5115661,1.1857555e-11
1850,./node_1850_INORM,0.2729586,0.0003060
207,./node_207_INORM,0.5093386,6.437897e-12
2003,./node_2003_INORM,0.3150729,0.0000426
704,./node_704_INORM,0.5898352,5.759155e-15
1755,./node_1755_INORM,0.3872743,0.0000004
801,./node_801_INORM,0.5066575,8.4706285e-12
1256,./node_1256_INORM,0.5059912,2.1302183e-08
420,./node_420_INORM,0.5314896,5.193375e-11
123,./node_123_INORM,0.3950352,3.6379528e-08
1172,./node_1172_INORM,0.5441725,3.7080153e-12
1471,./node_1471_INORM,0.4001109,0.0000002
1656,./node_1656_INORM,0.3653450,0.0000085
1355,./node_1355_INORM,0.4539729,1.6072212e-08
902,./node_902_INORM,0.5283230,2.8414801e-12
304,./node_304_INORM,0.3751879,0.0000009
1953,./node_1953_INORM,0.2963623,0.0001296
607,./node_607_INORM,0.5733585,1.2728293e-13
1071,./node_1071_INORM,0.2211130,0.0020862
1572,./node_1572_INORM,0.3266170,0.0000136
523,./node_523_INORM,0.4809088,6.359193e-11
695,./node_695_INORM,0.5302779,7.598443e-12
668,./node_668_INORM,0.5729929,4.2651513e-14
396,./node_396_INORM,0.4027450,0.0000002
1639,./node_1639_INORM,0.3559585,0.0000022
990,./node_990_INORM,0.4740019,4.8647661e-10
95,./node_95_INORM,0.5238412,4.535298e-12
68,./node_68_INORM,0.4002032,2.4458184e-08
1774,./node_1774_INORM,0.1537148,0.0291093
1277,./node_1277_INORM,0.3548338,0.0000004
1789,./node_1789_INORM,0.2055528,0.0059333
820,./node_820_INORM,0.5825424,1.9779109e-14
226,./node_226_INORM,0.4087009,0.0000001
1871,./node_1871_INORM,0.2296750,0.0008444
2022,./node_2022_INORM,0.2738889,0.0002242
725,./node_725_INORM,0.4947833,2.0522916e-11
1153,./node_1153_INORM,0.2377220,0.0016245
1450,./node_1450_INORM,0.2966952,0.0000672
401,./node_401_INORM,0.4028394,0.0000002
102,./node_102_INORM,0.4863581,1.4725288e-10
190,./node_190_INORM,0.3780079,0.0000005
493,./node_493_INORM,0.4961106,4.7584379e-11
249,./node_249_INORM,0.4061476,0.0000002
1218,./node_1218_INORM,0.3439955,0.0000110
590,./node_590_INORM,0.5028099,8.3378205e-11
1618,./node_1618_INORM,0.3589720,0.0000279
49,./node_49_INORM,0.4367122,2.3993297e-09
649,./node_649_INORM,0.5858653,9.701704e-15
1972,./node_1972_INORM,0.2932019,0.0001910
325,./node_325_INORM,0.4096781,0.0000001
626,./node_626_INORM,0.5060479,1.8294589e-11
1389,./node_1389_INORM,0.5268214,3.2949938e-11
1677,./node_1677_INORM,0.1955072,0.0081597
26,./node_26_INORM,0.4688954,2.399789e-10
923,./node_923_INORM,0.5530962,8.8955815e-12
1374,./node_1374_INORM,0.2633035,0.0003443
502,./node_502_INORM,0.5226402,6.665502e-11
1050,./node_1050_INORM,0.5453651,3.8692241e-12
1553,./node_1553_INORM,0.4411707,5.441983e-09
1033,./node_1033_INORM,0.5666256,2.3919244e-12
1530,./node_1530_INORM,0.3303745,0.0000106
561,./node_561_INORM,0.5324442,5.0665065e-12
1614,./node_1614_INORM,0.2231100,0.0028757
1317,./node_1317_INORM,0.4524656,4.7514216e-08
940,./node_940_INORM,0.5429462,2.642918e-12
45,./node_45_INORM,0.4564525,7.507587e-10
346,./node_346_INORM,0.5296741,4.8729539e-12
1911,./node_1911_INORM,0.2279802,0.0020758
645,./node_645_INORM,0.5178472,5.345289e-12
329,./node_329_INORM,0.5017764,3.8736984e-11
1983,./node_1983_INORM,0.3361199,0.0000113
1385,./node_1385_INORM,0.3575886,0.0000048
1378,./node_1378_INORM,0.3296358,0.0000054
1686,./node_1686_INORM,0.2773166,0.0004674
1286,./node_1286_INORM,0.5863065,4.0374076e-14
1778,./node_1778_INORM,0.1521255,0.0252671
1785,./node_1785_INORM,0.3561535,0.0000018
1880,./node_1880_INORM,0.1834898,0.0100088
729,./node_729_INORM,0.6030626,8.502585e-16
462,./node_462_INORM,0.5223520,4.4492395e-12
161,./node_161_INORM,0.4007326,2.448593e-08
1130,./node_1130_INORM,0.4257516,0.0000011
1433,./node_1433_INORM,0.3712552,0.0000010
1812,./node_1812_INORM,0.2663731,0.0000771
245,./node_245_INORM,0.5356578,4.1545838e-12
746,./node_746_INORM,0.5323813,3.1750827e-12
2041,./node_2041_INORM,0.2930969,0.0000746
1717,./node_1717_INORM,0.1689748,0.0153104
843,./node_843_INORM,0.6012469,6.751355e-15
1214,./node_1214_INORM,0.3495788,0.0000027
1359,./node_1359_INORM,0.3820450,0.0000006
308,./node_308_INORM,0.5114881,2.3554196e-11
1583,./node_1583_INORM,0.4023805,0.0000018
1080,./node_1080_INORM,0.5469155,5.6338365e-13
540,./node_540_INORM,0.4544730,1.5369497e-10
1012,./node_1012_INORM,0.5323733,2.8805977e-12
1511,./node_1511_INORM,0.2132186,0.0039705
1930,./node_1930_INORM,0.1991805,0.0061946
699,./node_699_INORM,0.4855343,1.1469467e-11
367,./node_367_INORM,0.4889715,4.1571569e-10
6,./node_6_INORM,0.4709216,6.062289e-11
664,./node_664_INORM,0.5449416,3.3201693e-13
99,./node_99_INORM,0.3661544,0.0000005
1635,./node_1635_INORM,0.2994905,0.0000884
961,./node_961_INORM,0.2645993,0.0005377
1336,./node_1336_INORM,0.3573778,0.0000018
64,./node_64_INORM,0.4361109,4.1755769e-09
1111,./node_1111_INORM,0.5048870,2.7603281e-10
1412,./node_1412_INORM,0.4626341,0.0000001
443,./node_443_INORM,0.4669693,8.927592e-10
140,./node_140_INORM,0.3843165,0.0000005
1736,./node_1736_INORM,0.3553706,0.0000031
1235,./node_1235_INORM,0.4729957,1.6149656e-08
862,./node_862_INORM,0.5712125,5.043124e-14
264,./node_264_INORM,0.5098492,5.217833e-12
1833,./node_1833_INORM,0.1539559,0.0241819
767,./node_767_INORM,0.6153941,8.6846335e-17
299,./node_299_INORM,0.4040071,0.0000005
708,./node_708_INORM,0.4769663,2.827921e-11
1759,./node_1759_INORM,0.3827921,0.0000001
1480,./node_1480_INORM,0.3200588,0.0000110
1183,./node_1183_INORM,0.3106573,0.0000528
