node,name,H2r,rp
1997,./node_1997_INORM,0.1840755,0.0106670
680,./node_680_INORM,0.1516412,0.0237674
383,./node_383_INORM,0.2054738,0.0057031
985,./node_985_INORM,0.1216421,0.0610562
1692,./node_1692_INORM,0.1055911,0.0768517
1391,./node_1391_INORM,0.0869592,0.1303466
978,./node_978_INORM,0.1320811,0.0477284
559,./node_559_INORM,0.1480239,0.0253933
1048,./node_1048_INORM,0.0640693,0.2085945
1524,./node_1524_INORM,0.0000000,0.5000000
1027,./node_1027_INORM,0.0929307,0.1163282
536,./node_536_INORM,0.1684161,0.0125193
33,./node_33_INORM,0.1891179,0.0164538
1303,./node_1303_INORM,0.1499458,0.0308360
1600,./node_1600_INORM,0.0000000,0.5000000
917,./node_917_INORM,0.1499942,0.0316311
311,./node_311_INORM,0.0829346,0.1453457
612,./node_612_INORM,0.2079778,0.0082699
1905,./node_1905_INORM,0.1180473,0.0497944
435,./node_435_INORM,0.2608974,0.0020705
136,./node_136_INORM,0.2214582,0.0052476
1427,./node_1427_INORM,0.0685279,0.1818713
1124,./node_1124_INORM,0.0854829,0.1364161
212,./node_212_INORM,0.1878364,0.0146908
1806,./node_1806_INORM,0.1468255,0.0307779
711,./node_711_INORM,0.1518027,0.0255726
1200,./node_1200_INORM,0.0372245,0.3166486
814,./node_814_INORM,0.2041328,0.0086429
1703,./node_1703_INORM,0.0159331,0.4117075
1791,./node_1791_INORM,0.1246372,0.0489491
886,./node_886_INORM,0.1544996,0.0281482
1292,./node_1292_INORM,0.1896980,0.0074781
783,./node_783_INORM,0.1600877,0.0193783
1894,./node_1894_INORM,0.0991770,0.0797342
1869,./node_1869_INORM,0.0662359,0.1682791
280,./node_280_INORM,0.1645577,0.0196933
1448,./node_1448_INORM,0.0742530,0.1599959
159,./node_159_INORM,0.2148121,0.0062946
517,./node_517_INORM,0.1865247,0.0156578
12,./node_12_INORM,0.1669151,0.0287750
1505,./node_1505_INORM,0.0000000,0.5000000
1006,./node_1006_INORM,0.1085867,0.0825382
330,./node_330_INORM,0.0880767,0.1391252
633,./node_633_INORM,0.1493153,0.0334950
1924,./node_1924_INORM,0.1270203,0.0409922
1322,./node_1322_INORM,0.1830277,0.0101227
1621,./node_1621_INORM,0.0000000,0.5000000
936,./node_936_INORM,0.1753838,0.0144942
959,./node_959_INORM,0.1679994,0.0161609
1094,./node_1094_INORM,0.1406105,0.0386542
1069,./node_1069_INORM,0.1020268,0.0933251
1597,./node_1597_INORM,0.1299227,0.0498124
578,./node_578_INORM,0.1399958,0.0320025
80,./node_80_INORM,0.1916466,0.0156624
585,./node_585_INORM,0.2531627,0.0027040
1848,./node_1848_INORM,0.0546862,0.2181996
185,./node_185_INORM,0.2252071,0.0039708
486,./node_486_INORM,0.1851437,0.0081981
178,./node_178_INORM,0.0828489,0.1576279
1197,./node_1197_INORM,0.0618066,0.2148634
1469,./node_1469_INORM,0.1750512,0.0132828
1494,./node_1494_INORM,0.1397236,0.0365161
1406,./node_1406_INORM,0.1580481,0.0252372
1105,./node_1105_INORM,0.1625900,0.0198201
414,./node_414_INORM,0.1798430,0.0131460
117,./node_117_INORM,0.1770410,0.0172995
1221,./node_1221_INORM,0.0687769,0.1759508
835,./node_835_INORM,0.2160794,0.0067793
1722,./node_1722_INORM,0.0442084,0.2760597
233,./node_233_INORM,0.2126080,0.0062638
1827,./node_1827_INORM,0.1752379,0.0130221
730,./node_730_INORM,0.1938519,0.0125203
2017,./node_2017_INORM,0.1041920,0.0855655
250,./node_250_INORM,0.1815453,0.0157365
753,./node_753_INORM,0.1635738,0.0196779
1844,./node_1844_INORM,0.0979187,0.0915983
1242,./node_1242_INORM,0.0556118,0.2315521
1741,./node_1741_INORM,0.0455034,0.2594604
856,./node_856_INORM,0.1954423,0.0104358
477,./node_477_INORM,0.1873960,0.0155751
189,./node_189_INORM,0.0488846,0.2765006
174,./node_174_INORM,0.0522745,0.2610863
1465,./node_1465_INORM,0.0000000,0.5000000
1166,./node_1166_INORM,0.0907114,0.1198664
1498,./node_1498_INORM,0.1560868,0.0235261
1109,./node_1109_INORM,0.1385359,0.0353014
418,./node_418_INORM,0.1938911,0.0078654
839,./node_839_INORM,0.2084081,0.0087448
1509,./node_1509_INORM,0.0000000,0.5000000
1928,./node_1928_INORM,0.2252879,0.0023193
1341,./node_1341_INORM,0.1397027,0.0400645
955,./node_955_INORM,0.1315851,0.0495666
1642,./node_1642_INORM,0.0577809,0.2222995
353,./node_353_INORM,0.2109285,0.0097931
1947,./node_1947_INORM,0.0684049,0.1778469
650,./node_650_INORM,0.1885127,0.0134013
1098,./node_1098_INORM,0.0866890,0.1354959
1566,./node_1566_INORM,0.0324192,0.3319202
1065,./node_1065_INORM,0.1331069,0.0440369
574,./node_574_INORM,0.2045279,0.0085690
589,./node_589_INORM,0.1239414,0.0606850
71,./node_71_INORM,0.1599789,0.0317470
439,./node_439_INORM,0.1879370,0.0084393
1128,./node_1128_INORM,0.0347453,0.3236764
818,./node_818_INORM,0.1648401,0.0192655
1263,./node_1263_INORM,0.0731565,0.1590348
1760,./node_1760_INORM,0.0966336,0.0912014
877,./node_877_INORM,0.1630359,0.0224925
2036,./node_2036_INORM,0.1579477,0.0189790
1898,./node_1898_INORM,0.0889459,0.0992545
271,./node_271_INORM,0.0578467,0.2365303
772,./node_772_INORM,0.1654618,0.0165653
1865,./node_1865_INORM,0.1647120,0.0204757
1444,./node_1444_INORM,0.0572241,0.2212281
1147,./node_1147_INORM,0.0955786,0.1137409
456,./node_456_INORM,0.1607544,0.0178662
155,./node_155_INORM,0.1622350,0.0300897
372,./node_372_INORM,0.1773613,0.0147823
1966,./node_1966_INORM,0.2023526,0.0045496
671,./node_671_INORM,0.1541641,0.0228902
1360,./node_1360_INORM,0.1074812,0.0841140
989,./node_989_INORM,0.1356895,0.0429312
974,./node_974_INORM,0.1506939,0.0280434
1663,./node_1663_INORM,0.0455440,0.2709309
555,./node_555_INORM,0.2304576,0.0047234
50,./node_50_INORM,0.1559256,0.0378784
1547,./node_1547_INORM,0.0000000,0.5000000
1044,./node_1044_INORM,0.1307262,0.0475961
1528,./node_1528_INORM,0.0000000,0.5000000
1909,./node_1909_INORM,0.0869444,0.1040959
1334,./node_1334_INORM,0.0955325,0.1121654
920,./node_920_INORM,0.1895617,0.0095329
1637,./node_1637_INORM,0.0331222,0.3279412
326,./node_326_INORM,0.1896677,0.0095731
1932,./node_1932_INORM,0.0804209,0.1408233
625,./node_625_INORM,0.1918126,0.0154824
1513,./node_1513_INORM,0.1306435,0.0453483
1010,./node_1010_INORM,0.1206756,0.0611768
501,./node_501_INORM,0.1862767,0.0158478
96,./node_96_INORM,0.0982322,0.1191590
593,./node_593_INORM,0.1372653,0.0449354
1082,./node_1082_INORM,0.1098768,0.0774546
1581,./node_1581_INORM,0.0000000,0.5000000
349,./node_349_INORM,0.1686253,0.0220822
1658,./node_1658_INORM,0.1029929,0.0850298
1181,./node_1181_INORM,0.0308020,0.3440647
1482,./node_1482_INORM,0.0310345,0.3352311
193,./node_193_INORM,0.1737160,0.0214634
490,./node_490_INORM,0.1891258,0.0130792
1258,./node_1258_INORM,0.0505131,0.2526892
749,./node_749_INORM,0.1481480,0.0270129
225,./node_225_INORM,0.2034552,0.0085929
726,./node_726_INORM,0.1798317,0.0167960
1831,./node_1831_INORM,0.0787163,0.1352060
1237,./node_1237_INORM,0.0064031,0.4664384
1734,./node_1734_INORM,0.0162831,0.4086481
823,./node_823_INORM,0.1942968,0.0069742
402,./node_402_INORM,0.1672092,0.0161290
101,./node_101_INORM,0.1518636,0.0345372
1410,./node_1410_INORM,0.0000000,0.5000000
1113,./node_1113_INORM,0.0949980,0.1087277
1684,./node_1684_INORM,0.0445003,0.2658121
993,./node_993_INORM,0.1228848,0.0586489
1679,./node_1679_INORM,0.0313947,0.3356522
1387,./node_1387_INORM,0.0000000,0.5000000
368,./node_368_INORM,0.1922456,0.0082947
696,./node_696_INORM,0.2010847,0.0107705
1981,./node_1981_INORM,0.0643811,0.1955927
395,./node_395_INORM,0.0683553,0.1868824
307,./node_307_INORM,0.2068207,0.0064123
1913,./node_1913_INORM,0.0869822,0.1031587
604,./node_604_INORM,0.1460194,0.0273623
2,./node_2_INORM,0.1775133,0.0233632
1315,./node_1315_INORM,0.0917349,0.1163306
901,./node_901_INORM,0.1728080,0.0174688
1616,./node_1616_INORM,0.0280215,0.3520548
520,./node_520_INORM,0.1498562,0.0241777
25,./node_25_INORM,0.1602962,0.0322276
1532,./node_1532_INORM,0.1367044,0.0425879
1031,./node_1031_INORM,0.0823191,0.1435703
1216,./node_1216_INORM,0.0591251,0.2153365
1715,./node_1715_INORM,0.0503576,0.2513314
802,./node_802_INORM,0.1642667,0.0200792
2043,./node_2043_INORM,0.1381338,0.0390411
204,./node_204_INORM,0.1838324,0.0127694
707,./node_707_INORM,0.1518507,0.0246501
1810,./node_1810_INORM,0.0282998,0.3398827
1431,./node_1431_INORM,0.0828782,0.1385057
1132,./node_1132_INORM,0.1187987,0.0628117
423,./node_423_INORM,0.1634946,0.0161606
120,./node_120_INORM,0.1095878,0.0973394
1882,./node_1882_INORM,0.1598198,0.0204691
795,./node_795_INORM,0.1922371,0.0081619
296,./node_296_INORM,0.1681644,0.0166255
768,./node_768_INORM,0.2002306,0.0115882
890,./node_890_INORM,0.2122363,0.0056567
1787,./node_1787_INORM,0.0402430,0.2935278
1279,./node_1279_INORM,0.1490968,0.0251978
1284,./node_1284_INORM,0.1880266,0.0077593
1719,./node_1719_INORM,0.0664945,0.1818911
208,./node_208_INORM,0.2072231,0.0083240
440,./node_440_INORM,0.1225510,0.0526923
143,./node_143_INORM,0.2170116,0.0054455
1452,./node_1452_INORM,0.1499864,0.0262365
1151,./node_1151_INORM,0.1420101,0.0324432
267,./node_267_INORM,0.0744849,0.1741222
799,./node_799_INORM,0.1942589,0.0114818
2020,./node_2020_INORM,0.1447626,0.0258256
1873,./node_1873_INORM,0.0862145,0.1252795
764,./node_764_INORM,0.2050450,0.0087659
1275,./node_1275_INORM,0.0942199,0.1108147
861,./node_861_INORM,0.1813611,0.0147264
1776,./node_1776_INORM,0.0169606,0.4035979
1288,./node_1288_INORM,0.0956667,0.0965169
1551,./node_1551_INORM,0.0823243,0.1387982
1052,./node_1052_INORM,0.2025973,0.0055863
543,./node_543_INORM,0.2028561,0.0082928
46,./node_46_INORM,0.1939416,0.0147079
1688,./node_1688_INORM,0.0484663,0.2487522
1376,./node_1376_INORM,0.0273174,0.3577578
1675,./node_1675_INORM,0.0000000,0.5000000
962,./node_962_INORM,0.1435596,0.0387400
364,./node_364_INORM,0.2367200,0.0035972
399,./node_399_INORM,0.1873607,0.0141665
667,./node_667_INORM,0.1516573,0.0240988
1970,./node_1970_INORM,0.1286404,0.0478123
608,./node_608_INORM,0.1910748,0.0127037
1319,./node_1319_INORM,0.0900157,0.1216303
29,./node_29_INORM,0.1876962,0.0175581
1473,./node_1473_INORM,0.1496839,0.0297192
1170,./node_1170_INORM,0.1795280,0.0121295
461,./node_461_INORM,0.1813195,0.0170735
162,./node_162_INORM,0.2205955,0.0048312
1254,./node_1254_INORM,0.0002526,0.4987384
840,./node_840_INORM,0.2261527,0.0039742
1757,./node_1757_INORM,0.1373508,0.0358485
246,./node_246_INORM,0.2299597,0.0033709
2001,./node_2001_INORM,0.0741498,0.1646476
1852,./node_1852_INORM,0.0552768,0.2115136
745,./node_745_INORM,0.1698968,0.0142136
229,./node_229_INORM,0.0783316,0.1667063
1738,./node_1738_INORM,0.1002267,0.0965424
1338,./node_1338_INORM,0.0977853,0.0923644
629,./node_629_INORM,0.1709399,0.0138242
562,./node_562_INORM,0.1519770,0.0217835
67,./node_67_INORM,0.1603484,0.0338031
1570,./node_1570_INORM,0.1339640,0.0424838
1073,./node_1073_INORM,0.1175727,0.0647507
345,./node_345_INORM,0.1406056,0.0517480
646,./node_646_INORM,0.1455778,0.0307613
1951,./node_1951_INORM,0.1034050,0.0864536
1357,./node_1357_INORM,0.1496354,0.0267006
1654,./node_1654_INORM,0.0069894,0.4610473
943,./node_943_INORM,0.1744052,0.0153764
815,./node_815_INORM,0.1659365,0.0168792
1702,./node_1702_INORM,0.0000000,0.5000000
1201,./node_1201_INORM,0.0285205,0.3562503
1807,./node_1807_INORM,0.0579391,0.2177362
710,./node_710_INORM,0.2249066,0.0058868
213,./node_213_INORM,0.2121695,0.0069017
1125,./node_1125_INORM,0.2023434,0.0056177
1426,./node_1426_INORM,0.0796294,0.1483109
137,./node_137_INORM,0.1789092,0.0206854
434,./node_434_INORM,0.1944289,0.0097783
158,./node_158_INORM,0.1947092,0.0106987
1449,./node_1449_INORM,0.0000000,0.5000000
1868,./node_1868_INORM,0.0601012,0.1888679
281,./node_281_INORM,0.2006237,0.0088463
782,./node_782_INORM,0.1763174,0.0118060
1895,./node_1895_INORM,0.1936056,0.0062160
1293,./node_1293_INORM,0.1814044,0.0098108
1790,./node_1790_INORM,0.0546248,0.2170915
887,./node_887_INORM,0.1701248,0.0192656
1049,./node_1049_INORM,0.0971990,0.1064704
558,./node_558_INORM,0.1464788,0.0259317
1390,./node_1390_INORM,0.0174404,0.4066670
979,./node_979_INORM,0.1162585,0.0720424
984,./node_984_INORM,0.1532351,0.0263919
1693,./node_1693_INORM,0.0839865,0.1278373
382,./node_382_INORM,0.1982504,0.0082442
1996,./node_1996_INORM,0.0692378,0.1785279
681,./node_681_INORM,0.1567979,0.0214107
613,./node_613_INORM,0.1414808,0.0309613
1904,./node_1904_INORM,0.0733534,0.1666149
310,./node_310_INORM,0.0755314,0.1813243
1601,./node_1601_INORM,0.0468903,0.2659191
916,./node_916_INORM,0.1661329,0.0171877
1302,./node_1302_INORM,0.0485090,0.2534455
32,./node_32_INORM,0.1564906,0.0378181
537,./node_537_INORM,0.1611774,0.0303156
1026,./node_1026_INORM,0.1216063,0.0613643
1525,./node_1525_INORM,0.1116921,0.0729919
1495,./node_1495_INORM,0.0522415,0.2400870
1468,./node_1468_INORM,0.0279971,0.3516712
1196,./node_1196_INORM,0.1070539,0.0833433
179,./node_179_INORM,0.1697263,0.0225014
487,./node_487_INORM,0.1608091,0.0191013
184,./node_184_INORM,0.2129777,0.0061140
1849,./node_1849_INORM,0.0458324,0.2692540
1826,./node_1826_INORM,0.0381494,0.2888456
731,./node_731_INORM,0.1574343,0.0205280
232,./node_232_INORM,0.1425971,0.0477213
834,./node_834_INORM,0.1696503,0.0190975
1723,./node_1723_INORM,0.0376093,0.3067659
1220,./node_1220_INORM,0.1380753,0.0409163
116,./node_116_INORM,0.1692159,0.0232516
415,./node_415_INORM,0.1155492,0.0634288
1104,./node_1104_INORM,0.1179905,0.0641773
1407,./node_1407_INORM,0.0712774,0.1705029
1620,./node_1620_INORM,0.0296671,0.3418511
937,./node_937_INORM,0.1088907,0.0929962
1323,./node_1323_INORM,0.0000000,0.5000000
632,./node_632_INORM,0.2343512,0.0045603
1925,./node_1925_INORM,0.2056659,0.0055197
331,./node_331_INORM,0.1959364,0.0096106
1007,./node_1007_INORM,0.2089555,0.0063104
1504,./node_1504_INORM,0.0721119,0.1709759
13,./node_13_INORM,0.1722946,0.0257327
516,./node_516_INORM,0.1494856,0.0389009
584,./node_584_INORM,0.1987470,0.0105340
579,./node_579_INORM,0.2193398,0.0064666
81,./node_81_INORM,0.1946080,0.0139385
1596,./node_1596_INORM,0.0995552,0.0934021
1068,./node_1068_INORM,0.0906611,0.1285311
1095,./node_1095_INORM,0.0937304,0.1113764
958,./node_958_INORM,0.1401598,0.0385245
1929,./node_1929_INORM,0.1040807,0.0696509
1508,./node_1508_INORM,0.0000000,0.5000000
588,./node_588_INORM,0.1264840,0.0557508
70,./node_70_INORM,0.1519333,0.0403290
575,./node_575_INORM,0.1580871,0.0164717
1064,./node_1064_INORM,0.1264296,0.0540532
1567,./node_1567_INORM,0.0613637,0.2084100
1099,./node_1099_INORM,0.1412006,0.0378667
1946,./node_1946_INORM,0.1060883,0.0800432
651,./node_651_INORM,0.1939024,0.0117337
352,./node_352_INORM,0.2152227,0.0051068
954,./node_954_INORM,0.1409283,0.0385885
1643,./node_1643_INORM,0.0694887,0.1729128
1340,./node_1340_INORM,0.0589849,0.2114985
1499,./node_1499_INORM,0.0000000,0.5000000
1167,./node_1167_INORM,0.0779464,0.1544604
1464,./node_1464_INORM,0.0743598,0.1651083
175,./node_175_INORM,0.1090266,0.0935915
188,./node_188_INORM,0.2180640,0.0056124
476,./node_476_INORM,0.0911535,0.1282847
1740,./node_1740_INORM,0.0268099,0.3521467
857,./node_857_INORM,0.1913005,0.0110911
1243,./node_1243_INORM,0.0947506,0.1094779
752,./node_752_INORM,0.1698006,0.0153370
1845,./node_1845_INORM,0.2484839,0.0012691
2016,./node_2016_INORM,0.0837430,0.1359121
251,./node_251_INORM,0.2056458,0.0082953
838,./node_838_INORM,0.1818571,0.0142595
419,./node_419_INORM,0.1836433,0.0094655
1108,./node_1108_INORM,0.0988530,0.0994359
1045,./node_1045_INORM,0.1219588,0.0606032
1546,./node_1546_INORM,0.0000000,0.5000000
51,./node_51_INORM,0.1606006,0.0339460
554,./node_554_INORM,0.1559198,0.0183584
975,./node_975_INORM,0.1470269,0.0335701
1662,./node_1662_INORM,0.1990907,0.0060835
1361,./node_1361_INORM,0.1556219,0.0235359
988,./node_988_INORM,0.1448700,0.0317025
1967,./node_1967_INORM,0.1297247,0.0355420
670,./node_670_INORM,0.1510571,0.0253099
373,./node_373_INORM,0.2599120,0.0017201
1908,./node_1908_INORM,0.2099627,0.0050895
1529,./node_1529_INORM,0.0000000,0.5000000
819,./node_819_INORM,0.2103915,0.0081244
1129,./node_1129_INORM,0.0875492,0.1256120
438,./node_438_INORM,0.1498168,0.0243875
154,./node_154_INORM,0.1821880,0.0148375
457,./node_457_INORM,0.1824132,0.0180626
1146,./node_1146_INORM,0.1824344,0.0109595
1445,./node_1445_INORM,0.0754201,0.1618266
773,./node_773_INORM,0.2068275,0.0082120
1864,./node_1864_INORM,0.0536298,0.2165096
1899,./node_1899_INORM,0.1051177,0.0733670
2037,./node_2037_INORM,0.1113801,0.0785888
270,./node_270_INORM,0.1834836,0.0155325
1761,./node_1761_INORM,0.0420292,0.2871551
876,./node_876_INORM,0.1951833,0.0094175
1262,./node_1262_INORM,0.0626779,0.2099174
748,./node_748_INORM,0.2044913,0.0087899
1259,./node_1259_INORM,0.0174199,0.4089783
491,./node_491_INORM,0.2309563,0.0045005
192,./node_192_INORM,0.1777885,0.0198259
1483,./node_1483_INORM,0.0000000,0.5000000
1180,./node_1180_INORM,0.0698015,0.1752014
1112,./node_1112_INORM,0.1042283,0.0938144
1411,./node_1411_INORM,0.0000000,0.5000000
100,./node_100_INORM,0.2117026,0.0077909
403,./node_403_INORM,0.1691326,0.0145134
1735,./node_1735_INORM,0.2154737,0.0037083
822,./node_822_INORM,0.1665153,0.0167130
1236,./node_1236_INORM,0.0738736,0.1727877
727,./node_727_INORM,0.1619244,0.0192024
1830,./node_1830_INORM,0.0703996,0.1748075
224,./node_224_INORM,0.1873655,0.0119042
500,./node_500_INORM,0.1729977,0.0112426
1011,./node_1011_INORM,0.0979346,0.1034221
1512,./node_1512_INORM,0.0348628,0.3216547
1933,./node_1933_INORM,0.1193183,0.0480905
624,./node_624_INORM,0.1322946,0.0456777
327,./node_327_INORM,0.2078627,0.0071399
921,./node_921_INORM,0.1294532,0.0581567
1636,./node_1636_INORM,0.0000000,0.5000000
1335,./node_1335_INORM,0.0024291,0.4872111
1659,./node_1659_INORM,0.0791455,0.1494255
348,./node_348_INORM,0.2034898,0.0075599
1580,./node_1580_INORM,0.0633003,0.1947017
1083,./node_1083_INORM,0.0901461,0.1253084
592,./node_592_INORM,0.1656925,0.0251069
97,./node_97_INORM,0.1606843,0.0311107
121,./node_121_INORM,0.1920472,0.0150572
422,./node_422_INORM,0.1629126,0.0167381
1133,./node_1133_INORM,0.1400192,0.0385986
1430,./node_1430_INORM,0.0255984,0.3652255
706,./node_706_INORM,0.1968269,0.0121820
1811,./node_1811_INORM,0.2411416,0.0015834
2042,./node_2042_INORM,0.1140881,0.0717683
205,./node_205_INORM,0.1802846,0.0182967
1714,./node_1714_INORM,0.0382434,0.2976412
803,./node_803_INORM,0.2187604,0.0066533
1217,./node_1217_INORM,0.1715841,0.0146486
1285,./node_1285_INORM,0.0866411,0.1292510
891,./node_891_INORM,0.1480705,0.0286794
1278,./node_1278_INORM,0.0486510,0.2517213
1786,./node_1786_INORM,0.1833998,0.0115663
769,./node_769_INORM,0.1659703,0.0172000
297,./node_297_INORM,0.0659865,0.2054567
1883,./node_1883_INORM,0.0625171,0.1984993
794,./node_794_INORM,0.1579930,0.0208671
394,./node_394_INORM,0.1706721,0.0176309
697,./node_697_INORM,0.1619125,0.0227670
369,./node_369_INORM,0.1749212,0.0186441
1980,./node_1980_INORM,0.1658359,0.0181574
1386,./node_1386_INORM,0.0083167,0.4561254
1678,./node_1678_INORM,0.0000000,0.5000000
1685,./node_1685_INORM,0.0000000,0.5000000
992,./node_992_INORM,0.1985625,0.0065447
1030,./node_1030_INORM,0.1172031,0.0643404
1533,./node_1533_INORM,0.1615520,0.0212779
24,./node_24_INORM,0.1715329,0.0273262
521,./node_521_INORM,0.1787873,0.0089710
900,./node_900_INORM,0.2254408,0.0037319
1617,./node_1617_INORM,0.0322687,0.3314500
1314,./node_1314_INORM,0.0960962,0.1065822
1912,./node_1912_INORM,0.0898426,0.0986508
3,./node_3_INORM,0.1773330,0.0229437
605,./node_605_INORM,0.1487687,0.0250275
306,./node_306_INORM,0.1941112,0.0104051
666,./node_666_INORM,0.1955614,0.0124847
398,./node_398_INORM,0.1104207,0.0723261
1971,./node_1971_INORM,0.0702236,0.1737857
365,./node_365_INORM,0.2068263,0.0059325
1674,./node_1674_INORM,0.1007567,0.0940559
963,./node_963_INORM,0.1531910,0.0250316
1377,./node_1377_INORM,0.0799073,0.1506816
1689,./node_1689_INORM,0.0316520,0.3280491
47,./node_47_INORM,0.1673329,0.0281301
542,./node_542_INORM,0.1574115,0.0203528
1053,./node_1053_INORM,0.1548719,0.0273794
1550,./node_1550_INORM,0.0416675,0.2889285
28,./node_28_INORM,0.1851803,0.0186395
1318,./node_1318_INORM,0.0488269,0.2501221
609,./node_609_INORM,0.1903367,0.0130942
209,./node_209_INORM,0.0631432,0.2227921
1718,./node_1718_INORM,0.0866145,0.1165947
860,./node_860_INORM,0.2182158,0.0060062
1289,./node_1289_INORM,0.0000000,0.5000000
1777,./node_1777_INORM,0.1239161,0.0557260
1274,./node_1274_INORM,0.1195647,0.0554089
1872,./node_1872_INORM,0.0740414,0.1648408
765,./node_765_INORM,0.1939004,0.0083455
798,./node_798_INORM,0.1631346,0.0186444
266,./node_266_INORM,0.0841337,0.1584058
2021,./node_2021_INORM,0.1629909,0.0196820
1150,./node_1150_INORM,0.0616140,0.2134552
1453,./node_1453_INORM,0.0386737,0.3002429
142,./node_142_INORM,0.1772000,0.0218763
441,./node_441_INORM,0.1865673,0.0125019
628,./node_628_INORM,0.2144819,0.0071108
1339,./node_1339_INORM,0.0407175,0.2950251
1655,./node_1655_INORM,0.2305286,0.0024921
942,./node_942_INORM,0.1709980,0.0157311
1356,./node_1356_INORM,0.0915493,0.1170946
647,./node_647_INORM,0.1449849,0.0284008
1950,./node_1950_INORM,0.1510557,0.0300928
344,./node_344_INORM,0.1988149,0.0092282
1072,./node_1072_INORM,0.0888450,0.1264921
1571,./node_1571_INORM,0.0000000,0.5000000
66,./node_66_INORM,0.1285075,0.0632694
563,./node_563_INORM,0.1001943,0.0983818
1853,./node_1853_INORM,0.0658439,0.1895193
744,./node_744_INORM,0.1634731,0.0181080
247,./node_247_INORM,0.1743486,0.0203797
2000,./node_2000_INORM,0.0715202,0.1718981
841,./node_841_INORM,0.2277668,0.0047979
1756,./node_1756_INORM,0.0081829,0.4529701
1255,./node_1255_INORM,0.1010450,0.0962637
163,./node_163_INORM,0.1623217,0.0263007
460,./node_460_INORM,0.2170566,0.0049884
1171,./node_1171_INORM,0.0278857,0.3609297
1472,./node_1472_INORM,0.0000000,0.5000000
1739,./node_1739_INORM,0.1513678,0.0281354
228,./node_228_INORM,0.1949503,0.0115420
82,./node_82_INORM,0.2086833,0.0084892
587,./node_587_INORM,0.1472040,0.0249978
1568,./node_1568_INORM,0.0000000,0.5000000
1096,./node_1096_INORM,0.0602177,0.2215631
1595,./node_1595_INORM,0.1551722,0.0273276
1949,./node_1949_INORM,0.1233502,0.0426118
1320,./node_1320_INORM,0.0806938,0.1499782
934,./node_934_INORM,0.1383515,0.0390368
1623,./node_1623_INORM,0.0000000,0.5000000
332,./node_332_INORM,0.0851899,0.1539054
1926,./node_1926_INORM,0.2344343,0.0021118
631,./node_631_INORM,0.1448027,0.0290699
1507,./node_1507_INORM,0.1746592,0.0163250
1004,./node_1004_INORM,0.1187060,0.0637333
515,./node_515_INORM,0.1906041,0.0148906
10,./node_10_INORM,0.1740399,0.0247970
231,./node_231_INORM,0.1060227,0.0929443
732,./node_732_INORM,0.1611548,0.0186795
1825,./node_1825_INORM,0.0660560,0.1910744
1223,./node_1223_INORM,0.0197448,0.3990177
1720,./node_1720_INORM,0.0635815,0.2004409
837,./node_837_INORM,0.1686060,0.0261835
416,./node_416_INORM,0.1222275,0.0718793
115,./node_115_INORM,0.1679476,0.0250251
1404,./node_1404_INORM,0.0825236,0.1398429
1107,./node_1107_INORM,0.0708361,0.1821764
1195,./node_1195_INORM,0.0505221,0.2598209
1496,./node_1496_INORM,0.1174890,0.0661548
1168,./node_1168_INORM,0.1067737,0.0887240
187,./node_187_INORM,0.2324639,0.0033126
479,./node_479_INORM,0.1944196,0.0104625
484,./node_484_INORM,0.1765513,0.0107987
858,./node_858_INORM,0.2102708,0.0077014
2019,./node_2019_INORM,0.1286720,0.0541343
313,./node_313_INORM,0.2130137,0.0055682
1907,./node_1907_INORM,0.0887414,0.0992606
610,./node_610_INORM,0.2002655,0.0117652
1301,./node_1301_INORM,0.1712251,0.0149468
915,./node_915_INORM,0.1541448,0.0359913
1602,./node_1602_INORM,0.1862011,0.0110418
534,./node_534_INORM,0.1446302,0.0279065
31,./node_31_INORM,0.1687408,0.0286220
1526,./node_1526_INORM,0.0000000,0.5000000
1025,./node_1025_INORM,0.1130786,0.0792601
1549,./node_1549_INORM,0.0804719,0.1455126
1690,./node_1690_INORM,0.0381229,0.3051652
987,./node_987_INORM,0.1234739,0.0572366
1393,./node_1393_INORM,0.1035820,0.0921158
682,./node_682_INORM,0.1667155,0.0211102
1995,./node_1995_INORM,0.1305581,0.0453443
1968,./node_1968_INORM,0.1424583,0.0291141
381,./node_381_INORM,0.2207539,0.0044675
458,./node_458_INORM,0.1695462,0.0137941
1149,./node_1149_INORM,0.0476805,0.2676597
2038,./node_2038_INORM,0.1405470,0.0320820
1896,./node_1896_INORM,0.1024981,0.0947076
781,./node_781_INORM,0.2235749,0.0060177
282,./node_282_INORM,0.0485818,0.2782775
884,./node_884_INORM,0.1787356,0.0191776
1793,./node_1793_INORM,0.1846517,0.0105937
1290,./node_1290_INORM,0.0989326,0.1055556
879,./node_879_INORM,0.2150155,0.0063396
1202,./node_1202_INORM,0.0912222,0.1185627
1701,./node_1701_INORM,0.1601513,0.0208754
816,./node_816_INORM,0.1547418,0.0221724
210,./node_210_INORM,0.2181536,0.0052499
713,./node_713_INORM,0.1803904,0.0109876
1804,./node_1804_INORM,0.0213791,0.3777446
1425,./node_1425_INORM,0.1004520,0.0918733
1126,./node_1126_INORM,0.1208936,0.0608377
437,./node_437_INORM,0.1915064,0.0078014
134,./node_134_INORM,0.1981399,0.0121494
454,./node_454_INORM,0.1709421,0.0130615
157,./node_157_INORM,0.1977207,0.0117396
1446,./node_1446_INORM,0.0452256,0.2710325
1145,./node_1145_INORM,0.1983891,0.0061684
273,./node_273_INORM,0.1970093,0.0100951
2034,./node_2034_INORM,0.1102174,0.0775599
1867,./node_1867_INORM,0.1275097,0.0495220
770,./node_770_INORM,0.1703523,0.0179328
1261,./node_1261_INORM,0.0000000,0.5000000
888,./node_888_INORM,0.1563033,0.0227866
875,./node_875_INORM,0.1546473,0.0231333
1762,./node_1762_INORM,0.0387815,0.2995717
1808,./node_1808_INORM,0.0401520,0.2946177
1429,./node_1429_INORM,0.0000000,0.5000000
138,./node_138_INORM,0.1574493,0.0344758
919,./node_919_INORM,0.1501244,0.0306628
538,./node_538_INORM,0.1482248,0.0237097
1029,./node_1029_INORM,0.1240893,0.0541832
1545,./node_1545_INORM,0.1908980,0.0099884
1046,./node_1046_INORM,0.1099795,0.0780862
557,./node_557_INORM,0.1273768,0.0468985
52,./node_52_INORM,0.1508587,0.0363161
1362,./node_1362_INORM,0.0319010,0.3323585
1661,./node_1661_INORM,0.1436525,0.0351572
976,./node_976_INORM,0.1495476,0.0313959
1999,./node_1999_INORM,0.0804711,0.1416605
370,./node_370_INORM,0.1817711,0.0158541
673,./node_673_INORM,0.1406254,0.0323792
1964,./node_1964_INORM,0.1539707,0.0189809
1829,./node_1829_INORM,0.0596946,0.1945603
119,./node_119_INORM,0.0966036,0.1224972
1408,./node_1408_INORM,0.0605118,0.2146568
1467,./node_1467_INORM,0.1445023,0.0307449
1199,./node_1199_INORM,0.0570130,0.2284443
1164,./node_1164_INORM,0.0558579,0.2300918
475,./node_475_INORM,0.1825713,0.0156837
176,./node_176_INORM,0.1723281,0.0241522
488,./node_488_INORM,0.1802669,0.0159528
1240,./node_1240_INORM,0.1605664,0.0209492
854,./node_854_INORM,0.2017604,0.0067795
1743,./node_1743_INORM,0.0371551,0.3088576
252,./node_252_INORM,0.1707834,0.0242562
2015,./node_2015_INORM,0.1255158,0.0482522
1846,./node_1846_INORM,0.1327229,0.0377314
751,./node_751_INORM,0.1791748,0.0159017
576,./node_576_INORM,0.1856544,0.0113029
73,./node_73_INORM,0.1644517,0.0254533
1564,./node_1564_INORM,0.1303596,0.0484902
1599,./node_1599_INORM,0.0213995,0.3828811
1067,./node_1067_INORM,0.0637099,0.2035452
351,./node_351_INORM,0.1104390,0.0732669
652,./node_652_INORM,0.1465444,0.0273319
1945,./node_1945_INORM,0.1096400,0.0600895
1343,./node_1343_INORM,0.0219088,0.3857908
1640,./node_1640_INORM,0.2108712,0.0056496
957,./node_957_INORM,0.1233082,0.0552386
938,./node_938_INORM,0.2187254,0.0051614
1008,./node_1008_INORM,0.2077737,0.0064900
519,./node_519_INORM,0.1495162,0.0227046
1530,./node_1530_INORM,0.0641594,0.1964731
1033,./node_1033_INORM,0.1295912,0.0493878
522,./node_522_INORM,0.1473226,0.0250939
27,./node_27_INORM,0.1685216,0.0295498
1317,./node_1317_INORM,0.0875009,0.1257253
1614,./node_1614_INORM,0.0406785,0.2866482
903,./node_903_INORM,0.2170961,0.0041788
305,./node_305_INORM,0.1889267,0.0100564
606,./node_606_INORM,0.1300484,0.0439763
1911,./node_1911_INORM,0.1382742,0.0307087
1983,./node_1983_INORM,0.1366607,0.0436383
694,./node_694_INORM,0.2042067,0.0082167
669,./node_669_INORM,0.1462914,0.0294782
397,./node_397_INORM,0.1932036,0.0101932
991,./node_991_INORM,0.1158576,0.0686674
1378,./node_1378_INORM,0.0000000,0.5000000
1686,./node_1686_INORM,0.1324419,0.0418914
1385,./node_1385_INORM,0.0565576,0.2282302
48,./node_48_INORM,0.1685445,0.0263034
1785,./node_1785_INORM,0.1061841,0.0846775
892,./node_892_INORM,0.1672334,0.0218534
1286,./node_1286_INORM,0.0212112,0.3879586
1778,./node_1778_INORM,0.0317427,0.3232004
797,./node_797_INORM,0.1787185,0.0166590
269,./node_269_INORM,0.2000440,0.0109022
1880,./node_1880_INORM,0.1024086,0.0807179
294,./node_294_INORM,0.2146809,0.0054964
421,./node_421_INORM,0.1912555,0.0079483
122,./node_122_INORM,0.2140952,0.0067845
1433,./node_1433_INORM,0.0192386,0.3995351
1130,./node_1130_INORM,0.1919399,0.0082606
206,./node_206_INORM,0.1397062,0.0455272
2041,./node_2041_INORM,0.1259182,0.0549079
1812,./node_1812_INORM,0.0420041,0.2848849
705,./node_705_INORM,0.2330487,0.0045843
1214,./node_1214_INORM,0.0153339,0.4200862
800,./node_800_INORM,0.1542088,0.0228858
1717,./node_1717_INORM,0.0000000,0.5000000
1359,./node_1359_INORM,0.0770560,0.1550777
648,./node_648_INORM,0.2065243,0.0089909
1080,./node_1080_INORM,0.0539292,0.2433130
1583,./node_1583_INORM,0.1812038,0.0126336
94,./node_94_INORM,0.2026964,0.0105319
69,./node_69_INORM,0.2028358,0.0106914
591,./node_591_INORM,0.1069106,0.0861606
503,./node_503_INORM,0.1266246,0.0644851
1511,./node_1511_INORM,0.0568808,0.2218137
1012,./node_1012_INORM,0.1449569,0.0318823
324,./node_324_INORM,0.1989255,0.0081950
627,./node_627_INORM,0.1475037,0.0281714
1930,./node_1930_INORM,0.1005331,0.0767605
1336,./node_1336_INORM,0.0113331,0.4404691
1635,./node_1635_INORM,0.1227497,0.0541662
922,./node_922_INORM,0.1539313,0.0277537
1412,./node_1412_INORM,0.1915128,0.0092555
1111,./node_1111_INORM,0.1120889,0.0749246
400,./node_400_INORM,0.1710621,0.0216059
103,./node_103_INORM,0.1530982,0.0392903
1235,./node_1235_INORM,0.0500963,0.2480838
821,./node_821_INORM,0.2199523,0.0050126
1736,./node_1736_INORM,0.1945403,0.0091558
227,./node_227_INORM,0.1246815,0.0609818
1833,./node_1833_INORM,0.0623183,0.1895177
724,./node_724_INORM,0.1588400,0.0219431
248,./node_248_INORM,0.2207503,0.0050198
1759,./node_1759_INORM,0.1737893,0.0147825
191,./node_191_INORM,0.1325917,0.0564552
492,./node_492_INORM,0.2201289,0.0048478
1183,./node_1183_INORM,0.0889459,0.1304427
1480,./node_1480_INORM,0.0000000,0.5000000
1239,./node_1239_INORM,0.1098831,0.0790717
728,./node_728_INORM,0.1928955,0.0122671
2003,./node_2003_INORM,0.2041302,0.0050129
244,./node_244_INORM,0.1370208,0.0424961
747,./node_747_INORM,0.1685756,0.0189377
1850,./node_1850_INORM,0.1749519,0.0110959
1256,./node_1256_INORM,0.1790835,0.0107678
1755,./node_1755_INORM,0.2422006,0.0016951
842,./node_842_INORM,0.1839750,0.0145402
463,./node_463_INORM,0.1955257,0.0094138
160,./node_160_INORM,0.2113775,0.0073470
1471,./node_1471_INORM,0.0920047,0.1135040
1172,./node_1172_INORM,0.0624963,0.2101110
1355,./node_1355_INORM,0.0609567,0.2035455
941,./node_941_INORM,0.1793709,0.0126555
1656,./node_1656_INORM,0.2085144,0.0050218
347,./node_347_INORM,0.1971943,0.0088815
1953,./node_1953_INORM,0.1675501,0.0128657
644,./node_644_INORM,0.1400301,0.0331285
1572,./node_1572_INORM,0.0550355,0.2292112
1071,./node_1071_INORM,0.0692746,0.1831556
98,./node_98_INORM,0.1527012,0.0397231
560,./node_560_INORM,0.1599736,0.0161314
65,./node_65_INORM,0.1240637,0.0738932
328,./node_328_INORM,0.1773414,0.0128088
1639,./node_1639_INORM,0.0826288,0.1386468
1277,./node_1277_INORM,0.0115999,0.4399396
1789,./node_1789_INORM,0.1000725,0.0879361
1774,./node_1774_INORM,0.0596818,0.1970048
863,./node_863_INORM,0.1592532,0.0251742
2022,./node_2022_INORM,0.1044586,0.0922831
265,./node_265_INORM,0.2041500,0.0081978
766,./node_766_INORM,0.1491945,0.0261876
298,./node_298_INORM,0.1786458,0.0217182
1871,./node_1871_INORM,0.0466191,0.2643447
1450,./node_1450_INORM,0.0655132,0.1937771
1153,./node_1153_INORM,0.0765516,0.1602803
442,./node_442_INORM,0.1798860,0.0181033
141,./node_141_INORM,0.2191041,0.0055363
709,./node_709_INORM,0.1914773,0.0091206
1218,./node_1218_INORM,0.1031915,0.0967175
1618,./node_1618_INORM,0.1814299,0.0110311
309,./node_309_INORM,0.0821656,0.1416418
698,./node_698_INORM,0.1557397,0.0229892
366,./node_366_INORM,0.1870882,0.0128208
1972,./node_1972_INORM,0.1321585,0.0344974
665,./node_665_INORM,0.1484297,0.0270271
1374,./node_1374_INORM,0.0333294,0.3275042
960,./node_960_INORM,0.1625541,0.0188280
1389,./node_1389_INORM,0.0378474,0.3079431
1677,./node_1677_INORM,0.0505021,0.2420685
541,./node_541_INORM,0.1516964,0.0218647
44,./node_44_INORM,0.1939803,0.0144703
1553,./node_1553_INORM,0.0828069,0.1390428
1050,./node_1050_INORM,0.1662292,0.0184113
1106,./node_1106_INORM,0.0475817,0.2673981
1405,./node_1405_INORM,0.0726699,0.1652791
114,./node_114_INORM,0.1776420,0.0180643
417,./node_417_INORM,0.1684286,0.0239197
1721,./node_1721_INORM,0.0338879,0.3237558
836,./node_836_INORM,0.1971397,0.0101417
1222,./node_1222_INORM,0.0310441,0.3411949
733,./node_733_INORM,0.1586462,0.0208819
1824,./node_1824_INORM,0.1771047,0.0115794
230,./node_230_INORM,0.0636663,0.2130828
2018,./node_2018_INORM,0.0972580,0.1049846
859,./node_859_INORM,0.1935625,0.0075812
485,./node_485_INORM,0.1803898,0.0175076
478,./node_478_INORM,0.1497721,0.0245023
186,./node_186_INORM,0.2054610,0.0088489
1169,./node_1169_INORM,0.0356250,0.3239067
1497,./node_1497_INORM,0.1752415,0.0123906
1194,./node_1194_INORM,0.0967307,0.1035805
1948,./node_1948_INORM,0.0763212,0.1533867
1594,./node_1594_INORM,0.0740936,0.1645485
1097,./node_1097_INORM,0.1823590,0.0105162
1569,./node_1569_INORM,0.0359289,0.3151833
586,./node_586_INORM,0.1533218,0.0201057
83,./node_83_INORM,0.1888160,0.0127007
11,./node_11_INORM,0.1808307,0.0216728
514,./node_514_INORM,0.1612330,0.0157918
1005,./node_1005_INORM,0.1335489,0.0445335
1506,./node_1506_INORM,0.0000000,0.5000000
1927,./node_1927_INORM,0.1341858,0.0325017
630,./node_630_INORM,0.2573395,0.0021731
333,./node_333_INORM,0.1795561,0.0162186
935,./node_935_INORM,0.1590917,0.0214486
1622,./node_1622_INORM,0.2028822,0.0065194
1321,./node_1321_INORM,0.0939073,0.1122530
1291,./node_1291_INORM,0.0277243,0.3575000
878,./node_878_INORM,0.1703280,0.0148450
885,./node_885_INORM,0.1690065,0.0198498
1792,./node_1792_INORM,0.1616046,0.0191815
283,./node_283_INORM,0.2002645,0.0093100
1897,./node_1897_INORM,0.1643272,0.0209974
2039,./node_2039_INORM,0.1427270,0.0344133
780,./node_780_INORM,0.1944745,0.0117199
1148,./node_1148_INORM,0.1101005,0.0769109
459,./node_459_INORM,0.1728448,0.0121855
135,./node_135_INORM,0.1750641,0.0183761
436,./node_436_INORM,0.1820104,0.0172893
1127,./node_1127_INORM,0.0499255,0.2622161
1424,./node_1424_INORM,0.0752395,0.1543539
712,./node_712_INORM,0.1762676,0.0160303
1805,./node_1805_INORM,0.1863064,0.0116878
211,./node_211_INORM,0.2346628,0.0029980
1700,./node_1700_INORM,0.0000000,0.5000000
817,./node_817_INORM,0.1574273,0.0215747
1203,./node_1203_INORM,0.0208518,0.3940457
1024,./node_1024_INORM,0.1345053,0.0466252
1527,./node_1527_INORM,0.1830829,0.0105565
30,./node_30_INORM,0.1643229,0.0309958
535,./node_535_INORM,0.1884509,0.0158084
914,./node_914_INORM,0.1525265,0.0302504
1603,./node_1603_INORM,0.2025417,0.0075485
1300,./node_1300_INORM,0.0887598,0.1121598
1906,./node_1906_INORM,0.0951898,0.0868116
611,./node_611_INORM,0.1495301,0.0233102
312,./node_312_INORM,0.2220416,0.0045105
1969,./node_1969_INORM,0.0961495,0.1026853
380,./node_380_INORM,0.1637657,0.0255538
683,./node_683_INORM,0.1444736,0.0307495
1994,./node_1994_INORM,0.1925976,0.0057744
1392,./node_1392_INORM,0.0198850,0.3939584
1691,./node_1691_INORM,0.0464424,0.2684648
986,./node_986_INORM,0.2124283,0.0056454
1548,./node_1548_INORM,0.1884656,0.0093966
1028,./node_1028_INORM,0.1560904,0.0246500
539,./node_539_INORM,0.2513838,0.0030192
918,./node_918_INORM,0.1490994,0.0312175
672,./node_672_INORM,0.1479547,0.0283684
1965,./node_1965_INORM,0.1508846,0.0280352
1998,./node_1998_INORM,0.0855383,0.1294955
371,./node_371_INORM,0.1636027,0.0248536
1660,./node_1660_INORM,0.0351763,0.3175087
977,./node_977_INORM,0.1368668,0.0420929
1363,./node_1363_INORM,0.0585668,0.2190945
53,./node_53_INORM,0.1443525,0.0498326
556,./node_556_INORM,0.1850151,0.0145983
1047,./node_1047_INORM,0.1039980,0.0935630
1544,./node_1544_INORM,0.0000000,0.5000000
874,./node_874_INORM,0.1770721,0.0117044
1763,./node_1763_INORM,0.0173857,0.4006418
1260,./node_1260_INORM,0.1822803,0.0101399
889,./node_889_INORM,0.1696787,0.0188868
1866,./node_1866_INORM,0.0581112,0.2173792
771,./node_771_INORM,0.2062537,0.0094905
272,./node_272_INORM,0.0757549,0.1686611
2035,./node_2035_INORM,0.1666593,0.0161016
1144,./node_1144_INORM,0.1220155,0.0590374
1447,./node_1447_INORM,0.1776836,0.0112873
156,./node_156_INORM,0.1660841,0.0267120
455,./node_455_INORM,0.1581235,0.0179290
139,./node_139_INORM,0.1602240,0.0314755
1428,./node_1428_INORM,0.0731822,0.1639714
1809,./node_1809_INORM,0.0451435,0.2700037
1641,./node_1641_INORM,0.1616340,0.0187761
956,./node_956_INORM,0.1399437,0.0388102
1342,./node_1342_INORM,0.0879678,0.1244311
653,./node_653_INORM,0.1458727,0.0290456
1944,./node_1944_INORM,0.1658953,0.0140743
350,./node_350_INORM,0.1962532,0.0092806
1066,./node_1066_INORM,0.2029867,0.0061569
1598,./node_1598_INORM,0.0315913,0.3355509
1565,./node_1565_INORM,0.1812625,0.0116674
72,./node_72_INORM,0.1694187,0.0245898
577,./node_577_INORM,0.1920349,0.0141852
518,./node_518_INORM,0.1821770,0.0134218
1009,./node_1009_INORM,0.1511348,0.0272630
939,./node_939_INORM,0.1296071,0.0468870
1409,./node_1409_INORM,0.0154745,0.4186823
118,./node_118_INORM,0.2137772,0.0067421
1828,./node_1828_INORM,0.0995111,0.0817385
1847,./node_1847_INORM,0.0693471,0.1580796
750,./node_750_INORM,0.1608772,0.0193303
253,./node_253_INORM,0.1520908,0.0400404
2014,./node_2014_INORM,0.0878932,0.1234320
855,./node_855_INORM,0.1563606,0.0222096
1742,./node_1742_INORM,0.1124486,0.0651080
1241,./node_1241_INORM,0.0383562,0.3098107
489,./node_489_INORM,0.1398548,0.0472446
177,./node_177_INORM,0.1948265,0.0126758
474,./node_474_INORM,0.0853661,0.1388532
1165,./node_1165_INORM,0.1389597,0.0389398
1198,./node_1198_INORM,0.1908799,0.0076282
1466,./node_1466_INORM,0.1182435,0.0658465
295,./node_295_INORM,0.1603771,0.0198011
268,./node_268_INORM,0.0972318,0.1077123
796,./node_796_INORM,0.1732145,0.0192756
1881,./node_1881_INORM,0.0461827,0.2652264
1779,./node_1779_INORM,0.0365069,0.3013462
1287,./node_1287_INORM,0.1124461,0.0784419
1784,./node_1784_INORM,0.0322938,0.3223577
893,./node_893_INORM,0.1505458,0.0277020
801,./node_801_INORM,0.1752199,0.0163350
1716,./node_1716_INORM,0.0000000,0.5000000
1215,./node_1215_INORM,0.0181885,0.4054790
1813,./node_1813_INORM,0.0896914,0.1043756
704,./node_704_INORM,0.1811004,0.0115645
207,./node_207_INORM,0.1488539,0.0343518
2040,./node_2040_INORM,0.1331986,0.0414159
1131,./node_1131_INORM,0.0331935,0.3297292
1432,./node_1432_INORM,0.1401219,0.0327780
123,./node_123_INORM,0.1812804,0.0199869
420,./node_420_INORM,0.1479996,0.0273352
607,./node_607_INORM,0.1453565,0.0279423
1,./node_1_INORM,0.1770363,0.0234613
1910,./node_1910_INORM,0.0825527,0.1348377
304,./node_304_INORM,0.1976403,0.0091672
1615,./node_1615_INORM,0.1121860,0.0734534
902,./node_902_INORM,0.1582996,0.0261625
1316,./node_1316_INORM,0.1736847,0.0144639
26,./node_26_INORM,0.1699995,0.0241176
523,./node_523_INORM,0.1543437,0.0208242
1032,./node_1032_INORM,0.1567586,0.0245324
1531,./node_1531_INORM,0.1499294,0.0268408
49,./node_49_INORM,0.1948746,0.0140935
1384,./node_1384_INORM,0.0850203,0.1308977
990,./node_990_INORM,0.1134535,0.0718088
1687,./node_1687_INORM,0.0513533,0.2480661
1379,./node_1379_INORM,0.0817873,0.1415711
396,./node_396_INORM,0.1945309,0.0071446
668,./node_668_INORM,0.1814055,0.0120235
1982,./node_1982_INORM,0.0711657,0.1743824
695,./node_695_INORM,0.2144270,0.0074349
1832,./node_1832_INORM,0.0476168,0.2432324
725,./node_725_INORM,0.1784349,0.0151031
226,./node_226_INORM,0.1775348,0.0188506
820,./node_820_INORM,0.2163013,0.0057991
1737,./node_1737_INORM,0.0451781,0.2652243
1234,./node_1234_INORM,0.0680964,0.1824168
102,./node_102_INORM,0.1734260,0.0221728
401,./node_401_INORM,0.1816535,0.0101990
1110,./node_1110_INORM,0.1804145,0.0116910
1413,./node_1413_INORM,0.0795960,0.1474781
1481,./node_1481_INORM,0.0038707,0.4793027
1182,./node_1182_INORM,0.1213111,0.0598177
493,./node_493_INORM,0.2041974,0.0092006
190,./node_190_INORM,0.1753284,0.0195578
1758,./node_1758_INORM,0.0482340,0.2599706
249,./node_249_INORM,0.1844287,0.0135234
68,./node_68_INORM,0.1738961,0.0242204
590,./node_590_INORM,0.1850955,0.0175087
95,./node_95_INORM,0.1242923,0.0682220
1582,./node_1582_INORM,0.0000000,0.5000000
1081,./node_1081_INORM,0.0869959,0.1292601
649,./node_649_INORM,0.1645705,0.0164468
1358,./node_1358_INORM,0.0000000,0.5000000
1634,./node_1634_INORM,0.0000000,0.5000000
923,./node_923_INORM,0.2060418,0.0079848
1337,./node_1337_INORM,0.0017242,0.4908512
626,./node_626_INORM,0.1435004,0.0299933
1931,./node_1931_INORM,0.0647428,0.1907759
325,./node_325_INORM,0.1934739,0.0096063
1013,./node_1013_INORM,0.0977303,0.1022124
1510,./node_1510_INORM,0.1573299,0.0252099
502,./node_502_INORM,0.1567165,0.0179769
64,./node_64_INORM,0.1916693,0.0131106
99,./node_99_INORM,0.1518794,0.0396618
561,./node_561_INORM,0.1723066,0.0153144
1070,./node_1070_INORM,0.1052605,0.0873503
1573,./node_1573_INORM,0.0831276,0.1371151
1952,./node_1952_INORM,0.1157813,0.0516316
645,./node_645_INORM,0.1475278,0.0275508
346,./node_346_INORM,0.0771766,0.1680927
940,./node_940_INORM,0.2015563,0.0066536
1657,./node_1657_INORM,0.1505105,0.0272922
1354,./node_1354_INORM,0.0724490,0.1702691
1638,./node_1638_INORM,0.1624566,0.0215742
329,./node_329_INORM,0.1733278,0.0128241
729,./node_729_INORM,0.1760900,0.0118418
1238,./node_1238_INORM,0.0526721,0.2480847
1173,./node_1173_INORM,0.1037321,0.0906833
1470,./node_1470_INORM,0.0800066,0.1447267
161,./node_161_INORM,0.1790358,0.0202798
462,./node_462_INORM,0.1263878,0.0469079
1754,./node_1754_INORM,0.0597487,0.2114086
843,./node_843_INORM,0.1602167,0.0199367
1257,./node_1257_INORM,0.0238931,0.3752472
746,./node_746_INORM,0.2122389,0.0076740
1851,./node_1851_INORM,0.0559530,0.2096658
2002,./node_2002_INORM,0.1014008,0.0909752
245,./node_245_INORM,0.0952656,0.1167096
308,./node_308_INORM,0.1078536,0.0810206
1619,./node_1619_INORM,0.0000000,0.5000000
1051,./node_1051_INORM,0.1070799,0.0827321
1552,./node_1552_INORM,0.0000000,0.5000000
45,./node_45_INORM,0.1817245,0.0184953
540,./node_540_INORM,0.1853671,0.0185165
961,./node_961_INORM,0.1428191,0.0355409
1676,./node_1676_INORM,0.0173097,0.4036488
1388,./node_1388_INORM,0.0476387,0.2637063
1375,./node_1375_INORM,0.1117678,0.0704492
1973,./node_1973_INORM,0.0646822,0.1929788
664,./node_664_INORM,0.1941606,0.0142562
367,./node_367_INORM,0.1869860,0.0121289
699,./node_699_INORM,0.1992257,0.0103160
140,./node_140_INORM,0.1742945,0.0198777
443,./node_443_INORM,0.1880277,0.0145246
1152,./node_1152_INORM,0.0388907,0.3101101
1451,./node_1451_INORM,0.0172100,0.4074577
299,./node_299_INORM,0.2252237,0.0038175
767,./node_767_INORM,0.1655526,0.0164686
1870,./node_1870_INORM,0.0586252,0.1953221
2023,./node_2023_INORM,0.1664521,0.0136631
264,./node_264_INORM,0.0636038,0.2222645
1775,./node_1775_INORM,0.1147334,0.0581865
862,./node_862_INORM,0.1525651,0.0239985
1788,./node_1788_INORM,0.0583183,0.2184611
1276,./node_1276_INORM,0.1081302,0.0813648
1219,./node_1219_INORM,0.0750577,0.1646468
708,./node_708_INORM,0.1885716,0.0134760
1061,./node_1061_INORM,0.1085385,0.0801615
1562,./node_1562_INORM,0.0000000,0.5000000
75,./node_75_INORM,0.2001928,0.0118759
570,./node_570_INORM,0.2161596,0.0060823
88,./node_88_INORM,0.1670779,0.0274436
1646,./node_1646_INORM,0.0521834,0.2442990
951,./node_951_INORM,0.1773061,0.0163169
1345,./node_1345_INORM,0.0662349,0.1924143
654,./node_654_INORM,0.1818738,0.0163057
1943,./node_1943_INORM,0.1315326,0.0365272
357,./node_357_INORM,0.1772799,0.0174425
338,./node_338_INORM,0.1546159,0.0218197
1629,./node_1629_INORM,0.0300078,0.3427247
1229,./node_1229_INORM,0.0759963,0.1614052
738,./node_738_INORM,0.1656951,0.0169138
170,./node_170_INORM,0.0640639,0.2185188
473,./node_473_INORM,0.0815521,0.1522229
1162,./node_1162_INORM,0.1177511,0.0682862
1461,./node_1461_INORM,0.0000000,0.5000000
1840,./node_1840_INORM,0.0493450,0.2381545
757,./node_757_INORM,0.1681842,0.0151039
254,./node_254_INORM,0.2411147,0.0026244
2013,./node_2013_INORM,0.1350198,0.0339737
852,./node_852_INORM,0.1536889,0.0247258
1745,./node_1745_INORM,0.0179670,0.3981511
1246,./node_1246_INORM,0.1671646,0.0155324
1608,./node_1608_INORM,0.0000000,0.5000000
319,./node_319_INORM,0.2057737,0.0068452
54,./node_54_INORM,0.1593763,0.0292314
551,./node_551_INORM,0.1525643,0.0333747
1040,./node_1040_INORM,0.1432177,0.0340171
1543,./node_1543_INORM,0.0819420,0.1425543
675,./node_675_INORM,0.1734463,0.0134837
1962,./node_1962_INORM,0.1230725,0.0437591
376,./node_376_INORM,0.2002730,0.0080413
688,./node_688_INORM,0.1487103,0.0300580
1667,./node_1667_INORM,0.0000000,0.5000000
1399,./node_1399_INORM,0.0719287,0.1704931
970,./node_970_INORM,0.1352071,0.0445120
1364,./node_1364_INORM,0.0262854,0.3596773
1143,./node_1143_INORM,0.0776424,0.1574105
1440,./node_1440_INORM,0.1902677,0.0083588
151,./node_151_INORM,0.2065651,0.0088049
452,./node_452_INORM,0.1720156,0.0163269
873,./node_873_INORM,0.1579783,0.0209525
1764,./node_1764_INORM,0.2396948,0.0017827
1799,./node_1799_INORM,0.1506639,0.0240285
1267,./node_1267_INORM,0.1427891,0.0366899
1861,./node_1861_INORM,0.1857178,0.0124041
288,./node_288_INORM,0.1737859,0.0145293
776,./node_776_INORM,0.1970931,0.0111117
275,./node_275_INORM,0.2009381,0.0093941
2032,./node_2032_INORM,0.1348991,0.0430978
719,./node_719_INORM,0.1576247,0.0209553
1208,./node_1208_INORM,0.0603225,0.2164067
1768,./node_1768_INORM,0.0421930,0.2753110
1296,./node_1296_INORM,0.0433477,0.2844918
882,./node_882_INORM,0.1605330,0.0204416
1795,./node_1795_INORM,0.0501899,0.2362850
284,./node_284_INORM,0.2024923,0.0078063
1890,./node_1890_INORM,0.1277632,0.0397825
279,./node_279_INORM,0.1889786,0.0129821
787,./node_787_INORM,0.1855629,0.0132280
715,./node_715_INORM,0.2051677,0.0086789
1802,./node_1802_INORM,0.0715023,0.1689893
216,./node_216_INORM,0.2251759,0.0043203
1707,./node_1707_INORM,0.1946532,0.0085150
810,./node_810_INORM,0.1973276,0.0106853
1204,./node_1204_INORM,0.0169018,0.4136681
132,./node_132_INORM,0.1971987,0.0122714
431,./node_431_INORM,0.1747323,0.0183194
1120,./node_1120_INORM,0.0653195,0.2031121
1423,./node_1423_INORM,0.0903154,0.1193714
913,./node_913_INORM,0.1615782,0.0226042
1604,./node_1604_INORM,0.0000000,0.5000000
1307,./node_1307_INORM,0.0134422,0.4295625
1901,./node_1901_INORM,0.0893917,0.1216707
616,./node_616_INORM,0.1980478,0.0087886
315,./node_315_INORM,0.0847233,0.1351254
1023,./node_1023_INORM,0.1259300,0.0530827
1520,./node_1520_INORM,0.0000000,0.5000000
37,./node_37_INORM,0.1690576,0.0284351
532,./node_532_INORM,0.1737803,0.0137735
58,./node_58_INORM,0.1622976,0.0316427
387,./node_387_INORM,0.1742460,0.0155927
679,./node_679_INORM,0.2269933,0.0057104
684,./node_684_INORM,0.2300933,0.0055162
1993,./node_1993_INORM,0.1028717,0.0872472
1395,./node_1395_INORM,0.0000000,0.5000000
1696,./node_1696_INORM,0.0170757,0.4056721
1368,./node_1368_INORM,0.0020145,0.4893561
981,./node_981_INORM,0.1818218,0.0114433
1726,./node_1726_INORM,0.1265631,0.0530207
831,./node_831_INORM,0.1830568,0.0153540
1225,./node_1225_INORM,0.1825826,0.0102170
734,./node_734_INORM,0.1566435,0.0223937
1823,./node_1823_INORM,0.0669001,0.1693130
237,./node_237_INORM,0.2321845,0.0031223
1101,./node_1101_INORM,0.0367856,0.3153051
1402,./node_1402_INORM,0.0000000,0.5000000
113,./node_113_INORM,0.1574215,0.0345177
410,./node_410_INORM,0.1237503,0.0502475
482,./node_482_INORM,0.1903334,0.0118741
181,./node_181_INORM,0.2212625,0.0049859
1490,./node_1490_INORM,0.0376630,0.3078961
1193,./node_1193_INORM,0.1003235,0.0988182
258,./node_258_INORM,0.0870720,0.1352612
1749,./node_1749_INORM,0.0223077,0.3752222
1593,./node_1593_INORM,0.1038718,0.0836801
1090,./node_1090_INORM,0.0876319,0.1332936
581,./node_581_INORM,0.1247605,0.0529475
79,./node_79_INORM,0.1547800,0.0365041
84,./node_84_INORM,0.1522747,0.0401433
1349,./node_1349_INORM,0.0661609,0.1921314
658,./node_658_INORM,0.1481036,0.0299095
1920,./node_1920_INORM,0.1429353,0.0319202
637,./node_637_INORM,0.1375500,0.0350329
334,./node_334_INORM,0.0667031,0.1925594
932,./node_932_INORM,0.1628178,0.0244937
1625,./node_1625_INORM,0.0000000,0.5000000
1326,./node_1326_INORM,0.1655334,0.0155570
16,./node_16_INORM,0.1716134,0.0261180
513,./node_513_INORM,0.1793283,0.0093174
1002,./node_1002_INORM,0.1287958,0.0517338
1501,./node_1501_INORM,0.0325809,0.3314425
528,./node_528_INORM,0.1790341,0.0189820
1039,./node_1039_INORM,0.0820270,0.1437029
909,./node_909_INORM,0.1368544,0.0380257
966,./node_966_INORM,0.1627149,0.0222370
1671,./node_1671_INORM,0.0337152,0.3245906
1372,./node_1372_INORM,0.1845286,0.0105530
1974,./node_1974_INORM,0.1250956,0.0422235
663,./node_663_INORM,0.1508270,0.0244006
360,./node_360_INORM,0.0935852,0.1103004
1989,./node_1989_INORM,0.1529157,0.0190253
1056,./node_1056_INORM,0.1230218,0.0568085
1555,./node_1555_INORM,0.0727697,0.1683367
42,./node_42_INORM,0.1681216,0.0284496
547,./node_547_INORM,0.2191610,0.0055702
760,./node_760_INORM,0.1631595,0.0181764
1877,./node_1877_INORM,0.0819800,0.1184673
2024,./node_2024_INORM,0.1101965,0.0757768
263,./node_263_INORM,0.1989388,0.0096954
1772,./node_1772_INORM,0.1493939,0.0258547
865,./node_865_INORM,0.1767387,0.0156837
898,./node_898_INORM,0.1877804,0.0083359
1271,./node_1271_INORM,0.0226385,0.3850203
147,./node_147_INORM,0.1487552,0.0392323
444,./node_444_INORM,0.1498763,0.0266524
1155,./node_1155_INORM,0.1103823,0.0779345
1456,./node_1456_INORM,0.0000000,0.5000000
1439,./node_1439_INORM,0.0247255,0.3686062
128,./node_128_INORM,0.1513306,0.0401198
1818,./node_1818_INORM,0.1005389,0.0936276
1955,./node_1955_INORM,0.1832556,0.0110297
642,./node_642_INORM,0.1457313,0.0284177
341,./node_341_INORM,0.2071405,0.0070640
947,./node_947_INORM,0.1679050,0.0158648
1650,./node_1650_INORM,0.1794639,0.0138812
1353,./node_1353_INORM,0.1706211,0.0170507
63,./node_63_INORM,0.1602426,0.0330233
566,./node_566_INORM,0.1861819,0.0138282
1077,./node_1077_INORM,0.1056061,0.0886404
1589,./node_1589_INORM,0.0650599,0.1957626
1574,./node_1574_INORM,0.0260932,0.3625812
1018,./node_1018_INORM,0.1234414,0.0568869
509,./node_509_INORM,0.1792771,0.0095091
928,./node_928_INORM,0.1550427,0.0242142
109,./node_109_INORM,0.1973261,0.0126268
1418,./node_1418_INORM,0.0930866,0.1042784
1839,./node_1839_INORM,0.0458599,0.2666088
1753,./node_1753_INORM,0.1116823,0.0751541
844,./node_844_INORM,0.1849686,0.0092336
1250,./node_1250_INORM,0.1002074,0.0890785
741,./node_741_INORM,0.1862875,0.0092659
1856,./node_1856_INORM,0.0913753,0.0988808
2005,./node_2005_INORM,0.1329879,0.0375158
242,./node_242_INORM,0.2058438,0.0080103
1174,./node_1174_INORM,0.0479040,0.2707784
1189,./node_1189_INORM,0.0370298,0.3138941
1477,./node_1477_INORM,0.0023814,0.4870382
498,./node_498_INORM,0.1824299,0.0083902
166,./node_166_INORM,0.2249695,0.0044719
465,./node_465_INORM,0.1186147,0.0755553
105,./node_105_INORM,0.0929831,0.1315635
406,./node_406_INORM,0.1697010,0.0163093
1117,./node_1117_INORM,0.0615332,0.2115776
1414,./node_1414_INORM,0.1170899,0.0630649
1835,./node_1835_INORM,0.1309754,0.0372676
722,./node_722_INORM,0.2104026,0.0087230
221,./node_221_INORM,0.0467392,0.2844150
827,./node_827_INORM,0.1633962,0.0232598
1730,./node_1730_INORM,0.0172673,0.4032211
1233,./node_1233_INORM,0.0084220,0.4563708
848,./node_848_INORM,0.1490585,0.0267938
2009,./node_2009_INORM,0.1869617,0.0077550
1178,./node_1178_INORM,0.1808463,0.0112225
1486,./node_1486_INORM,0.0000000,0.5000000
1185,./node_1185_INORM,0.0220426,0.3884064
494,./node_494_INORM,0.1528554,0.0206827
469,./node_469_INORM,0.1398025,0.0316933
197,./node_197_INORM,0.2350656,0.0031188
1959,./node_1959_INORM,0.1557143,0.0273537
597,./node_597_INORM,0.1396040,0.0322293
92,./node_92_INORM,0.1344494,0.0537849
1585,./node_1585_INORM,0.0111929,0.4386387
1086,./node_1086_INORM,0.1288948,0.0486935
1578,./node_1578_INORM,0.0297576,0.3429663
1014,./node_1014_INORM,0.1229691,0.0560061
1517,./node_1517_INORM,0.0000000,0.5000000
505,./node_505_INORM,0.1967925,0.0128582
1633,./node_1633_INORM,0.0772822,0.1562227
924,./node_924_INORM,0.1803557,0.0112160
1330,./node_1330_INORM,0.1793984,0.0102494
621,./node_621_INORM,0.1431520,0.0373061
1936,./node_1936_INORM,0.0520761,0.2393276
322,./node_322_INORM,0.2088412,0.0065969
292,./node_292_INORM,0.1716855,0.0141892
791,./node_791_INORM,0.1586818,0.0217122
1886,./node_1886_INORM,0.0901080,0.0999812
2028,./node_2028_INORM,0.1045318,0.0896061
869,./node_869_INORM,0.1459351,0.0322855
1280,./node_1280_INORM,0.0000000,0.5000000
1783,./node_1783_INORM,0.1985865,0.0084826
894,./node_894_INORM,0.1441586,0.0322746
448,./node_448_INORM,0.1922346,0.0127756
1159,./node_1159_INORM,0.0348751,0.3202503
1136,./node_1136_INORM,0.0780862,0.1619829
1435,./node_1435_INORM,0.0370635,0.3070206
124,./node_124_INORM,0.1748216,0.0197767
427,./node_427_INORM,0.1552181,0.0206448
806,./node_806_INORM,0.2260919,0.0058566
1711,./node_1711_INORM,0.0435931,0.2781863
1212,./node_1212_INORM,0.0547735,0.2318035
1814,./node_1814_INORM,0.0378722,0.2909565
703,./node_703_INORM,0.1970915,0.0108649
200,./node_200_INORM,0.1652416,0.0225742
2047,./node_2047_INORM,0.1298704,0.0463346
21,./node_21_INORM,0.1719670,0.0274120
524,./node_524_INORM,0.1934847,0.0115811
1035,./node_1035_INORM,0.1143125,0.0702817
1536,./node_1536_INORM,0.1108004,0.0729758
6,./node_6_INORM,0.1698311,0.0282154
600,./node_600_INORM,0.1284454,0.0468826
1917,./node_1917_INORM,0.0614165,0.2035551
303,./node_303_INORM,0.0767441,0.1744035
1612,./node_1612_INORM,0.1978220,0.0088731
905,./node_905_INORM,0.1758175,0.0157172
1311,./node_1311_INORM,0.0669615,0.1782943
1383,./node_1383_INORM,0.1793412,0.0103022
997,./node_997_INORM,0.1403630,0.0366243
1680,./node_1680_INORM,0.1792078,0.0133352
391,./node_391_INORM,0.1632039,0.0254354
1978,./node_1978_INORM,0.0819748,0.1356742
1985,./node_1985_INORM,0.1329707,0.0339055
692,./node_692_INORM,0.1525343,0.0249019
1559,./node_1559_INORM,0.1759911,0.0152692
739,./node_739_INORM,0.1653587,0.0196083
1228,./node_1228_INORM,0.0244611,0.3702190
1247,./node_1247_INORM,0.1340896,0.0405158
853,./node_853_INORM,0.1602775,0.0215976
1744,./node_1744_INORM,0.2201203,0.0036490
255,./node_255_INORM,0.2043704,0.0083555
2012,./node_2012_INORM,0.1339775,0.0343287
1841,./node_1841_INORM,0.0511502,0.2279885
756,./node_756_INORM,0.1798589,0.0160953
1460,./node_1460_INORM,0.0240505,0.3725655
1163,./node_1163_INORM,0.0906307,0.1147245
472,./node_472_INORM,0.2290083,0.0049723
171,./node_171_INORM,0.1670423,0.0262299
356,./node_356_INORM,0.2276103,0.0035316
655,./node_655_INORM,0.2360546,0.0045617
1942,./node_1942_INORM,0.1071073,0.0647353
1344,./node_1344_INORM,0.0470338,0.2666763
1647,./node_1647_INORM,0.1446330,0.0330552
950,./node_950_INORM,0.1442226,0.0368869
571,./node_571_INORM,0.1590437,0.0163417
89,./node_89_INORM,0.1705534,0.0214029
74,./node_74_INORM,0.1553194,0.0383098
1563,./node_1563_INORM,0.1952659,0.0088806
1060,./node_1060_INORM,0.1509855,0.0278429
1628,./node_1628_INORM,0.0723036,0.1705248
339,./node_339_INORM,0.2096274,0.0059355
274,./node_274_INORM,0.2303895,0.0041094
2033,./node_2033_INORM,0.1371199,0.0335267
1860,./node_1860_INORM,0.0793088,0.1285280
777,./node_777_INORM,0.1846226,0.0095812
289,./node_289_INORM,0.2084091,0.0072537
1266,./node_1266_INORM,0.0490605,0.2594925
1798,./node_1798_INORM,0.1888000,0.0107215
872,./node_872_INORM,0.1552997,0.0259645
1765,./node_1765_INORM,0.0686039,0.1800635
453,./node_453_INORM,0.1841879,0.0085700
150,./node_150_INORM,0.1735210,0.0198313
1441,./node_1441_INORM,0.1207804,0.0563116
1142,./node_1142_INORM,0.1488569,0.0283930
1209,./node_1209_INORM,0.1440147,0.0343094
718,./node_718_INORM,0.2045438,0.0090289
318,./node_318_INORM,0.1893117,0.0118710
1609,./node_1609_INORM,0.0501199,0.2529981
1365,./node_1365_INORM,0.0623172,0.2017960
1398,./node_1398_INORM,0.0837946,0.1370393
1666,./node_1666_INORM,0.0601882,0.2125306
971,./node_971_INORM,0.1533564,0.0254425
689,./node_689_INORM,0.1531912,0.0279048
377,./node_377_INORM,0.1688154,0.0200769
674,./node_674_INORM,0.2132263,0.0077427
1963,./node_1963_INORM,0.0955561,0.1087889
1542,./node_1542_INORM,0.0000000,0.5000000
1041,./node_1041_INORM,0.0823218,0.1426412
550,./node_550_INORM,0.1041472,0.0954683
55,./node_55_INORM,0.1646539,0.0289052
533,./node_533_INORM,0.1686093,0.0120240
36,./node_36_INORM,0.1572109,0.0367474
1521,./node_1521_INORM,0.0920354,0.1113101
1022,./node_1022_INORM,0.1664927,0.0167966
314,./node_314_INORM,0.1174362,0.0839576
1900,./node_1900_INORM,0.0767447,0.1312827
617,./node_617_INORM,0.1522564,0.0320522
1306,./node_1306_INORM,0.0130486,0.4322143
912,./node_912_INORM,0.1747647,0.0131199
1605,./node_1605_INORM,0.0762600,0.1593921
1369,./node_1369_INORM,0.0196996,0.3952181
1697,./node_1697_INORM,0.0727249,0.1705264
980,./node_980_INORM,0.1424640,0.0405585
1394,./node_1394_INORM,0.0467190,0.2672461
685,./node_685_INORM,0.2373470,0.0045560
1992,./node_1992_INORM,0.1545908,0.0245558
678,./node_678_INORM,0.1544988,0.0220946
386,./node_386_INORM,0.1516200,0.0393346
59,./node_59_INORM,0.1985278,0.0119604
1891,./node_1891_INORM,0.0842330,0.1122447
786,./node_786_INORM,0.1752264,0.0121019
278,./node_278_INORM,0.1158478,0.0863930
285,./node_285_INORM,0.1870959,0.0128799
883,./node_883_INORM,0.1816837,0.0165654
1794,./node_1794_INORM,0.0801763,0.1355299
1297,./node_1297_INORM,0.0000000,0.5000000
1769,./node_1769_INORM,0.0732529,0.1527517
1422,./node_1422_INORM,0.1269699,0.0477583
1121,./node_1121_INORM,0.0985650,0.0992894
430,./node_430_INORM,0.2475112,0.0027107
133,./node_133_INORM,0.0736918,0.1861923
1205,./node_1205_INORM,0.1973545,0.0062417
1706,./node_1706_INORM,0.0000000,0.5000000
811,./node_811_INORM,0.2122335,0.0072296
217,./node_217_INORM,0.1782296,0.0187912
714,./node_714_INORM,0.2013813,0.0110612
1803,./node_1803_INORM,0.1700793,0.0179208
659,./node_659_INORM,0.1960753,0.0111254
1348,./node_1348_INORM,0.0680623,0.1748766
85,./node_85_INORM,0.0935733,0.1313567
580,./node_580_INORM,0.1683200,0.0160055
78,./node_78_INORM,0.1716483,0.0238899
1091,./node_1091_INORM,0.1252320,0.0545050
1592,./node_1592_INORM,0.0000000,0.5000000
1500,./node_1500_INORM,0.0758218,0.1568419
1003,./node_1003_INORM,0.1121416,0.0756353
512,./node_512_INORM,0.1561558,0.0198080
17,./node_17_INORM,0.1805342,0.0205730
1327,./node_1327_INORM,0.0250387,0.3708432
933,./node_933_INORM,0.1466058,0.0360176
1624,./node_1624_INORM,0.0317276,0.3337824
335,./node_335_INORM,0.1778765,0.0171830
1921,./node_1921_INORM,0.0494379,0.2522021
636,./node_636_INORM,0.1779963,0.0199273
411,./node_411_INORM,0.1788695,0.0131583
112,./node_112_INORM,0.1550224,0.0368496
1403,./node_1403_INORM,0.0000000,0.5000000
1100,./node_1100_INORM,0.0470623,0.2698802
236,./node_236_INORM,0.2180500,0.0050711
735,./node_735_INORM,0.2152414,0.0076913
1822,./node_1822_INORM,0.0507831,0.2483579
1224,./node_1224_INORM,0.1094314,0.0789051
1727,./node_1727_INORM,0.2181463,0.0036680
830,./node_830_INORM,0.1768636,0.0165374
1748,./node_1748_INORM,0.0570763,0.2107193
259,./node_259_INORM,0.2016511,0.0091744
1192,./node_1192_INORM,0.1218286,0.0624471
1491,./node_1491_INORM,0.0706863,0.1738988
180,./node_180_INORM,0.2212503,0.0049762
483,./node_483_INORM,0.1641126,0.0154542
1457,./node_1457_INORM,0.0509291,0.2492609
1154,./node_1154_INORM,0.0527971,0.2515817
445,./node_445_INORM,0.1944498,0.0069545
146,./node_146_INORM,0.1420513,0.0445793
899,./node_899_INORM,0.1452944,0.0309096
1270,./node_1270_INORM,0.0750470,0.1596243
1773,./node_1773_INORM,0.0963453,0.1055932
864,./node_864_INORM,0.1854328,0.0132920
2025,./node_2025_INORM,0.1355975,0.0359366
262,./node_262_INORM,0.1116113,0.0771814
761,./node_761_INORM,0.1637310,0.0178080
1876,./node_1876_INORM,0.0526981,0.2198292
1819,./node_1819_INORM,0.0346571,0.3073735
129,./node_129_INORM,0.1271148,0.0695825
1438,./node_1438_INORM,0.0865102,0.1301268
908,./node_908_INORM,0.1911909,0.0084858
1038,./node_1038_INORM,0.1170439,0.0656734
529,./node_529_INORM,0.1850340,0.0137543
546,./node_546_INORM,0.1145485,0.0676469
43,./node_43_INORM,0.1662086,0.0303010
1554,./node_1554_INORM,0.0323310,0.3318751
1057,./node_1057_INORM,0.1247002,0.0545795
361,./node_361_INORM,0.1052853,0.1008121
1988,./node_1988_INORM,0.1446799,0.0315259
1975,./node_1975_INORM,0.0613786,0.2048385
662,./node_662_INORM,0.2091430,0.0083821
1373,./node_1373_INORM,0.1945423,0.0069607
967,./node_967_INORM,0.1641281,0.0205990
1670,./node_1670_INORM,0.1954003,0.0086316
1838,./node_1838_INORM,0.0591135,0.2162001
1419,./node_1419_INORM,0.1955164,0.0076879
108,./node_108_INORM,0.2079442,0.0088553
464,./node_464_INORM,0.2234682,0.0070410
167,./node_167_INORM,0.1194298,0.0728299
499,./node_499_INORM,0.1589907,0.0231702
1476,./node_1476_INORM,0.0000000,0.5000000
1188,./node_1188_INORM,0.0253229,0.3722621
1175,./node_1175_INORM,0.1327243,0.0411571
2004,./node_2004_INORM,0.0904708,0.1213288
243,./node_243_INORM,0.1947305,0.0117299
740,./node_740_INORM,0.1513103,0.0256688
1857,./node_1857_INORM,0.1121542,0.0585643
1251,./node_1251_INORM,0.0897160,0.1268950
1752,./node_1752_INORM,0.0008169,0.4953136
845,./node_845_INORM,0.1492381,0.0269472
1575,./node_1575_INORM,0.0000000,0.5000000
1588,./node_1588_INORM,0.0000000,0.5000000
1076,./node_1076_INORM,0.1624304,0.0185786
567,./node_567_INORM,0.1936136,0.0116419
62,./node_62_INORM,0.1160978,0.0851790
1352,./node_1352_INORM,0.1953213,0.0063401
946,./node_946_INORM,0.1337511,0.0452345
1651,./node_1651_INORM,0.0000000,0.5000000
340,./node_340_INORM,0.1857455,0.0130879
1954,./node_1954_INORM,0.0624843,0.2017242
643,./node_643_INORM,0.2206351,0.0067961
929,./node_929_INORM,0.2156710,0.0061136
508,./node_508_INORM,0.1352610,0.0361135
1019,./node_1019_INORM,0.1776265,0.0143301
1579,./node_1579_INORM,0.0000000,0.5000000
1087,./node_1087_INORM,0.1139261,0.0716414
1584,./node_1584_INORM,0.0902233,0.1140396
93,./node_93_INORM,0.1694944,0.0269985
596,./node_596_INORM,0.2002741,0.0111302
1958,./node_1958_INORM,0.1229512,0.0421417
323,./node_323_INORM,0.2111062,0.0060563
620,./node_620_INORM,0.1462288,0.0327450
1937,./node_1937_INORM,0.2341297,0.0019955
1331,./node_1331_INORM,0.1063559,0.0889009
1632,./node_1632_INORM,0.0000000,0.5000000
925,./node_925_INORM,0.1358708,0.0415879
504,./node_504_INORM,0.2159948,0.0052460
1516,./node_1516_INORM,0.0565396,0.2272514
1015,./node_1015_INORM,0.1211758,0.0626962
1232,./node_1232_INORM,0.0461291,0.2724114
826,./node_826_INORM,0.1743472,0.0173761
1731,./node_1731_INORM,0.0700309,0.1790818
220,./node_220_INORM,0.2389522,0.0026539
1834,./node_1834_INORM,0.0581946,0.2002841
723,./node_723_INORM,0.1567627,0.0213084
1415,./node_1415_INORM,0.0235618,0.3740728
1116,./node_1116_INORM,0.0851132,0.1398711
407,./node_407_INORM,0.1592919,0.0205263
104,./node_104_INORM,0.1609887,0.0306961
196,./node_196_INORM,0.1979369,0.0110215
468,./node_468_INORM,0.1702539,0.0126319
495,./node_495_INORM,0.1585722,0.0181952
1184,./node_1184_INORM,0.1633034,0.0188655
1487,./node_1487_INORM,0.0425704,0.2856087
1179,./node_1179_INORM,0.0781853,0.1606654
2008,./node_2008_INORM,0.1241000,0.0540145
849,./node_849_INORM,0.2116618,0.0061072
1310,./node_1310_INORM,0.0960040,0.1057253
1613,./node_1613_INORM,0.0637080,0.1997336
904,./node_904_INORM,0.1569027,0.0227946
302,./node_302_INORM,0.2510307,0.0025265
601,./node_601_INORM,0.1791856,0.0124256
7,./node_7_INORM,0.1813164,0.0208684
1916,./node_1916_INORM,0.0491517,0.2520104
1537,./node_1537_INORM,0.1622203,0.0201468
1034,./node_1034_INORM,0.1517545,0.0285425
525,./node_525_INORM,0.1623696,0.0179289
20,./node_20_INORM,0.1703500,0.0270421
1558,./node_1558_INORM,0.0391242,0.2983460
1984,./node_1984_INORM,0.0893017,0.1247235
693,./node_693_INORM,0.1504965,0.0264330
390,./node_390_INORM,0.0775718,0.1599631
1979,./node_1979_INORM,0.0653297,0.1905082
996,./node_996_INORM,0.0894145,0.1346181
1681,./node_1681_INORM,0.0000000,0.5000000
1382,./node_1382_INORM,0.1438048,0.0345058
1158,./node_1158_INORM,0.0489759,0.2669086
449,./node_449_INORM,0.1762671,0.0115724
1782,./node_1782_INORM,0.0380047,0.3046526
895,./node_895_INORM,0.1411901,0.0374759
868,./node_868_INORM,0.2149676,0.0053371
1281,./node_1281_INORM,0.0497545,0.2484782
790,./node_790_INORM,0.1670966,0.0176419
2029,./node_2029_INORM,0.1160324,0.0715482
1887,./node_1887_INORM,0.0777576,0.1294025
293,./node_293_INORM,0.1847079,0.0184852
201,./node_201_INORM,0.1769016,0.0155354
2046,./node_2046_INORM,0.1442912,0.0305325
1815,./node_1815_INORM,0.0262461,0.3517287
702,./node_702_INORM,0.2191159,0.0071719
1213,./node_1213_INORM,0.0160773,0.4175282
807,./node_807_INORM,0.1879891,0.0132225
1710,./node_1710_INORM,0.0548096,0.2336212
426,./node_426_INORM,0.2231486,0.0045335
125,./node_125_INORM,0.1508177,0.0351705
1434,./node_1434_INORM,0.0753435,0.1593412
1137,./node_1137_INORM,0.0883141,0.1330408
972,./node_972_INORM,0.1133413,0.0781809
1665,./node_1665_INORM,0.0724865,0.1719325
1366,./node_1366_INORM,0.0876406,0.1256637
1698,./node_1698_INORM,0.1309041,0.0417602
1960,./node_1960_INORM,0.0559487,0.2242642
677,./node_677_INORM,0.2037124,0.0096829
389,./node_389_INORM,0.1770888,0.0188815
374,./node_374_INORM,0.2093041,0.0053495
1042,./node_1042_INORM,0.1317066,0.0472207
1541,./node_1541_INORM,0.0055805,0.4700253
56,./node_56_INORM,0.1660571,0.0293401
553,./node_553_INORM,0.1369712,0.0468314
39,./node_39_INORM,0.1543610,0.0349443
618,./node_618_INORM,0.1517051,0.0227381
1309,./node_1309_INORM,0.1573828,0.0198392
1709,./node_1709_INORM,0.0793800,0.1480769
218,./node_218_INORM,0.2271513,0.0037211
774,./node_774_INORM,0.2073592,0.0088433
1863,./node_1863_INORM,0.0711807,0.1683610
2030,./node_2030_INORM,0.1390066,0.0370760
789,./node_789_INORM,0.1674566,0.0164467
277,./node_277_INORM,0.2146524,0.0054027
1298,./node_1298_INORM,0.0628464,0.2002115
1766,./node_1766_INORM,0.0581098,0.2120695
871,./node_871_INORM,0.1739192,0.0180651
1265,./node_1265_INORM,0.0511184,0.2455147
153,./node_153_INORM,0.1645138,0.0249249
450,./node_450_INORM,0.1545929,0.0200270
1141,./node_1141_INORM,0.0774642,0.1539128
1442,./node_1442_INORM,0.0771985,0.1536035
18,./node_18_INORM,0.1734979,0.0236399
1328,./node_1328_INORM,0.0849194,0.1331170
639,./node_639_INORM,0.1494456,0.0251852
1941,./node_1941_INORM,0.0562631,0.2232918
656,./node_656_INORM,0.1485348,0.0269354
355,./node_355_INORM,0.1992997,0.0075546
953,./node_953_INORM,0.1663533,0.0245368
1644,./node_1644_INORM,0.1712622,0.0170147
1347,./node_1347_INORM,0.1260310,0.0556375
77,./node_77_INORM,0.2019537,0.0101680
572,./node_572_INORM,0.1840160,0.0146074
1063,./node_1063_INORM,0.1041715,0.0896516
1560,./node_1560_INORM,0.1677663,0.0199653
1747,./node_1747_INORM,0.0383964,0.3034113
850,./node_850_INORM,0.1967081,0.0082630
1244,./node_1244_INORM,0.0342340,0.3250302
755,./node_755_INORM,0.2162351,0.0063576
1842,./node_1842_INORM,0.0531765,0.2362108
2011,./node_2011_INORM,0.0982176,0.1064786
256,./node_256_INORM,0.1249495,0.0528606
1160,./node_1160_INORM,0.0374019,0.3164033
1463,./node_1463_INORM,0.0963644,0.1001926
172,./node_172_INORM,0.1257510,0.0654447
471,./node_471_INORM,0.1653178,0.0146739
239,./node_239_INORM,0.1040832,0.1083045
1728,./node_1728_INORM,0.0704687,0.1756322
1248,./node_1248_INORM,0.1265483,0.0552351
759,./node_759_INORM,0.1858302,0.0145796
1492,./node_1492_INORM,0.0000000,0.5000000
1191,./node_1191_INORM,0.0260143,0.3642367
480,./node_480_INORM,0.0899334,0.1220315
183,./node_183_INORM,0.1748751,0.0216214
111,./node_111_INORM,0.0736974,0.1856864
412,./node_412_INORM,0.1880571,0.0145895
1103,./node_1103_INORM,0.0652781,0.2018570
1400,./node_1400_INORM,0.0695032,0.1803909
1821,./node_1821_INORM,0.0414519,0.2748692
736,./node_736_INORM,0.2093105,0.0082846
235,./node_235_INORM,0.0488794,0.2736767
833,./node_833_INORM,0.1874388,0.0131740
1724,./node_1724_INORM,0.1737810,0.0132669
1227,./node_1227_INORM,0.0057904,0.4698512
1000,./node_1000_INORM,0.1203044,0.0738165
1503,./node_1503_INORM,0.0794583,0.1459866
14,./node_14_INORM,0.1633098,0.0324948
511,./node_511_INORM,0.2260455,0.0050643
1627,./node_1627_INORM,0.2045180,0.0060168
930,./node_930_INORM,0.1493264,0.0284304
1324,./node_1324_INORM,0.0875313,0.1271759
635,./node_635_INORM,0.1402606,0.0316812
1922,./node_1922_INORM,0.1445532,0.0276001
336,./node_336_INORM,0.1280182,0.0473247
359,./node_359_INORM,0.1913358,0.0106041
1648,./node_1648_INORM,0.0272423,0.3531228
583,./node_583_INORM,0.1350446,0.0373877
86,./node_86_INORM,0.1550170,0.0363994
1591,./node_1591_INORM,0.0865317,0.1266517
1092,./node_1092_INORM,0.1053998,0.0911130
1122,./node_1122_INORM,0.0878384,0.1276315
1421,./node_1421_INORM,0.1108257,0.0780568
130,./node_130_INORM,0.1620368,0.0315571
433,./node_433_INORM,0.1893992,0.0123626
812,./node_812_INORM,0.1659786,0.0169929
1705,./node_1705_INORM,0.1410835,0.0308680
1206,./node_1206_INORM,0.1266440,0.0508033
1800,./node_1800_INORM,0.0592968,0.2038321
717,./node_717_INORM,0.1515858,0.0241782
214,./node_214_INORM,0.1807174,0.0127367
778,./node_778_INORM,0.1537217,0.0236225
286,./node_286_INORM,0.0806374,0.1493494
785,./node_785_INORM,0.1548319,0.0225587
1892,./node_1892_INORM,0.1706525,0.0164485
1294,./node_1294_INORM,0.1025303,0.0916934
1269,./node_1269_INORM,0.0544619,0.2268017
1797,./node_1797_INORM,0.2159560,0.0033197
880,./node_880_INORM,0.1412169,0.0334882
1397,./node_1397_INORM,0.0279354,0.3560724
1669,./node_1669_INORM,0.0057933,0.4679006
983,./node_983_INORM,0.1188828,0.0656224
1694,./node_1694_INORM,0.0039009,0.4779213
385,./node_385_INORM,0.1673556,0.0187110
1991,./node_1991_INORM,0.0831477,0.1394152
686,./node_686_INORM,0.1904299,0.0131322
378,./node_378_INORM,0.0892720,0.1280442
35,./node_35_INORM,0.1410527,0.0501791
530,./node_530_INORM,0.1952768,0.0101617
1021,./node_1021_INORM,0.1447210,0.0319984
1522,./node_1522_INORM,0.0000000,0.5000000
614,./node_614_INORM,0.1414641,0.0313418
1903,./node_1903_INORM,0.1116497,0.0593054
317,./node_317_INORM,0.2233316,0.0066477
1606,./node_1606_INORM,0.0000000,0.5000000
911,./node_911_INORM,0.1544410,0.0275580
1305,./node_1305_INORM,0.0962952,0.1057083
1938,./node_1938_INORM,0.1440099,0.0323954
1519,./node_1519_INORM,0.0000000,0.5000000
1075,./node_1075_INORM,0.0988215,0.1018547
1576,./node_1576_INORM,0.0179454,0.4032148
1088,./node_1088_INORM,0.1166822,0.0641861
61,./node_61_INORM,0.1643437,0.0305064
599,./node_599_INORM,0.1560563,0.0217331
564,./node_564_INORM,0.2339427,0.0046927
1652,./node_1652_INORM,0.0625468,0.2042781
945,./node_945_INORM,0.1387625,0.0384101
1351,./node_1351_INORM,0.0792482,0.1501509
640,./node_640_INORM,0.2503521,0.0029127
1957,./node_1957_INORM,0.1529882,0.0290005
343,./node_343_INORM,0.1998201,0.0070701
164,./node_164_INORM,0.2189791,0.0050910
199,./node_199_INORM,0.1805093,0.0171486
467,./node_467_INORM,0.1085864,0.0773288
1488,./node_1488_INORM,0.1529239,0.0281873
1176,./node_1176_INORM,0.0374265,0.3158821
1475,./node_1475_INORM,0.0736114,0.1670754
1854,./node_1854_INORM,0.1383725,0.0322067
743,./node_743_INORM,0.2173441,0.0074097
240,./node_240_INORM,0.2013448,0.0092430
2007,./node_2007_INORM,0.1269313,0.0566156
846,./node_846_INORM,0.1910812,0.0115084
1751,./node_1751_INORM,0.1448347,0.0340250
1252,./node_1252_INORM,0.1578117,0.0226542
829,./node_829_INORM,0.2153329,0.0053378
1119,./node_1119_INORM,0.1094495,0.0784757
408,./node_408_INORM,0.1847947,0.0143230
40,./node_40_INORM,0.1689114,0.0237205
545,./node_545_INORM,0.1539098,0.0212823
1054,./node_1054_INORM,0.0542224,0.2424203
1557,./node_1557_INORM,0.0138309,0.4255238
661,./node_661_INORM,0.1781452,0.0175660
1976,./node_1976_INORM,0.1659223,0.0127785
362,./node_362_INORM,0.1720936,0.0191850
1673,./node_1673_INORM,0.0000000,0.5000000
964,./node_964_INORM,0.1936336,0.0081954
999,./node_999_INORM,0.1089565,0.0922772
1370,./node_1370_INORM,0.0802507,0.1459849
8,./node_8_INORM,0.1836580,0.0198641
1919,./node_1919_INORM,0.0528281,0.2385619
1538,./node_1538_INORM,0.0244550,0.3694805
808,./node_808_INORM,0.1730966,0.0130942
429,./node_429_INORM,0.1928107,0.0158954
1138,./node_1138_INORM,0.0960066,0.1044590
1157,./node_1157_INORM,0.1932054,0.0074056
1454,./node_1454_INORM,0.0000000,0.5000000
145,./node_145_INORM,0.0868776,0.1465813
446,./node_446_INORM,0.1931385,0.0065673
867,./node_867_INORM,0.1430597,0.0329738
1770,./node_1770_INORM,0.0756487,0.1595197
1273,./node_1273_INORM,0.0921400,0.1136640
1875,./node_1875_INORM,0.2186922,0.0029682
762,./node_762_INORM,0.2080682,0.0086831
261,./node_261_INORM,0.2310579,0.0034076
1888,./node_1888_INORM,0.1837347,0.0105462
2026,./node_2026_INORM,0.1303539,0.0472517
701,./node_701_INORM,0.2216581,0.0067119
1816,./node_1816_INORM,0.0441779,0.2617358
2045,./node_2045_INORM,0.1549055,0.0233846
202,./node_202_INORM,0.1104664,0.0934619
1713,./node_1713_INORM,0.0722502,0.1599084
804,./node_804_INORM,0.2130645,0.0081820
1210,./node_1210_INORM,0.0808087,0.1431351
126,./node_126_INORM,0.1876897,0.0127245
425,./node_425_INORM,0.1642654,0.0183341
1134,./node_1134_INORM,0.0663085,0.2007315
1437,./node_1437_INORM,0.0495101,0.2546576
1458,./node_1458_INORM,0.0608956,0.2106597
149,./node_149_INORM,0.1399885,0.0520012
1282,./node_1282_INORM,0.0211652,0.3882241
896,./node_896_INORM,0.1503257,0.0275006
1781,./node_1781_INORM,0.0273884,0.3470747
290,./node_290_INORM,0.0657838,0.2032779
1879,./node_1879_INORM,0.0737287,0.1429086
1884,./node_1884_INORM,0.0745216,0.1396871
793,./node_793_INORM,0.1551182,0.0220830
549,./node_549_INORM,0.0968035,0.1096104
1058,./node_1058_INORM,0.1932821,0.0092823
393,./node_393_INORM,0.2084291,0.0063910
690,./node_690_INORM,0.1495653,0.0272413
1987,./node_1987_INORM,0.2102556,0.0044767
968,./node_968_INORM,0.1234504,0.0560809
1381,./node_1381_INORM,0.1189925,0.0644558
1682,./node_1682_INORM,0.0521555,0.2356890
995,./node_995_INORM,0.2059896,0.0054838
907,./node_907_INORM,0.1411807,0.0331169
1610,./node_1610_INORM,0.1252060,0.0510478
1313,./node_1313_INORM,0.1173527,0.0591621
1915,./node_1915_INORM,0.0930241,0.0898551
602,./node_602_INORM,0.1245176,0.0540516
4,./node_4_INORM,0.1764601,0.0233196
301,./node_301_INORM,0.1889498,0.0125796
1037,./node_1037_INORM,0.1298900,0.0484912
1534,./node_1534_INORM,0.0000000,0.5000000
23,./node_23_INORM,0.1635054,0.0315510
526,./node_526_INORM,0.2001023,0.0091980
168,./node_168_INORM,0.2112026,0.0077612
496,./node_496_INORM,0.1824261,0.0153798
195,./node_195_INORM,0.2310747,0.0033703
1484,./node_1484_INORM,0.0000000,0.5000000
1479,./node_1479_INORM,0.1043154,0.0886186
1187,./node_1187_INORM,0.0751596,0.1610733
1858,./node_1858_INORM,0.0554970,0.2283427
1732,./node_1732_INORM,0.1138868,0.0645143
825,./node_825_INORM,0.1508701,0.0248733
1231,./node_1231_INORM,0.1108514,0.0746081
720,./node_720_INORM,0.1671324,0.0150090
1837,./node_1837_INORM,0.0564561,0.2250718
223,./node_223_INORM,0.2043863,0.0090472
1115,./node_1115_INORM,0.0752404,0.1616780
1416,./node_1416_INORM,0.1349537,0.0456852
107,./node_107_INORM,0.1932094,0.0148520
404,./node_404_INORM,0.1610213,0.0257945
1934,./node_1934_INORM,0.0984748,0.0793028
623,./node_623_INORM,0.1681162,0.0218393
320,./node_320_INORM,0.1983646,0.0096612
926,./node_926_INORM,0.1403408,0.0348184
1631,./node_1631_INORM,0.0347280,0.3208899
1332,./node_1332_INORM,0.1267878,0.0471304
507,./node_507_INORM,0.1541613,0.0205496
1016,./node_1016_INORM,0.1058677,0.0844621
1515,./node_1515_INORM,0.1731474,0.0148740
1587,./node_1587_INORM,0.1253506,0.0522244
1079,./node_1079_INORM,0.0810785,0.1485886
1084,./node_1084_INORM,0.1856127,0.0097024
595,./node_595_INORM,0.1479063,0.0242333
90,./node_90_INORM,0.1707004,0.0261492
568,./node_568_INORM,0.2513137,0.0024917
949,./node_949_INORM,0.1907351,0.0110527
219,./node_219_INORM,0.2014592,0.0096153
1708,./node_1708_INORM,0.2374324,0.0019726
1443,./node_1443_INORM,0.1525064,0.0265646
1140,./node_1140_INORM,0.0444779,0.2813648
451,./node_451_INORM,0.1850337,0.0139159
152,./node_152_INORM,0.2045022,0.0095344
1264,./node_1264_INORM,0.0584256,0.2170520
1767,./node_1767_INORM,0.0066829,0.4617520
1299,./node_1299_INORM,0.1008442,0.0954457
870,./node_870_INORM,0.1775983,0.0117523
2031,./node_2031_INORM,0.1598905,0.0211842
276,./node_276_INORM,0.2148310,0.0054875
788,./node_788_INORM,0.2095244,0.0074821
775,./node_775_INORM,0.2094508,0.0076564
1862,./node_1862_INORM,0.0571439,0.2057328
552,./node_552_INORM,0.0939084,0.1147072
57,./node_57_INORM,0.1719096,0.0260620
1540,./node_1540_INORM,0.0731635,0.1641348
1043,./node_1043_INORM,0.0901709,0.1214500
375,./node_375_INORM,0.1697214,0.0266493
1961,./node_1961_INORM,0.0750989,0.1571335
388,./node_388_INORM,0.1874717,0.0121168
676,./node_676_INORM,0.1692087,0.0145935
1699,./node_1699_INORM,0.1601642,0.0228914
1367,./node_1367_INORM,0.0575902,0.2262832
973,./node_973_INORM,0.1353353,0.0418833
1664,./node_1664_INORM,0.0396529,0.2905996
1308,./node_1308_INORM,0.0557321,0.2263486
619,./node_619_INORM,0.2012973,0.0099447
38,./node_38_INORM,0.1426793,0.0496212
470,./node_470_INORM,0.2288428,0.0061768
173,./node_173_INORM,0.0623083,0.2220336
1462,./node_1462_INORM,0.0479970,0.2638822
1161,./node_1161_INORM,0.0696908,0.1796329
2010,./node_2010_INORM,0.1889210,0.0086666
257,./node_257_INORM,0.1487424,0.0282839
754,./node_754_INORM,0.2110112,0.0087294
1843,./node_1843_INORM,0.0511982,0.2473328
1245,./node_1245_INORM,0.1909427,0.0073021
1746,./node_1746_INORM,0.0136236,0.4229831
851,./node_851_INORM,0.1954771,0.0090765
1729,./node_1729_INORM,0.0058180,0.4669186
238,./node_238_INORM,0.2307527,0.0031973
638,./node_638_INORM,0.2019198,0.0111039
1329,./node_1329_INORM,0.0396609,0.3008578
19,./node_19_INORM,0.1802619,0.0217047
1561,./node_1561_INORM,0.0602178,0.2133164
1062,./node_1062_INORM,0.1331687,0.0464403
573,./node_573_INORM,0.1407423,0.0322036
76,./node_76_INORM,0.1112979,0.0911874
1346,./node_1346_INORM,0.1091718,0.0716791
952,./node_952_INORM,0.1327596,0.0429353
1645,./node_1645_INORM,0.0449489,0.2748910
354,./node_354_INORM,0.1218733,0.0742539
1940,./node_1940_INORM,0.1046581,0.0675477
657,./node_657_INORM,0.1522775,0.0237557
337,./node_337_INORM,0.2509356,0.0021818
634,./node_634_INORM,0.2160852,0.0071401
1923,./node_1923_INORM,0.0478807,0.2582840
1325,./node_1325_INORM,0.0608721,0.2049908
1626,./node_1626_INORM,0.1855903,0.0122306
931,./node_931_INORM,0.1588334,0.0240501
510,./node_510_INORM,0.1270842,0.0603803
15,./node_15_INORM,0.1883664,0.0173831
1502,./node_1502_INORM,0.0795263,0.1452633
1001,./node_1001_INORM,0.0861903,0.1441003
1093,./node_1093_INORM,0.1623805,0.0200969
1590,./node_1590_INORM,0.0854633,0.1248097
87,./node_87_INORM,0.1294509,0.0671255
582,./node_582_INORM,0.1387565,0.0331336
1649,./node_1649_INORM,0.0000000,0.5000000
358,./node_358_INORM,0.0989958,0.0957294
182,./node_182_INORM,0.2068673,0.0085550
481,./node_481_INORM,0.2098268,0.0062013
1190,./node_1190_INORM,0.0971174,0.0972017
1493,./node_1493_INORM,0.1174208,0.0626876
758,./node_758_INORM,0.2088683,0.0082820
1249,./node_1249_INORM,0.0962380,0.1122040
1226,./node_1226_INORM,0.1908964,0.0074309
832,./node_832_INORM,0.1777946,0.0112274
1725,./node_1725_INORM,0.0019275,0.4889600
234,./node_234_INORM,0.0742752,0.1864476
1820,./node_1820_INORM,0.0847368,0.1165545
737,./node_737_INORM,0.1927397,0.0121355
1401,./node_1401_INORM,0.0000000,0.5000000
1102,./node_1102_INORM,0.1904310,0.0090971
413,./node_413_INORM,0.1749066,0.0194913
110,./node_110_INORM,0.2064442,0.0077639
1990,./node_1990_INORM,0.1475628,0.0211599
379,./node_379_INORM,0.1915723,0.0105101
687,./node_687_INORM,0.1860466,0.0143126
384,./node_384_INORM,0.1859835,0.0137723
982,./node_982_INORM,0.1395826,0.0384688
1695,./node_1695_INORM,0.0000000,0.5000000
1668,./node_1668_INORM,0.1702985,0.0177627
1396,./node_1396_INORM,0.1551457,0.0239793
1304,./node_1304_INORM,0.0538241,0.2425322
1607,./node_1607_INORM,0.0534254,0.2341721
910,./node_910_INORM,0.1781299,0.0113897
316,./node_316_INORM,0.2362921,0.0034185
615,./node_615_INORM,0.1428642,0.0290501
1902,./node_1902_INORM,0.0508342,0.2464444
1523,./node_1523_INORM,0.0782852,0.1523523
1020,./node_1020_INORM,0.1929411,0.0098222
531,./node_531_INORM,0.1030493,0.0902983
34,./node_34_INORM,0.1687244,0.0283020
215,./node_215_INORM,0.1969459,0.0100653
1801,./node_1801_INORM,0.0257537,0.3551137
716,./node_716_INORM,0.1950571,0.0129334
1207,./node_1207_INORM,0.1606080,0.0183900
813,./node_813_INORM,0.1608991,0.0205740
1704,./node_1704_INORM,0.1921295,0.0098380
432,./node_432_INORM,0.2024771,0.0076050
131,./node_131_INORM,0.2084362,0.0080042
1420,./node_1420_INORM,0.0085092,0.4544974
1123,./node_1123_INORM,0.0406767,0.2994091
1796,./node_1796_INORM,0.2306082,0.0025513
1268,./node_1268_INORM,0.0409297,0.2952943
881,./node_881_INORM,0.2020147,0.0095641
1295,./node_1295_INORM,0.0252702,0.3705798
784,./node_784_INORM,0.2045048,0.0086190
1893,./node_1893_INORM,0.0731054,0.1431048
287,./node_287_INORM,0.1877468,0.0131362
779,./node_779_INORM,0.1628319,0.0191609
1253,./node_1253_INORM,0.1265515,0.0499377
847,./node_847_INORM,0.2132348,0.0073435
1750,./node_1750_INORM,0.1897895,0.0078960
241,./node_241_INORM,0.1572885,0.0259593
2006,./node_2006_INORM,0.1439208,0.0353800
1855,./node_1855_INORM,0.0576579,0.2009621
742,./node_742_INORM,0.1605701,0.0195412
1474,./node_1474_INORM,0.0000000,0.5000000
1177,./node_1177_INORM,0.0677354,0.1947107
1489,./node_1489_INORM,0.0353802,0.3154605
466,./node_466_INORM,0.1864033,0.0076815
198,./node_198_INORM,0.1863204,0.0137788
165,./node_165_INORM,0.1777302,0.0176830
409,./node_409_INORM,0.1746350,0.0129858
1118,./node_1118_INORM,0.0762951,0.1659485
828,./node_828_INORM,0.1631124,0.0211372
1518,./node_1518_INORM,0.1008909,0.0928739
1939,./node_1939_INORM,0.1576939,0.0253879
342,./node_342_INORM,0.1853071,0.0135140
641,./node_641_INORM,0.1770682,0.0124470
1956,./node_1956_INORM,0.0518571,0.2400932
1350,./node_1350_INORM,0.0658158,0.1933835
1653,./node_1653_INORM,0.1050516,0.0880368
944,./node_944_INORM,0.1330689,0.0447804
565,./node_565_INORM,0.1586905,0.0168160
60,./node_60_INORM,0.1783425,0.0181689
598,./node_598_INORM,0.1515033,0.0220606
1089,./node_1089_INORM,0.0587458,0.2239414
1577,./node_1577_INORM,0.0448779,0.2706542
1074,./node_1074_INORM,0.1037049,0.0897238
1139,./node_1139_INORM,0.1100657,0.0782278
428,./node_428_INORM,0.1837780,0.0152546
809,./node_809_INORM,0.1779551,0.0112634
2048,./node_2048_INORM,0.1300328,0.0483107
260,./node_260_INORM,0.0489796,0.2740211
2027,./node_2027_INORM,0.0920293,0.1156613
1889,./node_1889_INORM,0.1477254,0.0260593
1874,./node_1874_INORM,0.2409528,0.0015401
763,./node_763_INORM,0.1906771,0.0125686
1272,./node_1272_INORM,0.0101152,0.4475791
866,./node_866_INORM,0.1791420,0.0151632
1771,./node_1771_INORM,0.0854946,0.1295861
447,./node_447_INORM,0.1021535,0.1031704
144,./node_144_INORM,0.1644623,0.0291285
1455,./node_1455_INORM,0.0000000,0.5000000
1156,./node_1156_INORM,0.0675316,0.1844082
998,./node_998_INORM,0.1331989,0.0527783
1371,./node_1371_INORM,0.1134264,0.0675778
1672,./node_1672_INORM,0.0000000,0.5000000
965,./node_965_INORM,0.1354532,0.0411203
363,./node_363_INORM,0.1671610,0.0225643
660,./node_660_INORM,0.1898912,0.0139613
1977,./node_1977_INORM,0.1058830,0.0907162
1556,./node_1556_INORM,0.0000000,0.5000000
1055,./node_1055_INORM,0.0869297,0.1318359
544,./node_544_INORM,0.2188560,0.0051485
41,./node_41_INORM,0.1789665,0.0220031
1539,./node_1539_INORM,0.0000000,0.5000000
9,./node_9_INORM,0.1750915,0.0256911
1918,./node_1918_INORM,0.1064242,0.0804424
1683,./node_1683_INORM,0.1373248,0.0410080
994,./node_994_INORM,0.1486393,0.0310212
969,./node_969_INORM,0.1320998,0.0458250
1380,./node_1380_INORM,0.0645335,0.1936256
691,./node_691_INORM,0.1612521,0.0185610
1986,./node_1986_INORM,0.2187637,0.0030651
392,./node_392_INORM,0.1614058,0.0198465
1059,./node_1059_INORM,0.0751187,0.1654273
548,./node_548_INORM,0.1527443,0.0205269
527,./node_527_INORM,0.1180608,0.0723065
22,./node_22_INORM,0.1600068,0.0341103
1535,./node_1535_INORM,0.1019651,0.0923945
1036,./node_1036_INORM,0.1681438,0.0171631
300,./node_300_INORM,0.0751694,0.1671200
1914,./node_1914_INORM,0.0684345,0.1798234
5,./node_5_INORM,0.1706486,0.0277902
603,./node_603_INORM,0.1444533,0.0284238
1312,./node_1312_INORM,0.0398413,0.2955647
906,./node_906_INORM,0.2019077,0.0068241
1611,./node_1611_INORM,0.1087785,0.0810649
1436,./node_1436_INORM,0.0000000,0.5000000
1135,./node_1135_INORM,0.0334283,0.3314483
424,./node_424_INORM,0.1509542,0.0235239
127,./node_127_INORM,0.2051383,0.0094677
1211,./node_1211_INORM,0.0969843,0.1056739
1712,./node_1712_INORM,0.2448747,0.0015382
805,./node_805_INORM,0.1659821,0.0167498
2044,./node_2044_INORM,0.1158811,0.0700961
203,./node_203_INORM,0.1425584,0.0454872
700,./node_700_INORM,0.2004441,0.0099746
1817,./node_1817_INORM,0.0395070,0.2854485
1885,./node_1885_INORM,0.0822218,0.1203666
792,./node_792_INORM,0.1650496,0.0172366
291,./node_291_INORM,0.0711937,0.1827893
1878,./node_1878_INORM,0.0663860,0.1661477
897,./node_897_INORM,0.1615489,0.0197027
1780,./node_1780_INORM,0.0122992,0.4294763
1283,./node_1283_INORM,0.0830993,0.1381538
148,./node_148_INORM,0.1655351,0.0263904
1459,./node_1459_INORM,0.1963333,0.0071391
1514,./node_1514_INORM,0.0494633,0.2553140
1017,./node_1017_INORM,0.1274877,0.0512792
506,./node_506_INORM,0.1705977,0.0121460
1333,./node_1333_INORM,0.0384122,0.3072534
927,./node_927_INORM,0.1757947,0.0126018
1630,./node_1630_INORM,0.1443932,0.0336711
321,./node_321_INORM,0.1991948,0.0085699
1935,./node_1935_INORM,0.0950126,0.0866866
622,./node_622_INORM,0.1435537,0.0306577
948,./node_948_INORM,0.1317904,0.0449077
91,./node_91_INORM,0.1685634,0.0246789
569,./node_569_INORM,0.1833607,0.0153868
594,./node_594_INORM,0.1479563,0.0237012
1085,./node_1085_INORM,0.0675237,0.1925821
1078,./node_1078_INORM,0.0711434,0.1770609
1586,./node_1586_INORM,0.0000000,0.5000000
1859,./node_1859_INORM,0.1304464,0.0502187
1186,./node_1186_INORM,0.1899613,0.0081916
1478,./node_1478_INORM,0.2016149,0.0066867
1485,./node_1485_INORM,0.1592046,0.0216043
194,./node_194_INORM,0.1764757,0.0196680
497,./node_497_INORM,0.1563842,0.0188551
169,./node_169_INORM,0.1681847,0.0251789
405,./node_405_INORM,0.1685900,0.0146950
106,./node_106_INORM,0.1493941,0.0422417
1417,./node_1417_INORM,0.0000000,0.5000000
1114,./node_1114_INORM,0.0515363,0.2533847
222,./node_222_INORM,0.1749700,0.0150210
721,./node_721_INORM,0.2001282,0.0079252
1836,./node_1836_INORM,0.0421814,0.2689987
1230,./node_1230_INORM,0.0650962,0.1881562
1733,./node_1733_INORM,0.0055644,0.4683782
824,./node_824_INORM,0.1818537,0.0160198
