node,name,H2r,rp
62,./node_62_INORM,0.2963230,0.0000239
312,./node_312_INORM,0.3879743,0.0000003
135,./node_135_INORM,0.2299109,0.0016313
211,./node_211_INORM,0.3885142,0.0000008
283,./node_283_INORM,0.1886767,0.0075016
333,./node_333_INORM,0.2955581,0.0005950
43,./node_43_INORM,0.2332766,0.0036499
186,./node_186_INORM,0.2637976,0.0009887
114,./node_114_INORM,0.1530870,0.0305069
230,./node_230_INORM,0.1733230,0.0160863
253,./node_253_INORM,0.2004238,0.0058243
177,./node_177_INORM,0.3192846,0.0000046
118,./node_118_INORM,0.3327696,0.0000041
20,./node_20_INORM,0.3677086,0.0000126
350,./node_350_INORM,0.3204501,0.0000316
139,./node_139_INORM,0.3007508,0.0002110
272,./node_272_INORM,0.1432489,0.0345399
156,./node_156_INORM,0.3520670,0.0000072
93,./node_93_INORM,0.0322339,0.3189041
325,./node_325_INORM,0.1303235,0.0379809
55,./node_55_INORM,0.3262270,0.0000424
190,./node_190_INORM,0.2349197,0.0028472
249,./node_249_INORM,0.3455880,0.0000036
226,./node_226_INORM,0.1964822,0.0061712
102,./node_102_INORM,0.1662156,0.0287527
89,./node_89_INORM,0.2127662,0.0037203
74,./node_74_INORM,0.1462080,0.0337810
304,./node_304_INORM,0.2413754,0.0012644
207,./node_207_INORM,0.2113545,0.0049061
123,./node_123_INORM,0.3552054,0.0000071
268,./node_268_INORM,0.4481746,7.978758e-09
295,./node_295_INORM,0.3155713,0.0000348
140,./node_140_INORM,0.2908599,0.0004666
264,./node_264_INORM,0.1152855,0.0743844
299,./node_299_INORM,0.2780340,0.0003522
85,./node_85_INORM,0.1690025,0.0186099
78,./node_78_INORM,0.0712737,0.1966898
308,./node_308_INORM,0.2398635,0.0015967
17,./node_17_INORM,0.2369762,0.0020004
161,./node_161_INORM,0.3716785,0.0000006
245,./node_245_INORM,0.4957288,1.4392138e-10
36,./node_36_INORM,0.3101991,0.0000885
329,./node_329_INORM,0.2154730,0.0019425
346,./node_346_INORM,0.2083776,0.0055502
59,./node_59_INORM,0.2163227,0.0033908
210,./node_210_INORM,0.4665590,6.872249e-10
134,./node_134_INORM,0.2070634,0.0015421
282,./node_282_INORM,0.3119069,0.0003090
63,./node_63_INORM,0.2005125,0.0040014
313,./node_313_INORM,0.1466811,0.0225789
187,./node_187_INORM,0.2815257,0.0004107
231,./node_231_INORM,0.3322291,0.0000268
115,./node_115_INORM,0.2787316,0.0006726
332,./node_332_INORM,0.2679323,0.0007137
42,./node_42_INORM,0.2370633,0.0035031
21,./node_21_INORM,0.3760567,0.0000023
351,./node_351_INORM,0.1982203,0.0053175
176,./node_176_INORM,0.3502717,0.0000088
252,./node_252_INORM,0.3561219,0.0000015
119,./node_119_INORM,0.3496552,0.0000005
92,./node_92_INORM,0.2886079,0.0000541
1,./node_1_INORM,0.2005851,0.0091935
138,./node_138_INORM,0.2523464,0.0012223
157,./node_157_INORM,0.2926915,0.0002425
273,./node_273_INORM,0.1014644,0.0932725
248,./node_248_INORM,0.3278002,0.0000066
191,./node_191_INORM,0.3591713,0.0000094
103,./node_103_INORM,0.2789567,0.0005309
227,./node_227_INORM,0.2290155,0.0035868
324,./node_324_INORM,0.0767608,0.1533212
54,./node_54_INORM,0.3489414,0.0000058
122,./node_122_INORM,0.2734647,0.0001193
206,./node_206_INORM,0.3058919,0.0000641
294,./node_294_INORM,0.1898505,0.0089030
269,./node_269_INORM,0.2235158,0.0017299
75,./node_75_INORM,0.2226554,0.0025242
88,./node_88_INORM,0.3246082,0.0000261
305,./node_305_INORM,0.2476170,0.0009843
79,./node_79_INORM,0.2380531,0.0016251
84,./node_84_INORM,0.0491982,0.2748542
16,./node_16_INORM,0.2882398,0.0004499
309,./node_309_INORM,0.2772532,0.0002850
298,./node_298_INORM,0.3468143,0.0000143
265,./node_265_INORM,0.1625078,0.0240581
141,./node_141_INORM,0.3054469,0.0002149
328,./node_328_INORM,0.2017531,0.0092832
37,./node_37_INORM,0.2577636,0.0016295
58,./node_58_INORM,0.2206270,0.0019153
347,./node_347_INORM,0.1856379,0.0145194
244,./node_244_INORM,0.3389520,0.0000062
160,./node_160_INORM,0.2352402,0.0028143
41,./node_41_INORM,0.3021868,0.0002767
331,./node_331_INORM,0.3427060,0.0000012
232,./node_232_INORM,0.2906906,0.0002454
116,./node_116_INORM,0.2209490,0.0047636
184,./node_184_INORM,0.2212498,0.0067394
179,./node_179_INORM,0.2406160,0.0007699
310,./node_310_INORM,0.1654452,0.0227998
60,./node_60_INORM,0.2780109,0.0008797
158,./node_158_INORM,0.3118069,0.0000740
281,./node_281_INORM,0.3311205,0.0000635
213,./node_213_INORM,0.3196184,0.0000112
137,./node_137_INORM,0.1561689,0.0320346
154,./node_154_INORM,0.2853706,0.0003990
270,./node_270_INORM,0.1271539,0.0351911
2,./node_2_INORM,0.3196487,0.0000718
91,./node_91_INORM,0.1358759,0.0412100
188,./node_188_INORM,0.3695319,0.0000053
175,./node_175_INORM,0.2385537,0.0018391
251,./node_251_INORM,0.2673211,0.0002654
352,./node_352_INORM,0.2765216,0.0003058
22,./node_22_INORM,0.3040789,0.0001184
19,./node_19_INORM,0.3033980,0.0001867
306,./node_306_INORM,0.3046290,0.0000194
76,./node_76_INORM,0.3336949,0.0000282
297,./node_297_INORM,0.1691212,0.0203341
121,./node_121_INORM,0.2586538,0.0011697
205,./node_205_INORM,0.3179762,0.0000692
57,./node_57_INORM,0.2852817,0.0005395
348,./node_348_INORM,0.3570029,0.0000213
327,./node_327_INORM,0.2856778,0.0002767
38,./node_38_INORM,0.1689136,0.0206830
100,./node_100_INORM,0.2988784,0.0002571
224,./node_224_INORM,0.1717842,0.0183459
192,./node_192_INORM,0.2924525,0.0001834
228,./node_228_INORM,0.2592838,0.0008825
247,./node_247_INORM,0.1338192,0.0336131
163,./node_163_INORM,0.2354212,0.0022738
344,./node_344_INORM,0.4558721,1.0165738e-11
34,./node_34_INORM,0.3781431,1.791926e-08
266,./node_266_INORM,0.1940956,0.0092687
142,./node_142_INORM,0.3413544,0.0000623
209,./node_209_INORM,0.1716966,0.0135922
15,./node_15_INORM,0.2079511,0.0026064
87,./node_87_INORM,0.2253279,0.0040602
117,./node_117_INORM,0.2048390,0.0078453
233,./node_233_INORM,0.3285208,0.0000438
178,./node_178_INORM,0.1758965,0.0140027
185,./node_185_INORM,0.2356132,0.0026035
40,./node_40_INORM,0.3266150,0.0000452
330,./node_330_INORM,0.3046341,0.0000502
280,./node_280_INORM,0.3285208,0.0000561
159,./node_159_INORM,0.3116034,0.0002450
136,./node_136_INORM,0.2337670,0.0027684
212,./node_212_INORM,0.2261241,0.0008284
311,./node_311_INORM,0.2626761,0.0005715
61,./node_61_INORM,0.3406063,0.0000026
3,./node_3_INORM,0.3232160,0.0001990
90,./node_90_INORM,0.1233200,0.0341685
271,./node_271_INORM,0.2195145,0.0016237
155,./node_155_INORM,0.4593544,6.8131545e-10
353,./node_353_INORM,0.2360813,0.0019707
23,./node_23_INORM,0.3172019,0.0001214
250,./node_250_INORM,0.1980354,0.0047357
174,./node_174_INORM,0.1866139,0.0124364
189,./node_189_INORM,0.3252928,0.0000510
296,./node_296_INORM,0.3090452,0.0001167
204,./node_204_INORM,0.2162305,0.0040371
120,./node_120_INORM,0.3206378,0.0000183
307,./node_307_INORM,0.2585870,0.0003879
18,./node_18_INORM,0.2265689,0.0025645
77,./node_77_INORM,0.2292458,0.0011651
225,./node_225_INORM,0.1259351,0.0629511
101,./node_101_INORM,0.3445441,0.0000181
193,./node_193_INORM,0.2421304,0.0024365
349,./node_349_INORM,0.3281036,0.0000604
56,./node_56_INORM,0.3090713,0.0001050
39,./node_39_INORM,0.3135915,0.0000614
326,./node_326_INORM,0.2725482,0.0004268
345,./node_345_INORM,0.4444589,1.3394919e-09
35,./node_35_INORM,0.4115050,1.0302438e-08
229,./node_229_INORM,0.3244724,0.0001039
162,./node_162_INORM,0.2420713,0.0004723
246,./node_246_INORM,0.3931669,0.0000001
14,./node_14_INORM,0.2435547,0.0005041
86,./node_86_INORM,0.1010886,0.1147738
143,./node_143_INORM,0.2972701,0.0001714
267,./node_267_INORM,0.1290630,0.0445605
208,./node_208_INORM,0.3004180,0.0001426
354,./node_354_INORM,0.2639658,0.0007792
24,./node_24_INORM,0.2777906,0.0005139
238,./node_238_INORM,0.2408085,0.0015662
173,./node_173_INORM,0.2170404,0.0044555
257,./node_257_INORM,0.1588338,0.0148825
4,./node_4_INORM,0.2405386,0.0031168
97,./node_97_INORM,0.1682136,0.0134281
152,./node_152_INORM,0.3404895,0.0000480
276,./node_276_INORM,0.1537671,0.0295556
219,./node_219_INORM,0.2930123,0.0002220
287,./node_287_INORM,0.2643804,0.0007637
215,./node_215_INORM,0.3999410,4.8361395e-08
131,./node_131_INORM,0.3513766,0.0000044
316,./node_316_INORM,0.3146664,0.0001240
8,./node_8_INORM,0.3435956,0.0000119
66,./node_66_INORM,0.3073493,0.0000152
234,./node_234_INORM,0.3136364,0.0000482
110,./node_110_INORM,0.2859786,0.0002511
182,./node_182_INORM,0.3996653,0.0000023
47,./node_47_INORM,0.2969948,0.0002701
358,./node_358_INORM,0.1712418,0.0191275
337,./node_337_INORM,0.3181927,0.0000660
28,./node_28_INORM,0.2577812,0.0008253
13,./node_13_INORM,0.2636804,0.0011601
81,./node_81_INORM,0.2268773,0.0019103
260,./node_260_INORM,0.1444749,0.0411350
144,./node_144_INORM,0.1535441,0.0201674
342,./node_342_INORM,0.2382646,0.0007520
32,./node_32_INORM,0.3692905,0.0000008
241,./node_241_INORM,0.3683777,0.0000013
165,./node_165_INORM,0.3512502,0.0000008
198,./node_198_INORM,0.2649128,0.0005370
106,./node_106_INORM,0.2590102,0.0012736
222,./node_222_INORM,0.2296383,0.0036586
169,./node_169_INORM,0.2056888,0.0058685
194,./node_194_INORM,0.1807844,0.0075000
51,./node_51_INORM,0.3613046,0.0000068
321,./node_321_INORM,0.2706784,0.0009244
291,./node_291_INORM,0.1709353,0.0151566
148,./node_148_INORM,0.1227063,0.0789015
127,./node_127_INORM,0.3038299,0.0000497
203,./node_203_INORM,0.3946876,0.0000034
300,./node_300_INORM,0.3899681,0.0000007
70,./node_70_INORM,0.1527438,0.0224013
239,./node_239_INORM,0.2592711,0.0016282
256,./node_256_INORM,0.2557602,0.0007920
172,./node_172_INORM,0.1364806,0.0343397
355,./node_355_INORM,0.2597394,0.0006870
25,./node_25_INORM,0.2655850,0.0006881
277,./node_277_INORM,0.0335487,0.3203837
153,./node_153_INORM,0.3036464,0.0003259
218,./node_218_INORM,0.1739696,0.0162450
5,./node_5_INORM,0.2587104,0.0013989
96,./node_96_INORM,0.1720580,0.0198636
9,./node_9_INORM,0.3467973,0.0000142
317,./node_317_INORM,0.1219979,0.0729701
67,./node_67_INORM,0.1484508,0.0206068
286,./node_286_INORM,0.2804599,0.0005544
130,./node_130_INORM,0.2580116,0.0005238
214,./node_214_INORM,0.2951541,0.0000179
359,./node_359_INORM,0.2218801,0.0019767
46,./node_46_INORM,0.1754910,0.0140964
29,./node_29_INORM,0.1956315,0.0064614
336,./node_336_INORM,0.3156051,0.0000400
111,./node_111_INORM,0.2430262,0.0011822
235,./node_235_INORM,0.3407778,0.0000151
183,./node_183_INORM,0.2802917,0.0006913
145,./node_145_INORM,0.1537840,0.0195084
261,./node_261_INORM,0.1760945,0.0125506
12,./node_12_INORM,0.2231837,0.0026880
80,./node_80_INORM,0.1610633,0.0197481
199,./node_199_INORM,0.3284105,0.0000957
164,./node_164_INORM,0.3274097,0.0000044
240,./node_240_INORM,0.3019416,0.0002280
343,./node_343_INORM,0.2617969,0.0007600
33,./node_33_INORM,0.4449488,2.6842576e-09
50,./node_50_INORM,0.1506366,0.0300221
320,./node_320_INORM,0.2704902,0.0006031
223,./node_223_INORM,0.2808487,0.0004481
107,./node_107_INORM,0.3051863,0.0000457
195,./node_195_INORM,0.2338784,0.0011411
168,./node_168_INORM,0.2827157,0.0004890
301,./node_301_INORM,0.2479823,0.0025828
71,./node_71_INORM,0.2565517,0.0004834
149,./node_149_INORM,0.1864977,0.0045892
290,./node_290_INORM,0.2091236,0.0029574
202,./node_202_INORM,0.3329933,0.0000217
126,./node_126_INORM,0.3078131,0.0000910
68,./node_68_INORM,0.3786159,0.0000006
95,./node_95_INORM,0.1724812,0.0175175
6,./node_6_INORM,0.2698628,0.0006588
318,./node_318_INORM,0.2692884,0.0005444
289,./node_289_INORM,0.2700902,0.0005415
274,./node_274_INORM,0.2145865,0.0029063
150,./node_150_INORM,0.2602570,0.0005906
26,./node_26_INORM,0.3194851,0.0000328
339,./node_339_INORM,0.3309971,0.0000677
356,./node_356_INORM,0.3637523,0.0000047
49,./node_49_INORM,0.3510542,0.0000172
255,./node_255_INORM,0.2702663,0.0005979
171,./node_171_INORM,0.2619582,0.0003680
259,./node_259_INORM,0.1606349,0.0222513
180,./node_180_INORM,0.3618585,0.0000016
112,./node_112_INORM,0.3507492,0.0000186
236,./node_236_INORM,0.2977576,0.0002584
335,./node_335_INORM,0.3719562,0.0000008
45,./node_45_INORM,0.0781473,0.1703720
133,./node_133_INORM,0.2179130,0.0012465
217,./node_217_INORM,0.3282785,0.0001193
285,./node_285_INORM,0.2986874,0.0002382
278,./node_278_INORM,0.2359119,0.0007727
64,./node_64_INORM,0.3152349,0.0000122
99,./node_99_INORM,0.2378644,0.0024823
314,./node_314_INORM,0.2220922,0.0019601
30,./node_30_INORM,0.3336647,0.0000065
340,./node_340_INORM,0.2663310,0.0008455
167,./node_167_INORM,0.2283097,0.0030934
243,./node_243_INORM,0.1683578,0.0150174
108,./node_108_INORM,0.1763757,0.0217547
83,./node_83_INORM,0.1284967,0.0505748
11,./node_11_INORM,0.2887231,0.0001818
129,./node_129_INORM,0.2991959,0.0000657
146,./node_146_INORM,0.2373244,0.0015050
262,./node_262_INORM,0.1084247,0.0890697
201,./node_201_INORM,0.3841193,0.0000014
125,./node_125_INORM,0.3357444,0.0000124
293,./node_293_INORM,0.2695331,0.0006911
72,./node_72_INORM,0.2909202,0.0001779
302,./node_302_INORM,0.2470509,0.0009812
196,./node_196_INORM,0.2414122,0.0026671
220,./node_220_INORM,0.3817917,0.0000051
104,./node_104_INORM,0.2558591,0.0013933
323,./node_323_INORM,0.2254039,0.0029337
53,./node_53_INORM,0.3362178,0.0000173
151,./node_151_INORM,0.3093040,0.0000325
275,./node_275_INORM,0.0901686,0.1197721
288,./node_288_INORM,0.2554118,0.0009926
94,./node_94_INORM,0.3477179,0.0000057
69,./node_69_INORM,0.2721916,0.0003064
319,./node_319_INORM,0.2698206,0.0006069
7,./node_7_INORM,0.2663687,0.0011249
170,./node_170_INORM,0.2277293,0.0019214
254,./node_254_INORM,0.2301762,0.0019996
338,./node_338_INORM,0.2756769,0.0005635
27,./node_27_INORM,0.1995171,0.0086980
48,./node_48_INORM,0.2482689,0.0018073
357,./node_357_INORM,0.1966744,0.0034624
334,./node_334_INORM,0.2973789,0.0003814
44,./node_44_INORM,0.0338899,0.3332498
181,./node_181_INORM,0.1891869,0.0137807
258,./node_258_INORM,0.1880787,0.0114828
237,./node_237_INORM,0.2268147,0.0040663
113,./node_113_INORM,0.2724301,0.0004811
98,./node_98_INORM,0.0938780,0.1015823
65,./node_65_INORM,0.4775932,4.3613956e-11
315,./node_315_INORM,0.2268952,0.0023071
216,./node_216_INORM,0.3621887,0.0000058
132,./node_132_INORM,0.3368269,0.0000058
279,./node_279_INORM,0.2776557,0.0005028
284,./node_284_INORM,0.2692302,0.0006394
242,./node_242_INORM,0.2709442,0.0000889
166,./node_166_INORM,0.2746482,0.0002135
109,./node_109_INORM,0.2223199,0.0049967
31,./node_31_INORM,0.4384925,0.0000001
341,./node_341_INORM,0.2809092,0.0000655
128,./node_128_INORM,0.2828674,0.0002762
263,./node_263_INORM,0.0871391,0.1202923
147,./node_147_INORM,0.1655110,0.0316278
82,./node_82_INORM,0.0998781,0.1108855
360,./node_360_INORM,0.2074701,0.0024055
10,./node_10_INORM,0.1874130,0.0113072
73,./node_73_INORM,0.1773446,0.0090970
303,./node_303_INORM,0.3883065,0.0000011
124,./node_124_INORM,0.2093098,0.0059934
200,./node_200_INORM,0.3255894,0.0000846
292,./node_292_INORM,0.1166331,0.0642527
322,./node_322_INORM,0.2671182,0.0009849
52,./node_52_INORM,0.3370209,0.0000386
197,./node_197_INORM,0.2748362,0.0006559
105,./node_105_INORM,0.2499840,0.0015775
221,./node_221_INORM,0.2961174,0.0003464
