node,name,H2r,rp
40,./node_40_INORM,0.4839292,2.2602638e-09
879,./node_879_INORM,0.2320547,0.0028006
884,./node_884_INORM,0.4642162,0.0000001
282,./node_282_INORM,0.5057419,2.4091318e-11
781,./node_781_INORM,0.3223633,0.0000420
458,./node_458_INORM,0.4290651,1.0333205e-08
134,./node_134_INORM,0.4688641,4.3386548e-10
437,./node_437_INORM,0.5414166,3.4972691e-10
713,./node_713_INORM,0.3595359,0.0000052
210,./node_210_INORM,0.6161446,2.3063554e-16
816,./node_816_INORM,0.4056170,0.0000017
534,./node_534_INORM,0.4236567,0.0000002
915,./node_915_INORM,0.2403692,0.0020043
610,./node_610_INORM,0.2878503,0.0000620
313,./node_313_INORM,0.7591454,3.3995007e-21
381,./node_381_INORM,0.4135219,1.5608769e-08
682,./node_682_INORM,0.3582960,0.0000081
987,./node_987_INORM,0.2988240,0.0001917
115,./node_115_INORM,0.5121034,6.774331e-12
416,./node_416_INORM,0.6419626,2.8743663e-13
837,./node_837_INORM,0.1926858,0.0100470
732,./node_732_INORM,0.2560356,0.0006756
231,./node_231_INORM,0.4698492,1.1062983e-09
858,./node_858_INORM,0.4349154,0.0000004
61,./node_61_INORM,0.5858114,1.4257684e-13
484,./node_484_INORM,0.5078688,3.104245e-09
1012,./node_1012_INORM,0.3403365,0.0000509
187,./node_187_INORM,0.5125276,5.7681625e-11
479,./node_479_INORM,0.3901353,0.0000001
587,./node_587_INORM,0.2604448,0.0002214
515,./node_515_INORM,0.3802518,0.0000013
631,./node_631_INORM,0.3285871,0.0000517
332,./node_332_INORM,0.4101802,4.0634988e-08
934,./node_934_INORM,0.4760557,2.5527794e-08
957,./node_957_INORM,0.2579135,0.0009300
652,./node_652_INORM,0.3286476,0.0000379
351,./node_351_INORM,0.4276653,3.0175419e-09
576,./node_576_INORM,0.3494352,0.0000077
519,./node_519_INORM,0.4407199,0.0000001
938,./node_938_INORM,0.1672917,0.0260995
119,./node_119_INORM,0.6622431,1.2898032e-18
751,./node_751_INORM,0.3890327,0.0000011
252,./node_252_INORM,0.6760973,1.1936263e-16
854,./node_854_INORM,0.4126879,0.0000009
90,./node_90_INORM,0.5789981,1.1288124e-14
176,./node_176_INORM,0.7096049,1.3916099e-20
488,./node_488_INORM,0.5496183,9.5125535e-11
475,./node_475_INORM,0.3546821,0.0000038
538,./node_538_INORM,0.4835370,0.0000001
919,./node_919_INORM,0.2764522,0.0005462
673,./node_673_INORM,0.3596804,0.0000056
370,./node_370_INORM,0.4572185,5.848407e-10
976,./node_976_INORM,0.2491042,0.0014284
557,./node_557_INORM,0.3539787,0.0000015
875,./node_875_INORM,0.2593623,0.0009368
888,./node_888_INORM,0.2339664,0.0025427
770,./node_770_INORM,0.4258783,0.0000004
273,./node_273_INORM,0.5538345,2.9949401e-13
157,./node_157_INORM,0.4249223,1.3027466e-08
454,./node_454_INORM,0.3790899,0.0000003
138,./node_138_INORM,0.6792779,1.2334416e-19
23,./node_23_INORM,0.6298504,4.9594917e-17
724,./node_724_INORM,0.1853904,0.0083239
227,./node_227_INORM,0.7330159,6.594028e-21
18,./node_18_INORM,0.6246824,9.680121e-16
821,./node_821_INORM,0.4594895,0.0000001
103,./node_103_INORM,0.6621076,1.0563988e-18
400,./node_400_INORM,0.4144100,3.741246e-08
1004,./node_1004_INORM,0.2424396,0.0020954
492,./node_492_INORM,0.3203812,0.0000097
191,./node_191_INORM,0.4831846,3.917522e-10
77,./node_77_INORM,0.4832893,1.5191507e-09
248,./node_248_INORM,0.5409156,2.5720896e-12
591,./node_591_INORM,0.4173736,0.0000007
648,./node_648_INORM,0.2821469,0.0001711
922,./node_922_INORM,0.2262991,0.0037945
627,./node_627_INORM,0.3463558,0.0000063
324,./node_324_INORM,0.7213949,7.099949e-17
503,./node_503_INORM,0.4890305,2.9494685e-08
294,./node_294_INORM,0.4447502,1.6629329e-09
797,./node_797_INORM,0.3734376,0.0000066
269,./node_269_INORM,0.6128833,3.2033374e-14
56,./node_56_INORM,0.5249259,7.8079255e-11
892,./node_892_INORM,0.4424253,0.0000001
800,./node_800_INORM,0.2092379,0.0056885
39,./node_39_INORM,0.5884165,1.3418153e-13
705,./node_705_INORM,0.3592960,0.0000099
206,./node_206_INORM,0.5539676,6.021269e-14
122,./node_122_INORM,0.5335228,4.3836634e-13
421,./node_421_INORM,0.5015063,8.721993e-11
606,./node_606_INORM,0.2425035,0.0004834
305,./node_305_INORM,0.4733254,4.5526828e-10
903,./node_903_INORM,0.1869379,0.0130829
522,./node_522_INORM,0.3661716,0.0000014
991,./node_991_INORM,0.2251127,0.0050451
669,./node_669_INORM,0.3590315,0.0000024
397,./node_397_INORM,0.6298809,1.7424462e-13
694,./node_694_INORM,0.2166278,0.0022248
309,./node_309_INORM,0.4116161,1.121921e-08
541,./node_541_INORM,0.3389583,0.0000020
960,./node_960_INORM,0.2074331,0.0085243
665,./node_665_INORM,0.3638385,0.0000023
698,./node_698_INORM,0.2129641,0.0024387
366,./node_366_INORM,0.5812110,1.865434e-12
141,./node_141_INORM,0.4396327,3.0599111e-09
442,./node_442_INORM,0.4334647,5.4020265e-09
766,./node_766_INORM,0.4118452,0.0000012
298,./node_298_INORM,0.5793775,1.5391873e-13
265,./node_265_INORM,0.4354616,3.3798025e-09
863,./node_863_INORM,0.4638372,0.0000001
35,./node_35_INORM,0.5705213,1.769649e-14
709,./node_709_INORM,0.1933040,0.0057242
560,./node_560_INORM,0.3242211,0.0000126
644,./node_644_INORM,0.2853275,0.0000704
347,./node_347_INORM,0.7001660,6.2191925e-16
941,./node_941_INORM,0.4724893,4.2562557e-08
7,./node_7_INORM,0.5611336,4.0295647e-12
328,./node_328_INORM,0.6976233,7.530819e-17
728,./node_728_INORM,0.3581440,0.0000068
14,./node_14_INORM,0.6209049,3.9184971e-15
160,./node_160_INORM,0.6762972,2.4614404e-19
1008,./node_1008_INORM,0.2396439,0.0026307
463,./node_463_INORM,0.4991626,6.6116435e-10
842,./node_842_INORM,0.1551545,0.0277923
86,./node_86_INORM,0.6710334,1.0331202e-18
747,./node_747_INORM,0.4215230,0.0000001
244,./node_244_INORM,0.6954695,3.1879582e-19
312,./node_312_INORM,0.4177996,2.5639473e-08
611,./node_611_INORM,0.4061887,0.0000030
914,./node_914_INORM,0.4376614,0.0000001
535,./node_535_INORM,0.4376280,0.0000002
986,./node_986_INORM,0.2205015,0.0057485
683,./node_683_INORM,0.3807437,0.0000013
380,./node_380_INORM,0.3914907,0.0000002
459,./node_459_INORM,0.5432648,2.6254666e-10
780,./node_780_INORM,0.4031137,0.0000019
283,./node_283_INORM,0.6779343,2.2576703e-17
885,./node_885_INORM,0.2350884,0.0017675
878,./node_878_INORM,0.3565280,0.0000103
41,./node_41_INORM,0.4975802,6.9157255e-10
817,./node_817_INORM,0.4281451,0.0000005
211,./node_211_INORM,0.6654504,1.2051723e-18
712,./node_712_INORM,0.3598980,0.0000044
436,./node_436_INORM,0.6073445,3.9549258e-12
135,./node_135_INORM,0.5350598,9.9781295e-13
586,./node_586_INORM,0.2684689,0.0001322
935,./node_935_INORM,0.1762998,0.0216338
333,./node_333_INORM,0.4463192,1.1880132e-09
630,./node_630_INORM,0.3545382,0.0000042
514,./node_514_INORM,0.3878182,0.0000009
230,./node_230_INORM,0.3205581,0.0000070
733,./node_733_INORM,0.3832289,0.0000018
836,./node_836_INORM,0.4676992,0.0000001
417,./node_417_INORM,0.6018549,3.6671163e-11
114,./node_114_INORM,0.5314196,1.7338997e-11
478,./node_478_INORM,0.3651592,0.0000003
186,./node_186_INORM,0.6234485,7.806944e-17
1013,./node_1013_INORM,0.2485761,0.0016083
485,./node_485_INORM,0.5363434,2.6352827e-09
60,./node_60_INORM,0.5592433,9.3057295e-14
859,./node_859_INORM,0.3027088,0.0001387
118,./node_118_INORM,0.5801146,8.9140495e-15
474,./node_474_INORM,0.4129316,0.0000001
489,./node_489_INORM,0.5645379,6.5714365e-10
177,./node_177_INORM,0.3753413,0.0000003
91,./node_91_INORM,0.6870385,1.0174242e-18
855,./node_855_INORM,0.2139832,0.0053363
253,./node_253_INORM,0.6561933,2.3258996e-17
750,./node_750_INORM,0.3445626,0.0000107
577,./node_577_INORM,0.4470597,0.0000006
350,./node_350_INORM,0.7121382,7.8405345e-16
653,./node_653_INORM,0.3474664,0.0000054
956,./node_956_INORM,0.2016155,0.0101273
939,./node_939_INORM,0.2179488,0.0057228
518,./node_518_INORM,0.4124309,0.0000002
455,./node_455_INORM,0.3703017,0.0000011
156,./node_156_INORM,0.7100616,4.8569548e-20
272,./node_272_INORM,0.7372467,3.7323957e-20
771,./node_771_INORM,0.3206221,0.0000626
889,./node_889_INORM,0.3083324,0.0000879
874,./node_874_INORM,0.4779582,2.7533078e-08
22,./node_22_INORM,0.5702210,1.4511919e-12
139,./node_139_INORM,0.7188517,8.1305525e-21
918,./node_918_INORM,0.4027877,0.0000023
539,./node_539_INORM,0.3693894,0.0000031
556,./node_556_INORM,0.3670184,0.0000020
977,./node_977_INORM,0.2614824,0.0012062
371,./node_371_INORM,0.6791537,9.861169e-15
672,./node_672_INORM,0.3635499,0.0000023
649,./node_649_INORM,0.2811194,0.0000951
590,./node_590_INORM,0.4433513,0.0000004
502,./node_502_INORM,0.3492181,0.0000071
325,./node_325_INORM,0.5877578,1.1324986e-13
626,./node_626_INORM,0.3769119,0.0000034
923,./node_923_INORM,0.2423186,0.0016192
401,./node_401_INORM,0.5157118,6.5544935e-11
102,./node_102_INORM,0.5080831,5.797323e-12
820,./node_820_INORM,0.2088675,0.0059856
19,./node_19_INORM,0.5383499,3.455165e-11
226,./node_226_INORM,0.4949128,1.2154807e-10
725,./node_725_INORM,0.3540295,0.0000087
249,./node_249_INORM,0.6088567,5.3911885e-15
76,./node_76_INORM,0.5413227,5.1808095e-13
190,./node_190_INORM,0.6850836,1.4089534e-19
493,./node_493_INORM,0.5313438,1.3773232e-10
1005,./node_1005_INORM,0.3652871,0.0000173
523,./node_523_INORM,0.3842037,0.0000009
902,./node_902_INORM,0.2060334,0.0072172
304,./node_304_INORM,0.7227133,3.0030833e-19
607,./node_607_INORM,0.3454778,0.0000077
695,./node_695_INORM,0.2160860,0.0021931
396,./node_396_INORM,0.4365818,9.3117355e-09
668,./node_668_INORM,0.3539591,0.0000263
990,./node_990_INORM,0.4091269,0.0000017
893,./node_893_INORM,0.2113789,0.0060460
57,./node_57_INORM,0.4941030,8.460355e-10
268,./node_268_INORM,0.6428139,5.6512745e-16
796,./node_796_INORM,0.4417206,0.0000002
295,./node_295_INORM,0.4316642,1.2778587e-08
1024,./node_1024_INORM,0.2680708,0.0009228
420,./node_420_INORM,0.5227129,7.451583e-11
123,./node_123_INORM,0.6588047,1.1319657e-16
207,./node_207_INORM,0.7393390,1.5229043e-21
704,./node_704_INORM,0.3605425,0.0000028
38,./node_38_INORM,0.5065470,4.0139699e-10
801,./node_801_INORM,0.2500517,0.0014126
862,./node_862_INORM,0.4602736,0.0000001
264,./node_264_INORM,0.4677613,4.0396571e-10
299,./node_299_INORM,0.6714025,1.5559052e-16
767,./node_767_INORM,0.3566314,0.0000114
443,./node_443_INORM,0.5650718,6.2549015e-12
140,./node_140_INORM,0.6995395,1.0698906e-18
708,./node_708_INORM,0.3425637,0.0000138
34,./node_34_INORM,0.6099801,4.6913073e-16
308,./node_308_INORM,0.4357191,2.2737286e-09
367,./node_367_INORM,0.6244121,1.2017248e-12
699,./node_699_INORM,0.3857173,0.0000009
664,./node_664_INORM,0.3442661,0.0000086
961,./node_961_INORM,0.2232825,0.0048538
540,./node_540_INORM,0.3316786,0.0000037
15,./node_15_INORM,0.6444519,3.1382634e-17
729,./node_729_INORM,0.1803294,0.0095554
245,./node_245_INORM,0.3329005,0.0000031
746,./node_746_INORM,0.1985408,0.0067500
87,./node_87_INORM,0.6203487,1.4587584e-16
843,./node_843_INORM,0.3485557,0.0000133
462,./node_462_INORM,0.5585681,1.2392288e-10
1009,./node_1009_INORM,0.3007403,0.0002247
161,./node_161_INORM,0.6159640,7.7050935e-15
940,./node_940_INORM,0.2097859,0.0056209
346,./node_346_INORM,0.4531873,1.0939277e-09
645,./node_645_INORM,0.3444974,0.0000122
561,./node_561_INORM,0.4463643,0.0000006
329,./node_329_INORM,0.4510081,2.3010818e-09
6,./node_6_INORM,0.6492859,5.45152e-17
1010,./node_1010_INORM,0.2653469,0.0009236
486,./node_486_INORM,0.3413542,0.0000033
178,./node_178_INORM,0.6141482,6.039133e-15
185,./node_185_INORM,0.7149097,3.7699271e-19
63,./node_63_INORM,0.4796190,2.3302679e-09
730,./node_730_INORM,0.3378598,0.0000291
233,./node_233_INORM,0.4756997,6.4917215e-10
835,./node_835_INORM,0.1706268,0.0193576
117,./node_117_INORM,0.4999262,3.1055102e-10
414,./node_414_INORM,0.6116436,1.5932218e-11
936,./node_936_INORM,0.4699424,3.9329964e-08
633,./node_633_INORM,0.2608309,0.0002418
330,./node_330_INORM,0.4388279,9.246667e-09
517,./node_517_INORM,0.4971221,4.9875804e-09
585,./node_585_INORM,0.4514969,0.0000001
578,./node_578_INORM,0.3105791,0.0000203
959,./node_959_INORM,0.3319055,0.0000691
814,./node_814_INORM,0.4159356,0.0000002
711,./node_711_INORM,0.3394025,0.0000217
212,./node_212_INORM,0.7342001,8.431467e-21
136,./node_136_INORM,0.4828253,1.5463499e-10
435,./node_435_INORM,0.3769253,0.0000006
159,./node_159_INORM,0.4543119,5.3372755e-10
280,./node_280_INORM,0.7013533,1.9044815e-18
783,./node_783_INORM,0.1700923,0.0155048
42,./node_42_INORM,0.6942165,1.2792149e-19
886,./node_886_INORM,0.2544503,0.0008606
559,./node_559_INORM,0.4058059,0.0000006
978,./node_978_INORM,0.3019706,0.0002424
985,./node_985_INORM,0.3437572,0.0000416
383,./node_383_INORM,0.4336856,3.5134961e-09
680,./node_680_INORM,0.2172972,0.0019708
612,./node_612_INORM,0.3571721,0.0000154
311,./node_311_INORM,0.4152589,3.1774741e-08
917,./node_917_INORM,0.3497879,0.0000115
536,./node_536_INORM,0.3691533,0.0000026
555,./node_555_INORM,0.3781172,0.0000018
974,./node_974_INORM,0.2913106,0.0002476
989,./node_989_INORM,0.4471862,0.0000002
671,./node_671_INORM,0.3632900,0.0000020
372,./node_372_INORM,0.6520618,4.793753e-13
21,./node_21_INORM,0.6148418,2.6259967e-16
818,./node_818_INORM,0.4578929,0.0000001
439,./node_439_INORM,0.3968337,3.9329477e-08
155,./node_155_INORM,0.5489536,3.2225597e-13
456,./node_456_INORM,0.3640600,0.0000004
772,./node_772_INORM,0.3585291,0.0000093
271,./node_271_INORM,0.7116104,1.1885473e-19
877,./node_877_INORM,0.1885070,0.0134338
589,./node_589_INORM,0.3831941,0.0000025
574,./node_574_INORM,0.4302659,0.0000002
650,./node_650_INORM,0.4055223,0.0000018
353,./node_353_INORM,0.6991102,5.471926e-16
955,./node_955_INORM,0.4554583,0.0000001
174,./node_174_INORM,0.3887420,0.0000001
477,./node_477_INORM,0.4343145,2.8995682e-08
189,./node_189_INORM,0.4924837,1.9408039e-10
856,./node_856_INORM,0.3596539,0.0000054
92,./node_92_INORM,0.6933992,5.507029e-20
753,./node_753_INORM,0.3936577,0.0000016
250,./node_250_INORM,0.4225131,5.489111e-09
839,./node_839_INORM,0.1632278,0.0223938
418,./node_418_INORM,0.5690792,2.5532554e-12
120,./node_120_INORM,0.6452312,2.8351293e-16
423,./node_423_INORM,0.5242210,9.0114045e-11
707,./node_707_INORM,0.3509321,0.0000113
204,./node_204_INORM,0.3389020,0.0000029
802,./node_802_INORM,0.4167830,0.0000006
54,./node_54_INORM,0.5748324,1.6044468e-14
890,./node_890_INORM,0.2091718,0.0063057
296,./node_296_INORM,0.4858653,2.2869992e-10
768,./node_768_INORM,0.2354812,0.0022496
795,./node_795_INORM,0.4451177,0.0000002
395,./node_395_INORM,0.6372422,3.5542945e-13
368,./node_368_INORM,0.4410506,1.4060254e-09
696,./node_696_INORM,0.2538353,0.0005233
993,./node_993_INORM,0.2347039,0.0033716
520,./node_520_INORM,0.3972801,0.0000001
901,./node_901_INORM,0.3442538,0.0000124
604,./node_604_INORM,0.3608742,0.0000092
307,./node_307_INORM,0.6706685,5.440783e-17
749,./node_749_INORM,0.3759993,0.0000044
75,./node_75_INORM,0.5902925,4.271005e-15
88,./node_88_INORM,0.5573295,6.6168035e-14
490,./node_490_INORM,0.4321220,0.0000001
1006,./node_1006_INORM,0.2323285,0.0036397
193,./node_193_INORM,0.6564659,2.3767987e-18
101,./node_101_INORM,0.6039472,2.907009e-14
402,./node_402_INORM,0.4939671,3.6549789e-10
823,./node_823_INORM,0.3242229,0.0000352
726,./node_726_INORM,0.3412389,0.0000142
225,./node_225_INORM,0.3276520,0.0000044
501,./node_501_INORM,0.3510703,0.0000058
625,./node_625_INORM,0.2828398,0.0001180
326,./node_326_INORM,0.4322508,2.3798314e-09
920,./node_920_INORM,0.2252934,0.0028845
9,./node_9_INORM,0.5421333,3.1146893e-11
349,./node_349_INORM,0.6925765,7.200918e-15
593,./node_593_INORM,0.4298831,0.0000003
629,./node_629_INORM,0.3495808,0.0000078
5,./node_5_INORM,0.6232820,2.7272414e-15
943,./node_943_INORM,0.2028259,0.0081298
646,./node_646_INORM,0.3557862,0.0000029
345,./node_345_INORM,0.7053491,8.3311825e-18
562,./node_562_INORM,0.3903925,0.0000012
745,./node_745_INORM,0.4024437,0.0000004
246,./node_246_INORM,0.3266899,0.0000042
79,./node_79_INORM,0.6136559,3.217778e-16
840,./node_840_INORM,0.1546261,0.0281483
84,./node_84_INORM,0.4927194,7.0783135e-10
162,./node_162_INORM,0.4805799,1.7464275e-10
461,./node_461_INORM,0.4792834,1.3105602e-08
16,./node_16_INORM,0.6663973,4.4495855e-18
229,./node_229_INORM,0.4977660,1.4271282e-11
399,./node_399_INORM,0.4180438,2.3741566e-08
667,./node_667_INORM,0.3500922,0.0000117
364,./node_364_INORM,0.6621324,1.1852545e-13
962,./node_962_INORM,0.4664555,0.0000001
543,./node_543_INORM,0.3676357,0.0000041
608,./node_608_INORM,0.3209322,0.0000159
208,./node_208_INORM,0.6019470,8.844998e-16
37,./node_37_INORM,0.5791658,7.3372095e-15
861,./node_861_INORM,0.4836086,1.8638702e-08
58,./node_58_INORM,0.6205193,2.0835e-15
764,./node_764_INORM,0.2968332,0.0001470
267,./node_267_INORM,0.7651930,2.1795447e-22
799,./node_799_INORM,0.3576730,0.0000073
143,./node_143_INORM,0.4505571,1.600292e-09
440,./node_440_INORM,0.4061274,2.33515e-08
516,./node_516_INORM,0.3048595,0.0000151
331,./node_331_INORM,0.4230839,2.1651144e-08
632,./node_632_INORM,0.3530267,0.0000063
937,./node_937_INORM,0.2383791,0.0025695
958,./node_958_INORM,0.3042346,0.0001226
579,./node_579_INORM,0.3480741,0.0000085
584,./node_584_INORM,0.3493497,0.0000062
62,./node_62_INORM,0.5395421,4.1269492e-13
184,./node_184_INORM,0.7206736,2.2075153e-20
179,./node_179_INORM,0.3965544,0.0000001
487,./node_487_INORM,0.4944104,2.3016517e-09
1011,./node_1011_INORM,0.2997872,0.0002628
415,./node_415_INORM,0.6576004,4.5524085e-14
116,./node_116_INORM,0.5768904,3.3870231e-13
834,./node_834_INORM,0.4402140,0.0000003
232,./node_232_INORM,0.5607161,6.087348e-14
731,./node_731_INORM,0.3530105,0.0000080
681,./node_681_INORM,0.3534800,0.0000085
382,./node_382_INORM,0.4105664,0.0000001
984,./node_984_INORM,0.2662047,0.0007554
979,./node_979_INORM,0.4409874,0.0000002
558,./node_558_INORM,0.3473671,0.0000081
537,./node_537_INORM,0.4684922,0.0000001
916,./node_916_INORM,0.3228098,0.0000466
310,./node_310_INORM,0.4764043,1.1465605e-09
613,./node_613_INORM,0.2859608,0.0000625
434,./node_434_INORM,0.3507557,0.0000028
137,./node_137_INORM,0.7095510,8.1705315e-21
213,./node_213_INORM,0.5528450,1.5025612e-13
710,./node_710_INORM,0.2035482,0.0038940
815,./node_815_INORM,0.4228711,0.0000002
887,./node_887_INORM,0.1535399,0.0347893
43,./node_43_INORM,0.6376043,5.917742e-17
782,./node_782_INORM,0.4403737,0.0000004
281,./node_281_INORM,0.6237170,1.4666946e-15
158,./node_158_INORM,0.6915235,6.420607e-18
438,./node_438_INORM,0.3935773,0.0000001
819,./node_819_INORM,0.4581380,0.0000001
20,./node_20_INORM,0.5114436,2.9849837e-10
876,./node_876_INORM,0.1679924,0.0168881
270,./node_270_INORM,0.7442593,5.886184e-21
773,./node_773_INORM,0.4047944,0.0000018
457,./node_457_INORM,0.3507121,0.0000008
154,./node_154_INORM,0.5599469,1.183856e-12
373,./node_373_INORM,0.6510707,1.648004e-14
670,./node_670_INORM,0.3620529,0.0000073
988,./node_988_INORM,0.2217267,0.0056492
975,./node_975_INORM,0.2237258,0.0044123
554,./node_554_INORM,0.3644089,0.0000040
251,./node_251_INORM,0.7337095,3.7717825e-19
752,./node_752_INORM,0.1744809,0.0124263
93,./node_93_INORM,0.6073521,6.0496055e-16
857,./node_857_INORM,0.1626195,0.0223457
188,./node_188_INORM,0.4708008,3.2623226e-10
476,./node_476_INORM,0.5251392,4.7488705e-10
175,./node_175_INORM,0.4062541,3.204105e-08
419,./node_419_INORM,0.5571427,2.8491013e-10
838,./node_838_INORM,0.4510678,0.0000002
954,./node_954_INORM,0.2887914,0.0002497
352,./node_352_INORM,0.4930337,2.5968397e-10
651,./node_651_INORM,0.2188127,0.0016182
575,./node_575_INORM,0.2913923,0.0000388
588,./node_588_INORM,0.3971237,0.0000029
992,./node_992_INORM,0.4173545,0.0000013
697,./node_697_INORM,0.3477466,0.0000090
369,./node_369_INORM,0.7105519,1.3259712e-17
394,./node_394_INORM,0.6558334,3.128886e-13
306,./node_306_INORM,0.7438402,1.3498742e-19
605,./node_605_INORM,0.3498707,0.0000126
900,./node_900_INORM,0.4593055,0.0000001
521,./node_521_INORM,0.4612101,2.3211558e-08
803,./node_803_INORM,0.4238255,0.0000006
205,./node_205_INORM,0.5731955,1.7800016e-13
706,./node_706_INORM,0.3623238,0.0000037
422,./node_422_INORM,0.4247004,3.1440445e-08
121,./node_121_INORM,0.5328265,9.3352905e-13
794,./node_794_INORM,0.4026241,0.0000019
769,./node_769_INORM,0.3878971,0.0000034
297,./node_297_INORM,0.4493219,1.600966e-09
891,./node_891_INORM,0.3513318,0.0000133
55,./node_55_INORM,0.5598574,2.6383786e-12
8,./node_8_INORM,0.6495241,2.3484043e-17
921,./node_921_INORM,0.2755548,0.0003923
327,./node_327_INORM,0.7298677,4.0865333e-18
624,./node_624_INORM,0.3896598,0.0000020
500,./node_500_INORM,0.3399557,0.0000103
592,./node_592_INORM,0.3562091,0.0000035
348,./node_348_INORM,0.4610339,1.7913831e-09
192,./node_192_INORM,0.4880837,2.6801841e-10
1007,./node_1007_INORM,0.3422142,0.0000445
491,./node_491_INORM,0.3203863,0.0000066
89,./node_89_INORM,0.5107812,4.8170669e-12
74,./node_74_INORM,0.6110520,1.8718855e-14
748,./node_748_INORM,0.3789447,0.0000044
224,./node_224_INORM,0.3959652,4.6315432e-08
727,./node_727_INORM,0.2794126,0.0004917
822,./node_822_INORM,0.1994765,0.0079393
403,./node_403_INORM,0.3579542,0.0000015
100,./node_100_INORM,0.6800576,1.8887027e-19
460,./node_460_INORM,0.4306872,0.0000001
163,./node_163_INORM,0.5874686,2.8177195e-15
85,./node_85_INORM,0.5307365,6.316452e-13
841,./node_841_INORM,0.3806746,0.0000017
78,./node_78_INORM,0.6385536,3.429046e-17
247,./node_247_INORM,0.3768388,0.0000002
744,./node_744_INORM,0.3706784,0.0000055
228,./node_228_INORM,0.6421965,3.4140863e-17
17,./node_17_INORM,0.5225771,1.3688885e-10
4,./node_4_INORM,0.6074114,1.5536888e-14
628,./node_628_INORM,0.3989548,0.0000045
563,./node_563_INORM,0.3199911,0.0000106
344,./node_344_INORM,0.6335017,3.3742731e-14
647,./node_647_INORM,0.2747385,0.0001858
942,./node_942_INORM,0.2380513,0.0020632
36,./node_36_INORM,0.5714710,2.1271673e-14
209,./node_209_INORM,0.4991304,2.3948719e-11
441,./node_441_INORM,0.4276581,4.6887685e-09
142,./node_142_INORM,0.6015026,9.405578e-16
798,./node_798_INORM,0.4368891,0.0000001
266,./node_266_INORM,0.5949946,6.7099015e-15
765,./node_765_INORM,0.4118209,0.0000006
59,./node_59_INORM,0.5618457,2.3703422e-12
860,./node_860_INORM,0.1984367,0.0086696
542,./node_542_INORM,0.4692132,2.9283317e-08
963,./node_963_INORM,0.1893982,0.0150717
365,./node_365_INORM,0.4750176,4.63371e-10
666,./node_666_INORM,0.3570811,0.0000055
398,./node_398_INORM,0.4215566,1.0886099e-08
609,./node_609_INORM,0.2538526,0.0002805
471,./node_471_INORM,0.3672544,0.0000009
172,./node_172_INORM,0.5162356,2.0818652e-12
256,./node_256_INORM,0.7201682,4.853994e-18
755,./node_755_INORM,0.4043112,0.0000006
94,./node_94_INORM,0.5138603,5.3315675e-12
850,./node_850_INORM,0.4649586,0.0000001
69,./node_69_INORM,0.6314345,9.801268e-16
239,./node_239_INORM,0.4371006,2.7404127e-09
639,./node_639_INORM,0.3895868,0.0000026
572,./node_572_INORM,0.3470483,0.0000053
953,./node_953_INORM,0.2620787,0.0011045
355,./node_355_INORM,0.4490529,6.488103e-09
656,./node_656_INORM,0.3543802,0.0000044
218,./node_218_INORM,0.7135551,9.232397e-21
27,./node_27_INORM,0.6615031,2.635221e-18
450,./node_450_INORM,0.4029754,0.0000002
153,./node_153_INORM,0.5130642,6.0557495e-11
48,./node_48_INORM,0.5806199,3.2529257e-13
871,./node_871_INORM,0.4000250,0.0000022
789,./node_789_INORM,0.3510193,0.0000080
277,./node_277_INORM,0.3929479,4.7022378e-08
774,./node_774_INORM,0.3808995,0.0000051
553,./node_553_INORM,0.3393414,0.0000129
374,./node_374_INORM,0.6724638,8.3135435e-15
677,./node_677_INORM,0.3064385,0.0001310
389,./node_389_INORM,0.6095116,5.1173655e-13
972,./node_972_INORM,0.2069225,0.0087343
618,./node_618_INORM,0.3943818,0.0000018
686,./node_686_INORM,0.2389337,0.0009626
378,./node_378_INORM,0.5730933,7.891477e-13
385,./node_385_INORM,0.6494848,5.2945085e-15
983,./node_983_INORM,0.2458729,0.0020026
911,./node_911_INORM,0.2163263,0.0051618
317,./node_317_INORM,0.7344223,2.8031725e-18
614,./node_614_INORM,0.3410777,0.0000098
530,./node_530_INORM,0.3860383,0.0000012
214,./node_214_INORM,0.4898470,2.4570983e-10
717,./node_717_INORM,0.3731581,0.0000028
812,./node_812_INORM,0.4596901,0.0000001
433,./node_433_INORM,0.3461599,0.0000039
130,./node_130_INORM,0.5678295,2.6071783e-14
880,./node_880_INORM,0.4250969,0.0000002
44,./node_44_INORM,0.5510428,7.006957e-12
785,./node_785_INORM,0.3744117,0.0000025
778,./node_778_INORM,0.4292756,0.0000002
286,./node_286_INORM,0.5252890,4.2229555e-11
336,./node_336_INORM,0.6756448,5.376498e-17
635,./node_635_INORM,0.3647597,0.0000022
930,./node_930_INORM,0.4332030,0.0000004
511,./node_511_INORM,0.4611201,0.0000001
583,./node_583_INORM,0.2997129,0.0000268
359,./node_359_INORM,0.7208083,3.9718834e-17
183,./node_183_INORM,0.6636786,8.6808245e-19
1016,./node_1016_INORM,0.3197082,0.0001092
480,./node_480_INORM,0.3798958,0.0000008
759,./node_759_INORM,0.3801553,0.0000022
98,./node_98_INORM,0.6687161,2.2879514e-17
65,./node_65_INORM,0.5356491,6.755338e-13
833,./node_833_INORM,0.4518284,0.0000001
235,./node_235_INORM,0.5901885,5.0732245e-15
736,./node_736_INORM,0.3591446,0.0000043
412,./node_412_INORM,0.6080121,2.728081e-12
111,./node_111_INORM,0.5733204,2.4500858e-14
429,./node_429_INORM,0.5752799,1.4175621e-10
808,./node_808_INORM,0.4165872,0.0000001
31,./node_31_INORM,0.4919261,1.4481991e-09
261,./node_261_INORM,0.4897353,2.032346e-10
762,./node_762_INORM,0.4005610,0.0000015
867,./node_867_INORM,0.3385981,0.0000221
446,./node_446_INORM,0.5560740,3.3298816e-11
145,./node_145_INORM,0.5131888,9.7763575e-12
999,./node_999_INORM,0.2834416,0.0003970
964,./node_964_INORM,0.4037039,0.0000020
362,./node_362_INORM,0.6507204,1.5310172e-14
661,./node_661_INORM,0.2984536,0.0001423
545,./node_545_INORM,0.4082767,0.0000006
82,./node_82_INORM,0.5232676,6.5848225e-11
846,./node_846_INORM,0.2316525,0.0028632
240,./node_240_INORM,0.4364327,2.1689526e-09
743,./node_743_INORM,0.3509648,0.0000104
199,./node_199_INORM,0.6874206,1.6064588e-18
467,./node_467_INORM,0.4578857,6.735659e-09
164,./node_164_INORM,0.6183711,1.3396459e-16
408,./node_408_INORM,0.4541376,3.4075677e-09
10,./node_10_INORM,0.5784134,7.423077e-13
829,./node_829_INORM,0.3346624,0.0000199
3,./node_3_INORM,0.5904470,1.8953284e-13
343,./node_343_INORM,0.4552682,6.1298745e-10
640,./node_640_INORM,0.3094930,0.0000417
945,./node_945_INORM,0.4857619,1.7864563e-08
564,./node_564_INORM,0.4403909,0.0000005
599,./node_599_INORM,0.3678659,0.0000053
507,./node_507_INORM,0.4179374,0.0000001
926,./node_926_INORM,0.1808353,0.0163310
320,./node_320_INORM,0.4942794,1.4919882e-10
623,./node_623_INORM,0.3780802,0.0000039
949,./node_949_INORM,0.4702272,4.6849486e-08
568,./node_568_INORM,0.3059473,0.0000168
595,./node_595_INORM,0.4568180,0.0000001
73,./node_73_INORM,0.5002004,3.824935e-10
195,./node_195_INORM,0.7171844,6.8070805e-19
168,./node_168_INORM,0.4075865,4.3479956e-08
496,./node_496_INORM,0.2945754,0.0000281
1000,./node_1000_INORM,0.2888830,0.0004272
404,./node_404_INORM,0.3738104,0.0000005
107,./node_107_INORM,0.6951955,6.00169e-19
223,./node_223_INORM,0.3495461,0.0000013
720,./node_720_INORM,0.1905473,0.0070562
825,./node_825_INORM,0.4422576,0.0000001
995,./node_995_INORM,0.2542670,0.0015636
968,./node_968_INORM,0.2042747,0.0095102
690,./node_690_INORM,0.3620286,0.0000050
393,./node_393_INORM,0.6751927,2.5738896e-15
549,./node_549_INORM,0.3400361,0.0000105
526,./node_526_INORM,0.3405677,0.0000095
301,./node_301_INORM,0.7146642,3.8543965e-18
602,./node_602_INORM,0.3421555,0.0000094
907,./node_907_INORM,0.1589798,0.0312117
425,./node_425_INORM,0.5761657,1.3623541e-11
126,./node_126_INORM,0.4817576,1.7483013e-10
804,./node_804_INORM,0.3923328,0.0000031
202,./node_202_INORM,0.4774823,5.2878685e-10
701,./node_701_INORM,0.3645912,0.0000065
793,./node_793_INORM,0.3263254,0.0000458
290,./node_290_INORM,0.6051695,2.7450363e-15
896,./node_896_INORM,0.3873128,0.0000025
52,./node_52_INORM,0.6488277,5.4954085e-18
149,./node_149_INORM,0.5003919,1.4597415e-10
1021,./node_1021_INORM,0.2503624,0.0016222
638,./node_638_INORM,0.4027839,0.0000031
657,./node_657_INORM,0.3529015,0.0000046
354,./node_354_INORM,0.4918526,4.2198254e-11
952,./node_952_INORM,0.4672615,0.0000001
573,./node_573_INORM,0.3501002,0.0000103
68,./node_68_INORM,0.5831400,1.1321954e-13
851,./node_851_INORM,0.2701682,0.0006437
95,./node_95_INORM,0.4880867,8.202309e-10
754,./node_754_INORM,0.3410584,0.0000198
257,./node_257_INORM,0.4631152,2.4478925e-09
173,./node_173_INORM,0.7250227,2.3002592e-21
470,./node_470_INORM,0.4329262,3.7186513e-08
238,./node_238_INORM,0.7266101,2.2363182e-19
973,./node_973_INORM,0.2245351,0.0039128
388,./node_388_INORM,0.5857907,4.1873027e-13
676,./node_676_INORM,0.3846785,0.0000008
375,./node_375_INORM,0.6702767,1.2458988e-14
552,./node_552_INORM,0.4930813,4.1013569e-08
619,./node_619_INORM,0.3153044,0.0000298
26,./node_26_INORM,0.6405010,4.2611283e-17
219,./node_219_INORM,0.6299415,3.179764e-15
775,./node_775_INORM,0.3470058,0.0000152
276,./node_276_INORM,0.3760803,0.0000002
788,./node_788_INORM,0.4334840,0.0000002
870,./node_870_INORM,0.4623541,0.0000001
49,./node_49_INORM,0.6777880,3.1166712e-19
152,./node_152_INORM,0.4498419,2.2603451e-09
451,./node_451_INORM,0.3430716,0.0000050
131,./node_131_INORM,0.4990458,3.2688932e-10
432,./node_432_INORM,0.4150959,0.0000001
813,./node_813_INORM,0.4468605,0.0000002
716,./node_716_INORM,0.2257730,0.0018832
215,./node_215_INORM,0.7482120,3.7476271e-22
287,./node_287_INORM,0.3890894,0.0000001
779,./node_779_INORM,0.3807424,0.0000037
784,./node_784_INORM,0.1694380,0.0153930
45,./node_45_INORM,0.6325867,2.0543807e-16
881,./node_881_INORM,0.4597686,0.0000001
982,./node_982_INORM,0.2244381,0.0047366
384,./node_384_INORM,0.4379282,2.6360277e-09
379,./node_379_INORM,0.3982415,0.0000001
687,./node_687_INORM,0.3461490,0.0000120
531,./node_531_INORM,0.4125959,0.0000003
615,./node_615_INORM,0.3248379,0.0000250
316,./node_316_INORM,0.4349268,7.4221945e-09
910,./node_910_INORM,0.1592074,0.0281619
64,./node_64_INORM,0.6004824,9.8512645e-16
99,./node_99_INORM,0.6934929,3.867062e-20
758,./node_758_INORM,0.2210586,0.0033126
481,./node_481_INORM,0.3792964,0.0000005
1017,./node_1017_INORM,0.2516100,0.0015800
182,./node_182_INORM,0.7123478,1.1963786e-19
110,./node_110_INORM,0.7023518,2.2615577e-19
413,./node_413_INORM,0.6098766,1.0180003e-11
737,./node_737_INORM,0.3948755,0.0000006
234,./node_234_INORM,0.7205851,2.7837656e-19
832,./node_832_INORM,0.4169182,0.0000003
510,./node_510_INORM,0.4114711,0.0000006
931,./node_931_INORM,0.2891771,0.0003547
634,./node_634_INORM,0.3412060,0.0000161
337,./node_337_INORM,0.4391043,4.8331851e-09
358,./node_358_INORM,0.4235711,1.4380482e-08
582,./node_582_INORM,0.2796608,0.0000706
544,./node_544_INORM,0.3535579,0.0000058
660,./node_660_INORM,0.2284478,0.0010707
363,./node_363_INORM,0.5473130,4.5785714e-12
965,./node_965_INORM,0.2716470,0.0005336
998,./node_998_INORM,0.3808350,0.0000070
30,./node_30_INORM,0.5251766,8.979006e-11
809,./node_809_INORM,0.3806667,0.0000015
428,./node_428_INORM,0.6077962,5.5221125e-13
144,./node_144_INORM,0.7044935,1.5169341e-20
447,./node_447_INORM,0.5253943,2.5583697e-09
866,./node_866_INORM,0.2236359,0.0025917
763,./node_763_INORM,0.2836087,0.0003644
260,./node_260_INORM,0.3532112,0.0000008
2,./node_2_INORM,0.6516247,3.6630487e-17
598,./node_598_INORM,0.3404379,0.0000169
565,./node_565_INORM,0.3896924,0.0000026
944,./node_944_INORM,0.2079839,0.0076745
641,./node_641_INORM,0.3638445,0.0000019
342,./node_342_INORM,0.6494527,4.1724894e-14
165,./node_165_INORM,0.4157471,1.8798652e-08
466,./node_466_INORM,0.3570405,0.0000009
198,./node_198_INORM,0.6295214,3.1524808e-17
742,./node_742_INORM,0.2000507,0.0058192
241,./node_241_INORM,0.7097536,1.0860519e-18
847,./node_847_INORM,0.4529999,0.0000002
83,./node_83_INORM,0.6804655,1.4633477e-18
828,./node_828_INORM,0.4532790,0.0000001
11,./node_11_INORM,0.6396036,1.7551253e-16
409,./node_409_INORM,0.4555440,4.1580655e-09
1001,./node_1001_INORM,0.3891791,0.0000051
497,./node_497_INORM,0.3205521,0.0000062
169,./node_169_INORM,0.7068402,2.0288173e-20
194,./node_194_INORM,0.3620494,0.0000007
72,./node_72_INORM,0.6901337,6.011671e-19
824,./node_824_INORM,0.3995582,0.0000020
721,./node_721_INORM,0.2967211,0.0002493
222,./node_222_INORM,0.5593350,1.8075897e-12
106,./node_106_INORM,0.6253775,9.209193e-17
405,./node_405_INORM,0.3660414,0.0000011
622,./node_622_INORM,0.2408922,0.0005571
321,./node_321_INORM,0.7147089,3.8347761e-17
927,./node_927_INORM,0.4634569,0.0000001
506,./node_506_INORM,0.4415768,4.2590875e-08
594,./node_594_INORM,0.2535894,0.0003522
569,./node_569_INORM,0.3692154,0.0000038
948,./node_948_INORM,0.2257635,0.0042288
700,./node_700_INORM,0.2415278,0.0011329
203,./node_203_INORM,0.5133466,3.0182294e-11
805,./node_805_INORM,0.4459436,0.0000002
127,./node_127_INORM,0.6768207,3.446314e-18
424,./node_424_INORM,0.5358589,1.8468195e-10
1020,./node_1020_INORM,0.2733512,0.0007318
148,./node_148_INORM,0.6406625,9.6974765e-18
53,./node_53_INORM,0.5407060,4.3502623e-13
897,./node_897_INORM,0.2543661,0.0011232
291,./node_291_INORM,0.4598335,9.5878325e-10
792,./node_792_INORM,0.4294675,0.0000005
548,./node_548_INORM,0.4277914,0.0000002
392,./node_392_INORM,0.4571962,9.1285605e-10
691,./node_691_INORM,0.3550761,0.0000044
969,./node_969_INORM,0.2298383,0.0038857
994,./node_994_INORM,0.2446010,0.0018565
906,./node_906_INORM,0.1831915,0.0133052
603,./node_603_INORM,0.4003284,0.0000011
300,./node_300_INORM,0.6000218,1.7362793e-13
527,./node_527_INORM,0.5156303,2.6588578e-09
275,./node_275_INORM,0.3455401,0.0000013
288,./node_288_INORM,0.4534952,2.3442467e-09
776,./node_776_INORM,0.4106363,0.0000014
873,./node_873_INORM,0.3923966,0.0000010
452,./node_452_INORM,0.3475755,0.0000057
151,./node_151_INORM,0.5005671,2.0027437e-10
25,./node_25_INORM,0.6049794,1.785975e-14
719,./node_719_INORM,0.3674071,0.0000040
319,./node_319_INORM,0.5495606,5.8448455e-12
970,./node_970_INORM,0.4366222,0.0000003
376,./node_376_INORM,0.6216532,3.2679216e-12
688,./node_688_INORM,0.3601772,0.0000051
675,./node_675_INORM,0.3551012,0.0000056
551,./node_551_INORM,0.3371233,0.0000138
738,./node_738_INORM,0.3878066,0.0000010
96,./node_96_INORM,0.4922115,6.2728585e-10
852,./node_852_INORM,0.1599796,0.0207106
254,./node_254_INORM,0.7017295,8.7779665e-19
757,./node_757_INORM,0.3653392,0.0000038
473,./node_473_INORM,0.3492030,0.0000010
1018,./node_1018_INORM,0.2933352,0.0003222
170,./node_170_INORM,0.4365413,6.275228e-09
357,./node_357_INORM,0.4127708,2.9665516e-08
654,./node_654_INORM,0.3049342,0.0000807
951,./node_951_INORM,0.1760181,0.0206978
570,./node_570_INORM,0.3615506,0.0000062
338,./node_338_INORM,0.7067547,5.860858e-16
658,./node_658_INORM,0.3569975,0.0000088
581,./node_581_INORM,0.3570554,0.0000058
513,./node_513_INORM,0.5378046,5.6570345e-10
932,./node_932_INORM,0.2545436,0.0009439
334,./node_334_INORM,0.5599742,4.6365356e-13
637,./node_637_INORM,0.2416812,0.0006000
410,./node_410_INORM,0.4783623,1.5360901e-09
113,./node_113_INORM,0.4839402,9.9808565e-11
237,./node_237_INORM,0.3701339,0.0000003
734,./node_734_INORM,0.2977276,0.0001406
831,./node_831_INORM,0.4299787,0.0000005
67,./node_67_INORM,0.6530433,1.8586678e-17
258,./node_258_INORM,0.4518045,4.1191132e-09
181,./node_181_INORM,0.7115137,5.089277e-20
482,./node_482_INORM,0.5579411,5.889976e-10
1014,./node_1014_INORM,0.2422824,0.0022265
532,./node_532_INORM,0.3517749,0.0000067
315,./node_315_INORM,0.6896548,1.5588203e-16
616,./node_616_INORM,0.3999669,0.0000046
913,./node_913_INORM,0.2011925,0.0067354
981,./node_981_INORM,0.2537532,0.0012235
684,./node_684_INORM,0.3369445,0.0000239
387,./node_387_INORM,0.6195835,4.9331995e-12
679,./node_679_INORM,0.2215389,0.0016171
279,./node_279_INORM,0.7232362,2.5881652e-18
787,./node_787_INORM,0.3764553,0.0000065
284,./node_284_INORM,0.6572654,2.0057868e-15
882,./node_882_INORM,0.4057317,0.0000007
46,./node_46_INORM,0.4851303,1.7130443e-09
431,./node_431_INORM,0.4345899,2.7668544e-09
132,./node_132_INORM,0.5224255,5.2892305e-11
29,./node_29_INORM,0.5357673,4.4472859e-11
810,./node_810_INORM,0.4436487,0.0000002
216,./node_216_INORM,0.6847962,2.08e-17
715,./node_715_INORM,0.3369933,0.0000268
12,./node_12_INORM,0.6502503,7.9956615e-17
109,./node_109_INORM,0.6520298,3.2194308e-18
465,./node_465_INORM,0.4381608,1.3740234e-08
498,./node_498_INORM,0.3951037,0.0000004
166,./node_166_INORM,0.4115200,3.0062827e-08
242,./node_242_INORM,0.6958786,1.0369049e-19
741,./node_741_INORM,0.3696500,0.0000048
80,./node_80_INORM,0.5344551,7.0120585e-13
844,./node_844_INORM,0.4642035,0.0000001
566,./node_566_INORM,0.3542944,0.0000074
947,./node_947_INORM,0.4507392,0.0000001
341,./node_341_INORM,0.4586269,5.4462545e-10
642,./node_642_INORM,0.3693939,0.0000050
1,./node_1_INORM,0.6292186,1.3624966e-15
928,./node_928_INORM,0.2796150,0.0003587
509,./node_509_INORM,0.3890750,0.0000009
444,./node_444_INORM,0.4641316,3.5870253e-09
147,./node_147_INORM,0.5616671,1.2647604e-12
898,./node_898_INORM,0.3059887,0.0001219
865,./node_865_INORM,0.3846126,0.0000019
263,./node_263_INORM,0.7330121,5.2012335e-19
760,./node_760_INORM,0.4056327,0.0000005
33,./node_33_INORM,0.6190923,1.3250414e-16
128,./node_128_INORM,0.5056614,1.8879393e-11
909,./node_909_INORM,0.2815733,0.0003934
528,./node_528_INORM,0.5092765,2.1607752e-08
547,./node_547_INORM,0.3390680,0.0000101
360,./node_360_INORM,0.6473099,1.9610528e-15
663,./node_663_INORM,0.3387455,0.0000467
966,./node_966_INORM,0.3703186,0.0000121
905,./node_905_INORM,0.3301643,0.0000440
303,./node_303_INORM,0.5406977,3.6418559e-12
600,./node_600_INORM,0.3534458,0.0000076
524,./node_524_INORM,0.5235438,9.2706765e-09
692,./node_692_INORM,0.2301299,0.0012507
391,./node_391_INORM,0.5786422,1.7630124e-12
997,./node_997_INORM,0.3615116,0.0000171
448,./node_448_INORM,0.5084089,6.3761905e-09
1023,./node_1023_INORM,0.2826803,0.0005016
894,./node_894_INORM,0.3451191,0.0000269
869,./node_869_INORM,0.1546922,0.0308875
50,./node_50_INORM,0.5996114,4.1733216e-14
791,./node_791_INORM,0.3713774,0.0000072
292,./node_292_INORM,0.5348860,9.2989135e-13
200,./node_200_INORM,0.5204168,4.4892574e-12
703,./node_703_INORM,0.3605232,0.0000041
806,./node_806_INORM,0.3962413,0.0000007
427,./node_427_INORM,0.5993654,4.9432489e-11
124,./node_124_INORM,0.6240327,6.340368e-17
597,./node_597_INORM,0.3567044,0.0000026
322,./node_322_INORM,0.6846499,4.645292e-16
621,./node_621_INORM,0.3459929,0.0000064
924,./node_924_INORM,0.3953799,0.0000012
505,./node_505_INORM,0.5450475,2.6333088e-09
827,./node_827_INORM,0.1796618,0.0142918
221,./node_221_INORM,0.7071947,6.532755e-18
722,./node_722_INORM,0.1845846,0.0091200
406,./node_406_INORM,0.4145730,0.0000001
105,./node_105_INORM,0.5810753,2.6044536e-13
469,./node_469_INORM,0.4630340,7.3697725e-09
197,./node_197_INORM,0.5822045,7.2421375e-15
1002,./node_1002_INORM,0.2436971,0.0019125
494,./node_494_INORM,0.5161650,4.7299382e-09
71,./node_71_INORM,0.6700368,5.240298e-19
848,./node_848_INORM,0.4595836,0.0000001
318,./node_318_INORM,0.7149894,7.2383465e-17
550,./node_550_INORM,0.4918773,0.0000001
674,./node_674_INORM,0.3606437,0.0000034
689,./node_689_INORM,0.2504998,0.0005024
377,./node_377_INORM,0.6012805,6.445921e-12
971,./node_971_INORM,0.3394917,0.0000243
150,./node_150_INORM,0.7085277,6.6888725e-20
453,./node_453_INORM,0.3542620,0.0000027
872,./node_872_INORM,0.1862561,0.0101832
777,./node_777_INORM,0.2358285,0.0024375
289,./node_289_INORM,0.5544385,7.6380535e-12
274,./node_274_INORM,0.6811611,3.0819371e-18
718,./node_718_INORM,0.2654209,0.0005414
24,./node_24_INORM,0.6815464,1.1988979e-18
571,./node_571_INORM,0.3479663,0.0000051
950,./node_950_INORM,0.2056494,0.0089359
655,./node_655_INORM,0.3487176,0.0000078
356,./node_356_INORM,0.4105042,4.4990589e-08
339,./node_339_INORM,0.6865648,4.0242729e-15
739,./node_739_INORM,0.3640354,0.0000060
171,./node_171_INORM,0.6961735,3.8022449e-20
1019,./node_1019_INORM,0.2495295,0.0018590
472,./node_472_INORM,0.3194672,0.0000064
756,./node_756_INORM,0.2561641,0.0011508
255,./node_255_INORM,0.4858505,4.8680298e-10
853,./node_853_INORM,0.1996215,0.0061010
97,./node_97_INORM,0.7000060,7.5656945e-20
830,./node_830_INORM,0.2247459,0.0037254
735,./node_735_INORM,0.3566674,0.0000059
236,./node_236_INORM,0.4961279,2.7607585e-11
112,./node_112_INORM,0.4884703,6.1018205e-11
411,./node_411_INORM,0.5782639,5.1831685e-12
1015,./node_1015_INORM,0.2608277,0.0012100
483,./node_483_INORM,0.4929864,9.8207955e-10
180,./node_180_INORM,0.7142186,5.83064e-20
259,./node_259_INORM,0.7617578,2.5873684e-22
66,./node_66_INORM,0.5256969,1.282841e-12
580,./node_580_INORM,0.3706183,0.0000035
659,./node_659_INORM,0.2377897,0.0007589
636,./node_636_INORM,0.2573263,0.0002812
335,./node_335_INORM,0.7528661,6.666506e-20
933,./node_933_INORM,0.4636048,0.0000001
512,./node_512_INORM,0.3772000,0.0000005
47,./node_47_INORM,0.6580053,5.988707e-17
883,./node_883_INORM,0.2957616,0.0001933
285,./node_285_INORM,0.7055310,1.8308398e-17
786,./node_786_INORM,0.2803857,0.0003862
278,./node_278_INORM,0.5851862,6.267526e-14
714,./node_714_INORM,0.3657598,0.0000043
217,./node_217_INORM,0.4707267,8.214194e-10
811,./node_811_INORM,0.4118733,0.0000013
28,./node_28_INORM,0.5034162,6.31349e-10
133,./node_133_INORM,0.4610005,3.3766003e-10
430,./node_430_INORM,0.5215659,3.1798226e-10
912,./node_912_INORM,0.2726817,0.0005330
617,./node_617_INORM,0.3672269,0.0000045
314,./node_314_INORM,0.7679011,1.6693837e-21
533,./node_533_INORM,0.4920655,0.0000001
678,./node_678_INORM,0.3570129,0.0000057
386,./node_386_INORM,0.4483885,9.9924125e-10
685,./node_685_INORM,0.2211170,0.0018066
980,./node_980_INORM,0.2433057,0.0018662
643,./node_643_INORM,0.3472045,0.0000099
340,./node_340_INORM,0.6316271,4.6513266e-15
946,./node_946_INORM,0.3933986,0.0000015
567,./node_567_INORM,0.2843289,0.0000620
508,./node_508_INORM,0.4854109,8.258633e-09
929,./node_929_INORM,0.1828730,0.0173176
108,./node_108_INORM,0.6921152,5.5210555e-20
13,./node_13_INORM,0.5855449,2.3482141e-13
845,./node_845_INORM,0.4323980,0.0000002
81,./node_81_INORM,0.5529541,5.0322315e-12
740,./node_740_INORM,0.3754860,0.0000035
243,./node_243_INORM,0.6445266,3.0175588e-16
167,./node_167_INORM,0.6542534,2.9963625e-16
499,./node_499_INORM,0.3766498,0.0000013
464,./node_464_INORM,0.4894973,3.8295721e-09
529,./node_529_INORM,0.3657571,0.0000030
908,./node_908_INORM,0.2085381,0.0067161
967,./node_967_INORM,0.4309366,0.0000003
662,./node_662_INORM,0.3690206,0.0000087
361,./node_361_INORM,0.6910021,2.8211909e-15
546,./node_546_INORM,0.3457385,0.0000078
761,./node_761_INORM,0.3647761,0.0000073
262,./node_262_INORM,0.4124306,1.409385e-08
864,./node_864_INORM,0.1614681,0.0270699
899,./node_899_INORM,0.2757627,0.0004475
146,./node_146_INORM,0.5054071,9.856476e-11
445,./node_445_INORM,0.5524221,2.0438208e-10
129,./node_129_INORM,0.6233845,4.7757694e-15
32,./node_32_INORM,0.5714502,1.1902234e-12
293,./node_293_INORM,0.4546074,3.9224211e-09
790,./node_790_INORM,0.4365204,0.0000001
51,./node_51_INORM,0.5521912,1.8600694e-13
868,./node_868_INORM,0.4624665,0.0000001
895,./node_895_INORM,0.3608474,0.0000174
1022,./node_1022_INORM,0.3012473,0.0002365
449,./node_449_INORM,0.6078507,2.3617544e-12
125,./node_125_INORM,0.4743871,1.421842e-10
426,./node_426_INORM,0.4312820,3.8028341e-09
807,./node_807_INORM,0.1681001,0.0182489
702,./node_702_INORM,0.2796745,0.0003944
201,./node_201_INORM,0.6926168,6.929884e-20
525,./node_525_INORM,0.3594577,0.0000041
601,./node_601_INORM,0.3469791,0.0000101
302,./node_302_INORM,0.4802022,1.0468006e-10
904,./node_904_INORM,0.2242193,0.0038137
996,./node_996_INORM,0.3585034,0.0000126
390,./node_390_INORM,0.5916488,2.426838e-11
693,./node_693_INORM,0.2046828,0.0034276
104,./node_104_INORM,0.5678586,3.6926384e-14
407,./node_407_INORM,0.3957888,0.0000002
723,./node_723_INORM,0.3285465,0.0000570
220,./node_220_INORM,0.4308702,6.189101e-09
826,./node_826_INORM,0.4585575,0.0000001
849,./node_849_INORM,0.4600149,0.0000001
70,./node_70_INORM,0.5307320,3.626644e-11
495,./node_495_INORM,0.4707146,5.669406e-09
1003,./node_1003_INORM,0.2302928,0.0036807
196,./node_196_INORM,0.6300830,4.6814464e-16
468,./node_468_INORM,0.5637502,9.6701795e-11
596,./node_596_INORM,0.3209806,0.0000396
504,./node_504_INORM,0.3632038,0.0000027
925,./node_925_INORM,0.4700046,2.8206059e-08
620,./node_620_INORM,0.3642479,0.0000059
323,./node_323_INORM,0.6603518,2.7792409e-15
