node,name,H2r,rp
25,./node_25_INORM,0.0634900,0.1973023
403,./node_403_INORM,0.0000000,0.5000000
100,./node_100_INORM,0.0749023,0.1528960
224,./node_224_INORM,0.0000000,0.5000000
727,./node_727_INORM,0.0570021,0.2430656
822,./node_822_INORM,0.0263664,0.3672887
748,./node_748_INORM,0.0636921,0.2004612
192,./node_192_INORM,0.0000000,0.5000000
491,./node_491_INORM,0.0013837,0.4932536
348,./node_348_INORM,0.1532318,0.0267367
592,./node_592_INORM,0.0000000,0.5000000
500,./node_500_INORM,0.0000000,0.5000000
921,./node_921_INORM,0.0532608,0.2596644
327,./node_327_INORM,0.0000000,0.5000000
624,./node_624_INORM,0.0863058,0.1240329
794,./node_794_INORM,0.0388480,0.3063417
297,./node_297_INORM,0.0000000,0.5000000
769,./node_769_INORM,0.0456515,0.2846879
891,./node_891_INORM,0.0324241,0.3354025
1006,./node_1006_INORM,0.0640444,0.2172483
96,./node_96_INORM,0.0593239,0.2161941
422,./node_422_INORM,0.0753106,0.1755461
121,./node_121_INORM,0.0637995,0.1972384
803,./node_803_INORM,0.0160230,0.4198501
205,./node_205_INORM,0.0000000,0.5000000
706,./node_706_INORM,0.0029275,0.4847810
521,./node_521_INORM,0.0000000,0.5000000
306,./node_306_INORM,0.1135961,0.0773829
605,./node_605_INORM,0.0000000,0.5000000
900,./node_900_INORM,0.0564781,0.2506390
992,./node_992_INORM,0.0600257,0.2350570
369,./node_369_INORM,0.0000000,0.5000000
697,./node_697_INORM,0.0630021,0.2091401
394,./node_394_INORM,0.0000000,0.5000000
609,./node_609_INORM,0.0871012,0.1211821
963,./node_963_INORM,0.0635157,0.2237516
365,./node_365_INORM,0.1430724,0.0336540
398,./node_398_INORM,0.0000000,0.5000000
666,./node_666_INORM,0.0000000,0.5000000
542,./node_542_INORM,0.0651153,0.2032064
266,./node_266_INORM,0.0778818,0.1564549
798,./node_798_INORM,0.0218090,0.3979749
765,./node_765_INORM,0.0210619,0.3991384
860,./node_860_INORM,0.0270294,0.3736875
67,./node_67_INORM,0.0531106,0.2320906
441,./node_441_INORM,0.0000000,0.5000000
142,./node_142_INORM,0.0210523,0.3912142
209,./node_209_INORM,0.0000000,0.5000000
344,./node_344_INORM,0.0000000,0.5000000
647,./node_647_INORM,0.0000000,0.5000000
942,./node_942_INORM,0.0748358,0.1867628
563,./node_563_INORM,0.0878196,0.1177777
628,./node_628_INORM,0.0000000,0.5000000
29,./node_29_INORM,0.0687622,0.1810681
228,./node_228_INORM,0.0000000,0.5000000
841,./node_841_INORM,0.0232560,0.3863298
247,./node_247_INORM,0.0000000,0.5000000
744,./node_744_INORM,0.0529097,0.2490636
460,./node_460_INORM,0.1038480,0.0828512
46,./node_46_INORM,0.0706012,0.1742839
163,./node_163_INORM,0.0021808,0.4885637
80,./node_80_INORM,0.0605329,0.2041513
158,./node_158_INORM,0.0490822,0.2611366
887,./node_887_INORM,0.0313173,0.3487850
1010,./node_1010_INORM,0.0729490,0.1913769
782,./node_782_INORM,0.0155070,0.4238263
281,./node_281_INORM,0.0000000,0.5000000
213,./node_213_INORM,0.1091480,0.0790192
710,./node_710_INORM,0.0472852,0.2759310
815,./node_815_INORM,0.0424344,0.2956991
12,./node_12_INORM,0.0649083,0.1915955
434,./node_434_INORM,0.0000000,0.5000000
137,./node_137_INORM,0.0740744,0.1585174
916,./node_916_INORM,0.0234606,0.3826763
310,./node_310_INORM,0.1532737,0.0285593
613,./node_613_INORM,0.0000000,0.5000000
537,./node_537_INORM,0.0943109,0.1050269
558,./node_558_INORM,0.0000000,0.5000000
681,./node_681_INORM,0.0913899,0.1112645
382,./node_382_INORM,0.0000000,0.5000000
984,./node_984_INORM,0.0511480,0.2664554
979,./node_979_INORM,0.0628082,0.2219691
834,./node_834_INORM,0.0274764,0.3627039
232,./node_232_INORM,0.0579062,0.2229529
731,./node_731_INORM,0.0300161,0.3560836
415,./node_415_INORM,0.0000000,0.5000000
33,./node_33_INORM,0.0544492,0.2269340
116,./node_116_INORM,0.0297625,0.3475932
184,./node_184_INORM,0.0000000,0.5000000
487,./node_487_INORM,0.0947442,0.1028416
179,./node_179_INORM,0.0000000,0.5000000
579,./node_579_INORM,0.0000000,0.5000000
584,./node_584_INORM,0.0000000,0.5000000
958,./node_958_INORM,0.0614641,0.2289281
331,./node_331_INORM,0.1335892,0.0462912
632,./node_632_INORM,0.0961533,0.0990357
937,./node_937_INORM,0.0293116,0.3552560
516,./node_516_INORM,0.0000000,0.5000000
575,./node_575_INORM,0.0754462,0.1592403
588,./node_588_INORM,0.0722915,0.1752058
954,./node_954_INORM,0.0803192,0.1695728
352,./node_352_INORM,0.1010740,0.1084045
651,./node_651_INORM,0.0371812,0.3284106
838,./node_838_INORM,0.0644231,0.1970944
419,./node_419_INORM,0.0000000,0.5000000
50,./node_50_INORM,0.0677202,0.1844620
476,./node_476_INORM,0.1168188,0.0614106
188,./node_188_INORM,0.1120429,0.0743189
175,./node_175_INORM,0.0000000,0.5000000
251,./node_251_INORM,0.0000000,0.5000000
752,./node_752_INORM,0.0556049,0.2345222
857,./node_857_INORM,0.0200690,0.3990131
554,./node_554_INORM,0.0117581,0.4421883
373,./node_373_INORM,0.0000000,0.5000000
670,./node_670_INORM,0.0014649,0.4923059
988,./node_988_INORM,0.0552681,0.2515755
975,./node_975_INORM,0.0330223,0.3376373
457,./node_457_INORM,0.0728853,0.1729179
71,./node_71_INORM,0.0785084,0.1473918
154,./node_154_INORM,0.0021670,0.4887459
876,./node_876_INORM,0.0368104,0.3192938
2,./node_2_INORM,0.0571826,0.2206816
270,./node_270_INORM,0.1405830,0.0384982
773,./node_773_INORM,0.0005328,0.4972360
819,./node_819_INORM,0.0628136,0.2033137
438,./node_438_INORM,0.0000000,0.5000000
593,./node_593_INORM,0.0000000,0.5000000
349,./node_349_INORM,0.0344601,0.3304931
625,./node_625_INORM,0.0567675,0.2363860
326,./node_326_INORM,0.1489463,0.0306096
920,./node_920_INORM,0.0610941,0.2290870
501,./node_501_INORM,0.0759912,0.1586255
823,./node_823_INORM,0.0467395,0.2687422
726,./node_726_INORM,0.0636095,0.2111586
225,./node_225_INORM,0.1175700,0.0650780
101,./node_101_INORM,0.0690188,0.1722883
402,./node_402_INORM,0.0000000,0.5000000
24,./node_24_INORM,0.0565999,0.2207563
490,./node_490_INORM,0.0457083,0.2777232
193,./node_193_INORM,0.0374496,0.3136259
749,./node_749_INORM,0.0173041,0.4174851
901,./node_901_INORM,0.0260653,0.3683704
604,./node_604_INORM,0.0773682,0.1561230
307,./node_307_INORM,0.0000000,0.5000000
520,./node_520_INORM,0.0000000,0.5000000
395,./node_395_INORM,0.1199343,0.0624223
696,./node_696_INORM,0.0742506,0.1618480
368,./node_368_INORM,0.0000000,0.5000000
993,./node_993_INORM,0.0464206,0.2818606
97,./node_97_INORM,0.0416842,0.2922035
1007,./node_1007_INORM,0.0467138,0.2821083
890,./node_890_INORM,0.0327515,0.3339799
768,./node_768_INORM,0.0222116,0.3927700
296,./node_296_INORM,0.0000000,0.5000000
795,./node_795_INORM,0.0256787,0.3767485
707,./node_707_INORM,0.0212184,0.3932672
204,./node_204_INORM,0.0000000,0.5000000
802,./node_802_INORM,0.0120346,0.4377368
120,./node_120_INORM,0.0731689,0.1640481
423,./node_423_INORM,0.0293338,0.3593052
143,./node_143_INORM,0.0833358,0.1329789
440,./node_440_INORM,0.0000000,0.5000000
66,./node_66_INORM,0.0650460,0.1946186
861,./node_861_INORM,0.0321783,0.3386048
764,./node_764_INORM,0.0606516,0.2124655
799,./node_799_INORM,0.0188639,0.4050489
267,./node_267_INORM,0.0000000,0.5000000
208,./node_208_INORM,0.0984284,0.0981854
608,./node_608_INORM,0.0000000,0.5000000
543,./node_543_INORM,0.0869913,0.1238997
667,./node_667_INORM,0.0000000,0.5000000
399,./node_399_INORM,0.0640279,0.2056111
364,./node_364_INORM,0.0000000,0.5000000
962,./node_962_INORM,0.0516767,0.2650306
229,./node_229_INORM,0.0118055,0.4389433
28,./node_28_INORM,0.0645183,0.1907993
162,./node_162_INORM,0.0203325,0.3953138
47,./node_47_INORM,0.0639679,0.1925648
461,./node_461_INORM,0.0000000,0.5000000
745,./node_745_INORM,0.0237429,0.3790930
246,./node_246_INORM,0.1461175,0.0339766
840,./node_840_INORM,0.0542233,0.2388499
562,./node_562_INORM,0.0956130,0.1008626
943,./node_943_INORM,0.0460244,0.2872557
646,./node_646_INORM,0.0000000,0.5000000
345,./node_345_INORM,0.0384337,0.3130517
629,./node_629_INORM,0.0956150,0.1007303
536,./node_536_INORM,0.0000000,0.5000000
612,./node_612_INORM,0.0000000,0.5000000
311,./node_311_INORM,0.0000000,0.5000000
917,./node_917_INORM,0.0738140,0.1892531
978,./node_978_INORM,0.0299932,0.3509621
985,./node_985_INORM,0.0665309,0.2095916
383,./node_383_INORM,0.1300300,0.0512527
680,./node_680_INORM,0.0905349,0.1129525
559,./node_559_INORM,0.0648829,0.2011333
280,./node_280_INORM,0.0000000,0.5000000
783,./node_783_INORM,0.0355951,0.3273701
1011,./node_1011_INORM,0.0346658,0.3320129
886,./node_886_INORM,0.0252350,0.3723922
159,./node_159_INORM,0.0004569,0.4976063
81,./node_81_INORM,0.0737269,0.1625968
136,./node_136_INORM,0.0844473,0.1303815
435,./node_435_INORM,0.0000000,0.5000000
13,./node_13_INORM,0.0668697,0.1839044
814,./node_814_INORM,0.0216980,0.3930162
711,./node_711_INORM,0.0291263,0.3628899
212,./node_212_INORM,0.0000000,0.5000000
959,./node_959_INORM,0.0638212,0.2217892
585,./node_585_INORM,0.0000000,0.5000000
578,./node_578_INORM,0.0612796,0.2130456
517,./node_517_INORM,0.0000000,0.5000000
936,./node_936_INORM,0.0726042,0.1919888
633,./node_633_INORM,0.0000000,0.5000000
330,./node_330_INORM,0.1499566,0.0338131
117,./node_117_INORM,0.0630517,0.1984609
32,./node_32_INORM,0.0503274,0.2470185
414,./node_414_INORM,0.1233638,0.0558761
730,./node_730_INORM,0.0130259,0.4325167
233,./node_233_INORM,0.1389797,0.0417920
835,./node_835_INORM,0.0233855,0.3836499
178,./node_178_INORM,0.0000000,0.5000000
486,./node_486_INORM,0.0919074,0.1160079
185,./node_185_INORM,0.0129789,0.4326556
418,./node_418_INORM,0.0961423,0.1085104
839,./node_839_INORM,0.0488609,0.2594136
856,./node_856_INORM,0.0448587,0.2780164
753,./node_753_INORM,0.0351678,0.3338840
250,./node_250_INORM,0.0000000,0.5000000
174,./node_174_INORM,0.0095072,0.4506991
189,./node_189_INORM,0.0000000,0.5000000
477,./node_477_INORM,0.1135676,0.0665575
51,./node_51_INORM,0.0762958,0.1512921
650,./node_650_INORM,0.0772026,0.1569369
353,./node_353_INORM,0.1431859,0.0347498
955,./node_955_INORM,0.0530062,0.2598743
589,./node_589_INORM,0.0000000,0.5000000
574,./node_574_INORM,0.0809763,0.1407821
772,./node_772_INORM,0.0424283,0.2958820
271,./node_271_INORM,0.0000000,0.5000000
3,./node_3_INORM,0.0600134,0.2068424
877,./node_877_INORM,0.0607775,0.2276314
155,./node_155_INORM,0.1020521,0.0889817
70,./node_70_INORM,0.0806611,0.1356450
456,./node_456_INORM,0.0000000,0.5000000
439,./node_439_INORM,0.1187674,0.0627608
818,./node_818_INORM,0.0405272,0.2983113
974,./node_974_INORM,0.0491494,0.2739391
989,./node_989_INORM,0.0340571,0.3339629
671,./node_671_INORM,0.0802242,0.1424842
372,./node_372_INORM,0.0937569,0.1169218
555,./node_555_INORM,0.0787136,0.1473639
207,./node_207_INORM,0.0898433,0.1147709
704,./node_704_INORM,0.0678461,0.1861262
801,./node_801_INORM,0.0278366,0.3599409
420,./node_420_INORM,0.0000000,0.5000000
123,./node_123_INORM,0.0293702,0.3505239
69,./node_69_INORM,0.0730198,0.1625990
94,./node_94_INORM,0.0779489,0.1458683
893,./node_893_INORM,0.0341685,0.3366942
1004,./node_1004_INORM,0.0757480,0.1828561
796,./node_796_INORM,0.0214087,0.3921644
268,./node_268_INORM,0.0662405,0.1974593
295,./node_295_INORM,0.0000000,0.5000000
695,./node_695_INORM,0.0270747,0.3690115
668,./node_668_INORM,0.0263312,0.3719757
396,./node_396_INORM,0.0000000,0.5000000
990,./node_990_INORM,0.0605983,0.2307649
902,./node_902_INORM,0.0320522,0.3446924
304,./node_304_INORM,0.1440527,0.0385105
607,./node_607_INORM,0.0700430,0.1812514
523,./node_523_INORM,0.0000000,0.5000000
190,./node_190_INORM,0.0749690,0.1652260
48,./node_48_INORM,0.0517247,0.2389735
493,./node_493_INORM,0.0619616,0.2096519
249,./node_249_INORM,0.1236156,0.0589982
820,./node_820_INORM,0.0309021,0.3533547
226,./node_226_INORM,0.1234818,0.0578832
725,./node_725_INORM,0.0022536,0.4883433
401,./node_401_INORM,0.0519177,0.2570034
27,./node_27_INORM,0.0591852,0.2084467
102,./node_102_INORM,0.0751092,0.1533787
325,./node_325_INORM,0.0000000,0.5000000
626,./node_626_INORM,0.0902201,0.1131883
923,./node_923_INORM,0.0325565,0.3357407
502,./node_502_INORM,0.0000000,0.5000000
590,./node_590_INORM,0.0912459,0.1102620
649,./node_649_INORM,0.0000000,0.5000000
329,./node_329_INORM,0.0000000,0.5000000
561,./node_561_INORM,0.0956717,0.1008718
940,./node_940_INORM,0.0407662,0.3073938
346,./node_346_INORM,0.1504658,0.0277348
645,./node_645_INORM,0.0000000,0.5000000
44,./node_44_INORM,0.0567505,0.2188018
462,./node_462_INORM,0.0760776,0.1639730
161,./node_161_INORM,0.0200755,0.3963493
245,./node_245_INORM,0.1243736,0.0563611
746,./node_746_INORM,0.0489650,0.2677559
843,./node_843_INORM,0.0510793,0.2502826
729,./node_729_INORM,0.0361476,0.3299184
540,./node_540_INORM,0.0000000,0.5000000
699,./node_699_INORM,0.0266342,0.3709716
367,./node_367_INORM,0.1463126,0.0323079
664,./node_664_INORM,0.0780604,0.1509610
961,./node_961_INORM,0.0471175,0.2825724
308,./node_308_INORM,0.0000000,0.5000000
708,./node_708_INORM,0.0760261,0.1577632
443,./node_443_INORM,0.0000000,0.5000000
65,./node_65_INORM,0.0696642,0.1688601
140,./node_140_INORM,0.0201014,0.3963610
98,./node_98_INORM,0.0730395,0.1640812
1008,./node_1008_INORM,0.0556856,0.2491077
862,./node_862_INORM,0.0265187,0.3746015
264,./node_264_INORM,0.1143182,0.0755130
767,./node_767_INORM,0.0118685,0.4395623
299,./node_299_INORM,0.0000000,0.5000000
859,./node_859_INORM,0.0398497,0.3077189
186,./node_186_INORM,0.0722445,0.1661587
478,./node_478_INORM,0.1110600,0.0711135
485,./node_485_INORM,0.0000000,0.5000000
31,./node_31_INORM,0.0677041,0.1779526
417,./node_417_INORM,0.1197274,0.0604210
114,./node_114_INORM,0.0795255,0.1427064
230,./node_230_INORM,0.0254416,0.3705421
733,./node_733_INORM,0.0392364,0.3117136
836,./node_836_INORM,0.0217664,0.3911086
514,./node_514_INORM,0.0000000,0.5000000
935,./node_935_INORM,0.0294052,0.3518771
333,./node_333_INORM,0.0000000,0.5000000
630,./node_630_INORM,0.0970697,0.0973982
586,./node_586_INORM,0.0000000,0.5000000
436,./node_436_INORM,0.0845193,0.1439941
10,./node_10_INORM,0.0619829,0.1997667
135,./node_135_INORM,0.0743316,0.1579087
817,./node_817_INORM,0.0516922,0.2475421
211,./node_211_INORM,0.0011785,0.4938715
712,./node_712_INORM,0.0238839,0.3779095
780,./node_780_INORM,0.0302635,0.3578531
283,./node_283_INORM,0.1436905,0.0360161
885,./node_885_INORM,0.0484262,0.2770288
1012,./node_1012_INORM,0.0361957,0.3256106
878,./node_878_INORM,0.0338486,0.3389471
459,./node_459_INORM,0.1086983,0.0765665
82,./node_82_INORM,0.0825997,0.1302231
986,./node_986_INORM,0.0758760,0.1821959
683,./node_683_INORM,0.0000000,0.5000000
380,./node_380_INORM,0.1339176,0.0431858
535,./node_535_INORM,0.0000000,0.5000000
312,./node_312_INORM,0.1390009,0.0445132
611,./node_611_INORM,0.0000000,0.5000000
914,./node_914_INORM,0.0618612,0.2288340
977,./node_977_INORM,0.0630948,0.2226350
371,./node_371_INORM,0.0000000,0.5000000
672,./node_672_INORM,0.0316763,0.3489270
556,./node_556_INORM,0.0000000,0.5000000
539,./node_539_INORM,0.0000000,0.5000000
918,./node_918_INORM,0.0739554,0.1905718
139,./node_139_INORM,0.0439010,0.2799753
272,./node_272_INORM,0.0879894,0.1315639
771,./node_771_INORM,0.0486170,0.2754632
889,./node_889_INORM,0.0311637,0.3413645
874,./node_874_INORM,0.0422036,0.3050319
73,./node_73_INORM,0.0645160,0.1873737
455,./node_455_INORM,0.0464535,0.2822519
156,./node_156_INORM,0.0044140,0.4770259
518,./node_518_INORM,0.0817598,0.1440401
939,./node_939_INORM,0.0522076,0.2639848
350,./node_350_INORM,0.1434399,0.0348988
653,./node_653_INORM,0.0000000,0.5000000
956,./node_956_INORM,0.0295749,0.3554790
577,./node_577_INORM,0.0580819,0.2294328
855,./node_855_INORM,0.0414458,0.2985888
253,./node_253_INORM,0.0000000,0.5000000
750,./node_750_INORM,0.0757227,0.1584169
474,./node_474_INORM,0.0973547,0.0966347
52,./node_52_INORM,0.0695398,0.1742249
177,./node_177_INORM,0.0000000,0.5000000
489,./node_489_INORM,0.0000000,0.5000000
118,./node_118_INORM,0.0406515,0.2971542
991,./node_991_INORM,0.0702659,0.1968750
397,./node_397_INORM,0.0000000,0.5000000
669,./node_669_INORM,0.0000000,0.5000000
694,./node_694_INORM,0.0364315,0.3297153
522,./node_522_INORM,0.0818290,0.1378776
606,./node_606_INORM,0.0072237,0.4645789
305,./node_305_INORM,0.1516790,0.0298442
903,./node_903_INORM,0.0508465,0.2705356
122,./node_122_INORM,0.0488917,0.2572644
421,./node_421_INORM,0.0000000,0.5000000
800,./node_800_INORM,0.0097168,0.4501779
705,./node_705_INORM,0.0000000,0.5000000
206,./node_206_INORM,0.1017034,0.0941854
294,./node_294_INORM,0.1515780,0.0308276
269,./node_269_INORM,0.1435478,0.0356139
797,./node_797_INORM,0.0319226,0.3519073
1005,./node_1005_INORM,0.0630928,0.2219905
892,./node_892_INORM,0.0287334,0.3586688
95,./node_95_INORM,0.0661067,0.1884086
68,./node_68_INORM,0.0599004,0.2068309
503,./node_503_INORM,0.0000000,0.5000000
922,./node_922_INORM,0.0635748,0.2238032
627,./node_627_INORM,0.0000000,0.5000000
324,./node_324_INORM,0.1503200,0.0295532
648,./node_648_INORM,0.0000000,0.5000000
591,./node_591_INORM,0.0000000,0.5000000
1024,./node_1024_INORM,0.0585953,0.2373475
248,./node_248_INORM,0.0290038,0.3547335
492,./node_492_INORM,0.0068404,0.4657379
49,./node_49_INORM,0.0681843,0.1741157
191,./node_191_INORM,0.0000000,0.5000000
103,./node_103_INORM,0.0624425,0.2019113
26,./node_26_INORM,0.0623283,0.2002298
400,./node_400_INORM,0.0000000,0.5000000
724,./node_724_INORM,0.0681170,0.1849756
227,./node_227_INORM,0.1241815,0.0583557
821,./node_821_INORM,0.0358284,0.3250516
842,./node_842_INORM,0.0608930,0.2100818
747,./node_747_INORM,0.0219010,0.3953791
244,./node_244_INORM,0.1327522,0.0491139
160,./node_160_INORM,0.1024727,0.0860246
463,./node_463_INORM,0.1065781,0.0782241
45,./node_45_INORM,0.0673982,0.1820511
728,./node_728_INORM,0.0209276,0.3936999
328,./node_328_INORM,0.0000000,0.5000000
644,./node_644_INORM,0.0000000,0.5000000
347,./node_347_INORM,0.1404361,0.0375870
941,./node_941_INORM,0.0307278,0.3444007
560,./node_560_INORM,0.0951705,0.1057626
709,./node_709_INORM,0.0000000,0.5000000
298,./node_298_INORM,0.0000000,0.5000000
766,./node_766_INORM,0.0520819,0.2503454
265,./node_265_INORM,0.1441400,0.0345214
863,./node_863_INORM,0.0247379,0.3781799
1009,./node_1009_INORM,0.0428407,0.2977345
99,./node_99_INORM,0.0681361,0.1765681
141,./node_141_INORM,0.0363696,0.3164517
64,./node_64_INORM,0.0685837,0.1758322
442,./node_442_INORM,0.0000000,0.5000000
960,./node_960_INORM,0.0457070,0.2871192
665,./node_665_INORM,0.0762344,0.1628509
366,./node_366_INORM,0.1366143,0.0397933
698,./node_698_INORM,0.0000000,0.5000000
541,./node_541_INORM,0.0336787,0.3361498
309,./node_309_INORM,0.0000000,0.5000000
631,./node_631_INORM,0.0909996,0.1110687
332,./node_332_INORM,0.0000000,0.5000000
934,./node_934_INORM,0.0624372,0.2258461
515,./node_515_INORM,0.0210115,0.3946633
587,./node_587_INORM,0.0228270,0.3886853
484,./node_484_INORM,0.0000000,0.5000000
479,./node_479_INORM,0.0000000,0.5000000
187,./node_187_INORM,0.1129844,0.0714979
858,./node_858_INORM,0.0393922,0.3115416
837,./node_837_INORM,0.0316290,0.3504034
732,./node_732_INORM,0.0293636,0.3579177
231,./node_231_INORM,0.0000000,0.5000000
115,./node_115_INORM,0.0711153,0.1678782
416,./node_416_INORM,0.0000000,0.5000000
30,./node_30_INORM,0.0715012,0.1662493
381,./node_381_INORM,0.0697333,0.1892420
682,./node_682_INORM,0.0784497,0.1511428
987,./node_987_INORM,0.0710672,0.1980099
915,./node_915_INORM,0.0610461,0.2343943
610,./node_610_INORM,0.0856764,0.1245162
313,./node_313_INORM,0.0000000,0.5000000
534,./node_534_INORM,0.0946772,0.1023158
713,./node_713_INORM,0.0678986,0.1909751
210,./node_210_INORM,0.0014079,0.4926660
816,./node_816_INORM,0.0446931,0.2818851
134,./node_134_INORM,0.0577871,0.2209997
11,./node_11_INORM,0.0654859,0.1896320
437,./node_437_INORM,0.1059845,0.0814948
83,./node_83_INORM,0.0600735,0.2049405
458,./node_458_INORM,0.0451476,0.2800827
879,./node_879_INORM,0.0385909,0.3094531
1013,./node_1013_INORM,0.0728939,0.1901070
884,./node_884_INORM,0.0541136,0.2580082
282,./node_282_INORM,0.0259918,0.3684983
781,./node_781_INORM,0.0321253,0.3473953
138,./node_138_INORM,0.0933047,0.1041312
157,./node_157_INORM,0.0903824,0.1159373
454,./node_454_INORM,0.1012457,0.0878443
72,./node_72_INORM,0.0504798,0.2427549
875,./node_875_INORM,0.0465489,0.2891847
888,./node_888_INORM,0.0329591,0.3324080
770,./node_770_INORM,0.0501160,0.2563600
1,./node_1_INORM,0.0614804,0.2037484
273,./node_273_INORM,0.1556387,0.0272169
557,./node_557_INORM,0.0000000,0.5000000
673,./node_673_INORM,0.0587470,0.2322858
370,./node_370_INORM,0.0000000,0.5000000
976,./node_976_INORM,0.0788847,0.1722046
919,./node_919_INORM,0.0278377,0.3596201
538,./node_538_INORM,0.0873448,0.1229611
488,./node_488_INORM,0.0000000,0.5000000
176,./node_176_INORM,0.1138795,0.0708896
53,./node_53_INORM,0.0759726,0.1553876
475,./node_475_INORM,0.0881872,0.1248809
751,./node_751_INORM,0.0123521,0.4402562
252,./node_252_INORM,0.0000000,0.5000000
854,./node_854_INORM,0.0421562,0.3064311
119,./node_119_INORM,0.0700863,0.1703752
938,./node_938_INORM,0.0314648,0.3419152
519,./node_519_INORM,0.0000000,0.5000000
576,./node_576_INORM,0.0762009,0.1587783
957,./node_957_INORM,0.0726929,0.1938044
652,./node_652_INORM,0.0095021,0.4522251
351,./node_351_INORM,0.0000000,0.5000000
129,./node_129_INORM,0.0777241,0.1475731
146,./node_146_INORM,0.0212951,0.3899115
445,./node_445_INORM,0.0000000,0.5000000
63,./node_63_INORM,0.0539142,0.2281215
761,./node_761_INORM,0.0770622,0.1527637
262,./node_262_INORM,0.1090470,0.0833554
864,./node_864_INORM,0.0377995,0.3204819
899,./node_899_INORM,0.0632101,0.2222396
546,./node_546_INORM,0.0000000,0.5000000
967,./node_967_INORM,0.0686844,0.2059086
662,./node_662_INORM,0.0000000,0.5000000
361,./node_361_INORM,0.0000000,0.5000000
908,./node_908_INORM,0.0475391,0.2845931
529,./node_529_INORM,0.0023912,0.4886474
499,./node_499_INORM,0.0929198,0.1107048
167,./node_167_INORM,0.1046719,0.0832920
42,./node_42_INORM,0.0755991,0.1564402
464,./node_464_INORM,0.0000000,0.5000000
845,./node_845_INORM,0.0485959,0.2614850
740,./node_740_INORM,0.0098101,0.4515861
243,./node_243_INORM,0.0000000,0.5000000
108,./node_108_INORM,0.0851194,0.1254551
929,./node_929_INORM,0.0307304,0.3486433
508,./node_508_INORM,0.0000000,0.5000000
567,./node_567_INORM,0.0000000,0.5000000
643,./node_643_INORM,0.0000000,0.5000000
340,./node_340_INORM,0.1451744,0.0333125
946,./node_946_INORM,0.0802902,0.1709228
925,./node_925_INORM,0.0548762,0.2530057
620,./node_620_INORM,0.0288176,0.3628974
323,./node_323_INORM,0.1345322,0.0437033
504,./node_504_INORM,0.0891254,0.1156029
596,./node_596_INORM,0.0882759,0.1163245
495,./node_495_INORM,0.0000000,0.5000000
468,./node_468_INORM,0.0850332,0.1354464
196,./node_196_INORM,0.0465967,0.2700906
849,./node_849_INORM,0.0276382,0.3665656
1023,./node_1023_INORM,0.0575646,0.2407248
723,./node_723_INORM,0.0265082,0.3720278
220,./node_220_INORM,0.0599835,0.2185275
826,./node_826_INORM,0.0248142,0.3833896
104,./node_104_INORM,0.0752013,0.1540548
407,./node_407_INORM,0.1166411,0.0636392
21,./node_21_INORM,0.0638173,0.1970879
996,./node_996_INORM,0.0639742,0.2210117
390,./node_390_INORM,0.1071583,0.0864740
693,./node_693_INORM,0.0948953,0.1020743
601,./node_601_INORM,0.0000000,0.5000000
302,./node_302_INORM,0.0397396,0.3064137
904,./node_904_INORM,0.0623060,0.2259048
525,./node_525_INORM,0.0969875,0.0965262
807,./node_807_INORM,0.0255245,0.3752305
702,./node_702_INORM,0.0772441,0.1584340
201,./node_201_INORM,0.1015365,0.0954840
125,./node_125_INORM,0.0757564,0.1508304
426,./node_426_INORM,0.0000000,0.5000000
92,./node_92_INORM,0.0598946,0.2067414
449,./node_449_INORM,0.0919507,0.1204190
293,./node_293_INORM,0.0971429,0.1114711
790,./node_790_INORM,0.0265634,0.3740551
868,./node_868_INORM,0.0372639,0.3125226
895,./node_895_INORM,0.0391882,0.3064082
1002,./node_1002_INORM,0.0643670,0.2179663
756,./node_756_INORM,0.0864469,0.1231552
255,./node_255_INORM,0.0000000,0.5000000
853,./node_853_INORM,0.0349666,0.3299060
171,./node_171_INORM,0.1025600,0.0883465
472,./node_472_INORM,0.0000000,0.5000000
54,./node_54_INORM,0.0727713,0.1608639
739,./node_739_INORM,0.0832689,0.1342780
339,./node_339_INORM,0.0000000,0.5000000
950,./node_950_INORM,0.0296252,0.3528175
655,./node_655_INORM,0.0000000,0.5000000
356,./node_356_INORM,0.0000000,0.5000000
571,./node_571_INORM,0.0004014,0.4980456
718,./node_718_INORM,0.0058992,0.4692060
872,./node_872_INORM,0.0271087,0.3669804
1018,./node_1018_INORM,0.0358435,0.3275761
289,./node_289_INORM,0.1544855,0.0266945
777,./node_777_INORM,0.0109524,0.4443216
274,./node_274_INORM,0.1224978,0.0619352
6,./node_6_INORM,0.0554363,0.2259192
88,./node_88_INORM,0.0570486,0.2251537
150,./node_150_INORM,0.0860394,0.1230453
75,./node_75_INORM,0.0603045,0.2128296
453,./node_453_INORM,0.0000000,0.5000000
674,./node_674_INORM,0.0094030,0.4535335
377,./node_377_INORM,0.0000000,0.5000000
689,./node_689_INORM,0.0000000,0.5000000
971,./node_971_INORM,0.0328325,0.3389736
550,./node_550_INORM,0.0000000,0.5000000
318,./node_318_INORM,0.1358751,0.0452851
386,./node_386_INORM,0.0000000,0.5000000
678,./node_678_INORM,0.0020382,0.4893561
685,./node_685_INORM,0.0761264,0.1552596
980,./node_980_INORM,0.0508421,0.2659669
533,./node_533_INORM,0.0000000,0.5000000
912,./node_912_INORM,0.0358693,0.3243212
617,./node_617_INORM,0.0783301,0.1484647
314,./node_314_INORM,0.1562239,0.0254190
133,./node_133_INORM,0.0786643,0.1458518
430,./node_430_INORM,0.1123787,0.0745893
16,./node_16_INORM,0.0520081,0.2375249
714,./node_714_INORM,0.0557400,0.2434035
217,./node_217_INORM,0.0000000,0.5000000
811,./node_811_INORM,0.0449557,0.2900936
883,./node_883_INORM,0.0361764,0.3176138
1014,./node_1014_INORM,0.0374257,0.3202488
285,./node_285_INORM,0.0000000,0.5000000
278,./node_278_INORM,0.1437020,0.0362379
786,./node_786_INORM,0.0717226,0.1711752
84,./node_84_INORM,0.0688164,0.1806894
79,./node_79_INORM,0.0579962,0.2210623
512,./node_512_INORM,0.0634943,0.2036411
636,./node_636_INORM,0.0714195,0.1824515
335,./node_335_INORM,0.1556087,0.0249316
933,./node_933_INORM,0.0667792,0.2117895
659,./node_659_INORM,0.0223305,0.3905559
580,./node_580_INORM,0.0839646,0.1328690
259,./node_259_INORM,0.0000000,0.5000000
483,./node_483_INORM,0.0000000,0.5000000
58,./node_58_INORM,0.0689391,0.1781668
180,./node_180_INORM,0.1145920,0.0692761
112,./node_112_INORM,0.0884527,0.1151137
37,./node_37_INORM,0.0667390,0.1866711
411,./node_411_INORM,0.1080803,0.0843002
830,./node_830_INORM,0.0658984,0.1921050
735,./node_735_INORM,0.0043415,0.4772203
236,./node_236_INORM,0.1328230,0.0450520
360,./node_360_INORM,0.0000000,0.5000000
663,./node_663_INORM,0.0817633,0.1399722
966,./node_966_INORM,0.0760362,0.1831785
547,./node_547_INORM,0.0911214,0.1101391
528,./node_528_INORM,0.0911162,0.1100021
909,./node_909_INORM,0.0696760,0.2035589
128,./node_128_INORM,0.0886115,0.1150949
898,./node_898_INORM,0.0364120,0.3187411
865,./node_865_INORM,0.0328292,0.3344191
263,./node_263_INORM,0.0000000,0.5000000
760,./node_760_INORM,0.0535403,0.2382537
62,./node_62_INORM,0.0748160,0.1590088
444,./node_444_INORM,0.0939469,0.1083536
147,./node_147_INORM,0.0831032,0.1332742
509,./node_509_INORM,0.0000000,0.5000000
928,./node_928_INORM,0.0503875,0.2696200
947,./node_947_INORM,0.0374126,0.3172731
341,./node_341_INORM,0.0000000,0.5000000
642,./node_642_INORM,0.0771795,0.1526884
566,./node_566_INORM,0.0910095,0.1110162
242,./node_242_INORM,0.1314768,0.0474270
741,./node_741_INORM,0.0167632,0.4139006
844,./node_844_INORM,0.0409717,0.3058351
465,./node_465_INORM,0.0000000,0.5000000
43,./node_43_INORM,0.0688383,0.1754320
166,./node_166_INORM,0.1116226,0.0742586
498,./node_498_INORM,0.0000000,0.5000000
109,./node_109_INORM,0.0816126,0.1376769
1022,./node_1022_INORM,0.0619918,0.2258042
848,./node_848_INORM,0.0478017,0.2679409
197,./node_197_INORM,0.0000000,0.5000000
469,./node_469_INORM,0.0000000,0.5000000
494,./node_494_INORM,0.0925083,0.1067475
20,./node_20_INORM,0.0585835,0.2115660
406,./node_406_INORM,0.0000000,0.5000000
105,./node_105_INORM,0.0692279,0.1732793
827,./node_827_INORM,0.0620400,0.2062632
221,./node_221_INORM,0.1252140,0.0559168
722,./node_722_INORM,0.0294967,0.3557496
505,./node_505_INORM,0.0738085,0.1675519
322,./node_322_INORM,0.0608333,0.2217178
621,./node_621_INORM,0.0210032,0.4001746
924,./node_924_INORM,0.0379323,0.3180278
597,./node_597_INORM,0.0751976,0.1597366
427,./node_427_INORM,0.0000000,0.5000000
124,./node_124_INORM,0.0797403,0.1421442
200,./node_200_INORM,0.0884940,0.1202663
703,./node_703_INORM,0.0153341,0.4256137
806,./node_806_INORM,0.0558119,0.2326704
1003,./node_1003_INORM,0.0370240,0.3219336
894,./node_894_INORM,0.0469207,0.2813013
869,./node_869_INORM,0.0357516,0.3261431
791,./node_791_INORM,0.0254062,0.3753534
292,./node_292_INORM,0.0000000,0.5000000
448,./node_448_INORM,0.0000000,0.5000000
93,./node_93_INORM,0.0775955,0.1453081
692,./node_692_INORM,0.0442101,0.2969100
391,./node_391_INORM,0.0000000,0.5000000
997,./node_997_INORM,0.0614420,0.2279613
524,./node_524_INORM,0.0000000,0.5000000
905,./node_905_INORM,0.0386752,0.3148307
303,./node_303_INORM,0.1093258,0.0890018
600,./node_600_INORM,0.0000000,0.5000000
338,./node_338_INORM,0.0000000,0.5000000
570,./node_570_INORM,0.0291806,0.3605140
357,./node_357_INORM,,
654,./node_654_INORM,0.0744685,0.1647076
951,./node_951_INORM,0.0408912,0.3048144
55,./node_55_INORM,0.0533426,0.2312375
473,./node_473_INORM,0.1031362,0.0839255
170,./node_170_INORM,0.0480606,0.2616506
852,./node_852_INORM,0.0395976,0.3012352
254,./node_254_INORM,0.0000000,0.5000000
757,./node_757_INORM,0.0067132,0.4656962
738,./node_738_INORM,0.0129756,0.4325514
551,./node_551_INORM,0.0000000,0.5000000
970,./node_970_INORM,0.0633861,0.2243911
688,./node_688_INORM,0.0000000,0.5000000
376,./node_376_INORM,0.1244869,0.0551191
675,./node_675_INORM,0.0000000,0.5000000
319,./node_319_INORM,0.0000000,0.5000000
719,./node_719_INORM,0.0692032,0.1821948
452,./node_452_INORM,0.0000000,0.5000000
74,./node_74_INORM,0.0513269,0.2388084
151,./node_151_INORM,0.0863769,0.1229474
89,./node_89_INORM,0.0495962,0.2565258
7,./node_7_INORM,0.0617389,0.2041211
275,./node_275_INORM,0.0791207,0.1575943
776,./node_776_INORM,0.0736908,0.1634547
288,./node_288_INORM,0.0000000,0.5000000
1019,./node_1019_INORM,0.0473397,0.2805306
873,./node_873_INORM,0.0355789,0.3205709
810,./node_810_INORM,0.0480351,0.2626877
216,./node_216_INORM,0.1145961,0.0698055
715,./node_715_INORM,0.0000000,0.5000000
17,./node_17_INORM,0.0673919,0.1843295
431,./node_431_INORM,0.0000000,0.5000000
132,./node_132_INORM,0.0290424,0.3515934
78,./node_78_INORM,0.0538070,0.2290939
85,./node_85_INORM,0.0710423,0.1658545
787,./node_787_INORM,0.0409755,0.2994230
279,./node_279_INORM,0.0000000,0.5000000
284,./node_284_INORM,0.0517046,0.2519785
1015,./node_1015_INORM,0.0571791,0.2427701
882,./node_882_INORM,0.0250218,0.3749091
981,./node_981_INORM,0.0381210,0.3170469
684,./node_684_INORM,0.0175461,0.4138881
679,./node_679_INORM,0.0734044,0.1688381
387,./node_387_INORM,0.1103861,0.0881564
315,./node_315_INORM,0.0904242,0.1279436
616,./node_616_INORM,0.0084991,0.4578586
913,./node_913_INORM,0.0447560,0.2905313
532,./node_532_INORM,0.0939276,0.1029968
181,./node_181_INORM,0.0000000,0.5000000
59,./node_59_INORM,0.0737006,0.1564824
482,./node_482_INORM,0.1002102,0.0955708
258,./node_258_INORM,0.0000000,0.5000000
237,./node_237_INORM,0.0000000,0.5000000
734,./node_734_INORM,0.0000000,0.5000000
831,./node_831_INORM,0.0293391,0.3643579
410,./node_410_INORM,0.1185523,0.0630384
36,./node_36_INORM,0.0587629,0.2097649
113,./node_113_INORM,0.0635243,0.1985106
932,./node_932_INORM,0.0546290,0.2525008
334,./node_334_INORM,0.1532537,0.0266002
637,./node_637_INORM,0.0269977,0.3749864
513,./node_513_INORM,0.0976965,0.0969094
581,./node_581_INORM,0.0000000,0.5000000
658,./node_658_INORM,0.0414636,0.3074846
409,./node_409_INORM,0.1261911,0.0515654
828,./node_828_INORM,0.0190058,0.4105766
742,./node_742_INORM,0.0628639,0.2014362
241,./node_241_INORM,0.0000000,0.5000000
847,./node_847_INORM,0.0295262,0.3579988
165,./node_165_INORM,0.0000000,0.5000000
198,./node_198_INORM,0.1005566,0.0929872
466,./node_466_INORM,0.0000000,0.5000000
40,./node_40_INORM,0.0536930,0.2307451
944,./node_944_INORM,0.0798543,0.1711145
641,./node_641_INORM,0.0664945,0.1971947
342,./node_342_INORM,0.1316037,0.0499392
598,./node_598_INORM,0.0000000,0.5000000
565,./node_565_INORM,0.0783220,0.1494988
866,./node_866_INORM,0.0429061,0.2891983
763,./node_763_INORM,0.0630131,0.2034767
260,./node_260_INORM,0.1042224,0.0921407
144,./node_144_INORM,0.0813766,0.1373662
61,./node_61_INORM,0.0698526,0.1761312
447,./node_447_INORM,0.0124875,0.4380316
428,./node_428_INORM,0.1130998,0.0731828
809,./node_809_INORM,0.0667245,0.1886189
660,./node_660_INORM,0.0000000,0.5000000
363,./node_363_INORM,0.1277220,0.0594842
965,./node_965_INORM,0.0753187,0.1838061
998,./node_998_INORM,0.0534642,0.2566145
544,./node_544_INORM,0.0877733,0.1176130
527,./node_527_INORM,0.0121695,0.4392288
906,./node_906_INORM,0.0469516,0.2880378
603,./node_603_INORM,0.0602434,0.2215626
300,./node_300_INORM,0.1374616,0.0409562
392,./node_392_INORM,0.0000000,0.5000000
691,./node_691_INORM,0.0251824,0.3816167
969,./node_969_INORM,0.0351891,0.3302627
994,./node_994_INORM,0.0632997,0.2225709
548,./node_548_INORM,0.0638698,0.2013354
897,./node_897_INORM,0.0603920,0.2359490
1000,./node_1000_INORM,0.0728171,0.1905749
291,./node_291_INORM,,
792,./node_792_INORM,0.0608560,0.2109911
148,./node_148_INORM,0.0931912,0.1052454
90,./node_90_INORM,0.0470579,0.2683047
127,./node_127_INORM,0.0745323,0.1572028
424,./node_424_INORM,0.0415463,0.3001658
700,./node_700_INORM,0.0000000,0.5000000
203,./node_203_INORM,0.0875096,0.1282668
805,./node_805_INORM,0.0218724,0.3943813
948,./node_948_INORM,0.0491253,0.2705464
594,./node_594_INORM,0.0766476,0.1550204
569,./node_569_INORM,0.0000000,0.5000000
506,./node_506_INORM,0.0866273,0.1267773
622,./node_622_INORM,0.0810975,0.1394060
321,./node_321_INORM,0.1533696,0.0282456
927,./node_927_INORM,0.0715588,0.1960762
106,./node_106_INORM,0.0645743,0.1877763
23,./node_23_INORM,0.0699431,0.1764648
405,./node_405_INORM,0.0000000,0.5000000
824,./node_824_INORM,0.0282970,0.3658470
721,./node_721_INORM,0.0066148,0.4654570
222,./node_222_INORM,0.1252540,0.0549834
1021,./node_1021_INORM,0.0436070,0.2962561
169,./node_169_INORM,0.0299853,0.3465808
497,./node_497_INORM,0.0000000,0.5000000
194,./node_194_INORM,0.1243060,0.0567500
152,./node_152_INORM,0.0688802,0.1789347
451,./node_451_INORM,0.1046782,0.0829156
77,./node_77_INORM,0.0724040,0.1600892
775,./node_775_INORM,0.0685576,0.1823348
4,./node_4_INORM,0.0543533,0.2310821
788,./node_788_INORM,0.0298682,0.3575276
276,./node_276_INORM,0.1392473,0.0418202
870,./node_870_INORM,0.0549557,0.2519899
219,./node_219_INORM,0.0000000,0.5000000
18,./node_18_INORM,0.0530741,0.2370116
619,./node_619_INORM,0.0000000,0.5000000
552,./node_552_INORM,0.0000000,0.5000000
973,./node_973_INORM,0.0327623,0.3401511
676,./node_676_INORM,0.0327233,0.3415109
388,./node_388_INORM,0.1292766,0.0490140
375,./node_375_INORM,0.0000000,0.5000000
238,./node_238_INORM,0.1206324,0.0628017
39,./node_39_INORM,0.0706016,0.1702590
173,./node_173_INORM,0.1065622,0.0824082
56,./node_56_INORM,0.0562659,0.2208743
470,./node_470_INORM,0.0627853,0.2136443
851,./node_851_INORM,0.0186135,0.4068776
754,./node_754_INORM,0.0397180,0.3066414
257,./node_257_INORM,0.1290120,0.0507016
573,./node_573_INORM,0.0683457,0.1875083
657,./node_657_INORM,0.0000000,0.5000000
354,./node_354_INORM,0.0000000,0.5000000
952,./node_952_INORM,0.0474878,0.2820198
638,./node_638_INORM,0.0061422,0.4683181
582,./node_582_INORM,0.0128643,0.4400728
358,./node_358_INORM,0.1462052,0.0310347
931,./node_931_INORM,0.0315589,0.3435705
634,./node_634_INORM,0.0000000,0.5000000
337,./node_337_INORM,0.0000000,0.5000000
510,./node_510_INORM,0.0000000,0.5000000
737,./node_737_INORM,0.0042672,0.4778710
234,./node_234_INORM,0.0000000,0.5000000
832,./node_832_INORM,0.0253314,0.3735371
110,./node_110_INORM,0.0499483,0.2541294
413,./node_413_INORM,0.0063858,0.4679896
35,./node_35_INORM,0.0665645,0.1895236
481,./node_481_INORM,0.0225347,0.3873641
182,./node_182_INORM,0.0000000,0.5000000
758,./node_758_INORM,0.0362635,0.3213780
615,./node_615_INORM,0.0790493,0.1470170
316,./node_316_INORM,0.0000000,0.5000000
910,./node_910_INORM,0.0348416,0.3316832
531,./node_531_INORM,0.0914378,0.1139691
982,./node_982_INORM,0.0740108,0.1878106
384,./node_384_INORM,0.1146758,0.0751712
687,./node_687_INORM,0.0832082,0.1335386
379,./node_379_INORM,,
86,./node_86_INORM,0.0775541,0.1493327
779,./node_779_INORM,0.0199578,0.3980495
287,./node_287_INORM,0.1243959,0.0609746
784,./node_784_INORM,0.0497912,0.2565692
8,./node_8_INORM,0.0627582,0.2003665
881,./node_881_INORM,0.0357713,0.3303361
1016,./node_1016_INORM,0.0470346,0.2820034
813,./node_813_INORM,0.0621993,0.2063307
716,./node_716_INORM,0.0631821,0.2058258
215,./node_215_INORM,0.0965262,0.1129652
131,./node_131_INORM,0.0270612,0.3622882
14,./node_14_INORM,0.0694930,0.1762136
432,./node_432_INORM,0.1047053,0.0846212
564,./node_564_INORM,0.0747220,0.1633023
599,./node_599_INORM,0.0139293,0.4324195
343,./node_343_INORM,0.0000000,0.5000000
640,./node_640_INORM,0.0887613,0.1181790
945,./node_945_INORM,0.0813465,0.1675376
829,./node_829_INORM,0.0499645,0.2725283
408,./node_408_INORM,0.0000000,0.5000000
41,./node_41_INORM,0.0680398,0.1764461
467,./node_467_INORM,0.0000000,0.5000000
199,./node_199_INORM,0.0044859,0.4767033
164,./node_164_INORM,0.0760417,0.1570996
846,./node_846_INORM,0.0378150,0.3267741
240,./node_240_INORM,0.1131449,0.0735482
743,./node_743_INORM,0.0375775,0.3224682
545,./node_545_INORM,0.0948695,0.1027332
999,./node_999_INORM,0.0725591,0.1916255
964,./node_964_INORM,0.0600200,0.2342012
362,./node_362_INORM,0.1369079,0.0400311
661,./node_661_INORM,0.0685514,0.1954514
446,./node_446_INORM,0.0000000,0.5000000
60,./node_60_INORM,0.0488088,0.2499619
145,./node_145_INORM,0.0357253,0.3189573
261,./node_261_INORM,0.1409072,0.0420302
762,./node_762_INORM,0.0161820,0.4172773
867,./node_867_INORM,0.0392592,0.3047094
808,./node_808_INORM,0.0222714,0.3879196
429,./node_429_INORM,0.0000000,0.5000000
91,./node_91_INORM,0.0597078,0.2063777
149,./node_149_INORM,0.0848197,0.1268299
793,./node_793_INORM,0.0113563,0.4439420
290,./node_290_INORM,0.1228872,0.0617161
1001,./node_1001_INORM,0.0491815,0.2726227
896,./node_896_INORM,0.0431435,0.2972289
804,./node_804_INORM,0.0283503,0.3600661
202,./node_202_INORM,0.0000000,0.5000000
701,./node_701_INORM,0.0537541,0.2558003
425,./node_425_INORM,0.0000000,0.5000000
126,./node_126_INORM,0.0647238,0.1942991
301,./node_301_INORM,0.0000000,0.5000000
602,./node_602_INORM,0.0534727,0.2522872
907,./node_907_INORM,0.0351952,0.3286231
526,./node_526_INORM,0.0000000,0.5000000
549,./node_549_INORM,0.0154599,0.4269982
995,./node_995_INORM,0.0700357,0.1999704
968,./node_968_INORM,0.0357679,0.3285922
690,./node_690_INORM,0.0654414,0.1946688
393,./node_393_INORM,0.0979110,0.1105800
223,./node_223_INORM,0.0000000,0.5000000
720,./node_720_INORM,0.0056670,0.4718703
825,./node_825_INORM,0.0097106,0.4508239
404,./node_404_INORM,0.0000000,0.5000000
22,./node_22_INORM,0.0664585,0.1883887
107,./node_107_INORM,0.0467877,0.2691494
195,./node_195_INORM,0.1143066,0.0719213
496,./node_496_INORM,0.0000000,0.5000000
168,./node_168_INORM,0.0000000,0.5000000
1020,./node_1020_INORM,0.0678095,0.2057557
568,./node_568_INORM,0.0000000,0.5000000
595,./node_595_INORM,0.0000082,0.5000000
949,./node_949_INORM,0.0295044,0.3517853
926,./node_926_INORM,0.0430876,0.2981548
320,./node_320_INORM,0.0000000,0.5000000
623,./node_623_INORM,0.0000000,0.5000000
507,./node_507_INORM,0.0000000,0.5000000
618,./node_618_INORM,0.0399830,0.3089140
374,./node_374_INORM,0.1203788,0.0622412
389,./node_389_INORM,0.0001864,0.4992021
677,./node_677_INORM,0.0494804,0.2728619
972,./node_972_INORM,0.0555437,0.2496829
553,./node_553_INORM,0.0478603,0.2713512
871,./node_871_INORM,0.0224147,0.3887707
277,./node_277_INORM,0.0000000,0.5000000
789,./node_789_INORM,0.0377266,0.3154826
5,./node_5_INORM,0.0612973,0.2042432
774,./node_774_INORM,0.0442365,0.2843721
76,./node_76_INORM,0.0684735,0.1806730
450,./node_450_INORM,0.1092915,0.0746525
153,./node_153_INORM,0.0386137,0.3074357
19,./node_19_INORM,0.0607877,0.2043546
218,./node_218_INORM,0.0000000,0.5000000
953,./node_953_INORM,0.0594592,0.2375408
355,./node_355_INORM,0.0000000,0.5000000
656,./node_656_INORM,0.1020973,0.0865228
572,./node_572_INORM,0.0346692,0.3338781
639,./node_639_INORM,0.0795343,0.1480313
38,./node_38_INORM,0.0692752,0.1763610
239,./node_239_INORM,0.0000000,0.5000000
256,./node_256_INORM,0.0000000,0.5000000
755,./node_755_INORM,0.0093483,0.4529936
850,./node_850_INORM,0.0390312,0.3047952
471,./node_471_INORM,0.0000000,0.5000000
57,./node_57_INORM,0.0635845,0.1940839
172,./node_172_INORM,0.0000000,0.5000000
34,./node_34_INORM,0.0695622,0.1719630
412,./node_412_INORM,0.0000000,0.5000000
111,./node_111_INORM,0.0800632,0.1417189
833,./node_833_INORM,0.0528191,0.2583338
235,./node_235_INORM,0.0000000,0.5000000
736,./node_736_INORM,0.0503701,0.2592630
759,./node_759_INORM,0.0317510,0.3460721
183,./node_183_INORM,0.1087606,0.0792257
480,./node_480_INORM,0.0994396,0.0962270
359,./node_359_INORM,0.0000000,0.5000000
583,./node_583_INORM,0.0000000,0.5000000
511,./node_511_INORM,0.1011641,0.0878801
336,./node_336_INORM,0.0594718,0.2330023
635,./node_635_INORM,0.0226871,0.3918854
930,./node_930_INORM,0.0783908,0.1769701
1017,./node_1017_INORM,0.0639638,0.2186073
880,./node_880_INORM,0.0620860,0.2268448
9,./node_9_INORM,0.0615086,0.2045473
785,./node_785_INORM,0.0298803,0.3553635
286,./node_286_INORM,0.1395526,0.0402203
778,./node_778_INORM,0.0000000,0.5000000
87,./node_87_INORM,0.0690825,0.1741518
433,./node_433_INORM,0.1117472,0.0712712
15,./node_15_INORM,0.0673299,0.1841220
130,./node_130_INORM,0.0500327,0.2538178
214,./node_214_INORM,0.0000000,0.5000000
717,./node_717_INORM,0.0903454,0.1134958
812,./node_812_INORM,0.0294561,0.3519561
530,./node_530_INORM,0.0297783,0.3513560
911,./node_911_INORM,0.0288057,0.3548094
317,./node_317_INORM,0.0236513,0.3818182
614,./node_614_INORM,0.0913098,0.1097415
378,./node_378_INORM,0.1247981,0.0560762
686,./node_686_INORM,0.0000000,0.5000000
385,./node_385_INORM,0.0221930,0.3893286
983,./node_983_INORM,0.0659114,0.2160489
