node,name,H2r,rp
875,./node_875_INORM,0.2517300,0.0001390
888,./node_888_INORM,0.2846496,0.0000314
770,./node_770_INORM,0.0854304,0.0999352
273,./node_273_INORM,0.0000000,0.5000000
1319,./node_1319_INORM,0.2874275,0.0000152
157,./node_157_INORM,0.0656788,0.1968737
454,./node_454_INORM,0.0000000,0.5000000
138,./node_138_INORM,0.0000000,0.5000000
1970,./node_1970_INORM,0.0000000,0.5000000
1376,./node_1376_INORM,0.0859256,0.1090469
1688,./node_1688_INORM,0.0914282,0.1085795
1675,./node_1675_INORM,0.1298723,0.0434171
1551,./node_1551_INORM,0.1880433,0.0027541
1052,./node_1052_INORM,0.0000000,0.5000000
34,./node_34_INORM,0.0246707,0.3777739
1275,./node_1275_INORM,0.2961518,0.0000088
1288,./node_1288_INORM,0.0000000,0.5000000
1776,./node_1776_INORM,0.0765916,0.1512696
2020,./node_2020_INORM,0.0000000,0.5000000
1873,./node_1873_INORM,0.0043639,0.4755462
538,./node_538_INORM,0.0000000,0.5000000
919,./node_919_INORM,0.0000000,0.5000000
1452,./node_1452_INORM,0.0000000,0.5000000
1151,./node_1151_INORM,0.0000000,0.5000000
673,./node_673_INORM,0.0713432,0.1638027
370,./node_370_INORM,0.0131425,0.4312859
976,./node_976_INORM,0.0000000,0.5000000
557,./node_557_INORM,0.0619425,0.2001681
1719,./node_1719_INORM,0.1343350,0.0412556
1357,./node_1357_INORM,0.1326965,0.0439404
1654,./node_1654_INORM,0.1142448,0.0634585
119,./node_119_INORM,0.0435722,0.2683597
1951,./node_1951_INORM,0.0176354,0.4014841
1570,./node_1570_INORM,0.0000000,0.5000000
1073,./node_1073_INORM,0.2516267,0.0001148
15,./node_15_INORM,0.1012446,0.0873629
751,./node_751_INORM,0.0015540,0.4905433
252,./node_252_INORM,0.0137941,0.4203502
87,./node_87_INORM,0.0857858,0.1336730
854,./node_854_INORM,0.0844928,0.1116517
176,./node_176_INORM,0.0000000,0.5000000
488,./node_488_INORM,0.0021221,0.4874370
475,./node_475_INORM,0.0008035,0.4953477
1338,./node_1338_INORM,0.0000000,0.5000000
957,./node_957_INORM,0.2845153,0.0000222
652,./node_652_INORM,0.0788192,0.1410547
351,./node_351_INORM,0.0000000,0.5000000
1738,./node_1738_INORM,0.0000000,0.5000000
576,./node_576_INORM,0.0000000,0.5000000
2001,./node_2001_INORM,0.0578780,0.2097627
1852,./node_1852_INORM,0.0577948,0.2134698
519,./node_519_INORM,0.0000000,0.5000000
1254,./node_1254_INORM,0.1948951,0.0050681
1757,./node_1757_INORM,0.0931866,0.1166303
938,./node_938_INORM,0.0047012,0.4736648
1473,./node_1473_INORM,0.0000000,0.5000000
1170,./node_1170_INORM,0.0420108,0.2922142
1410,./node_1410_INORM,0.2176685,0.0022062
1113,./node_1113_INORM,0.2381930,0.0002336
1237,./node_1237_INORM,0.1900431,0.0060006
1734,./node_1734_INORM,0.1080315,0.0779029
587,./node_587_INORM,0.0000000,0.5000000
1831,./node_1831_INORM,0.0683198,0.1795423
515,./node_515_INORM,0.0000000,0.5000000
1258,./node_1258_INORM,0.1874277,0.0073104
631,./node_631_INORM,0.0917524,0.1085453
332,./node_332_INORM,0.0000000,0.5000000
1181,./node_1181_INORM,0.1704160,0.0121214
934,./node_934_INORM,0.3067381,0.0000064
1482,./node_1482_INORM,0.1276448,0.0448057
1658,./node_1658_INORM,0.1621067,0.0210705
115,./node_115_INORM,0.0000000,0.5000000
416,./node_416_INORM,0.0000000,0.5000000
837,./node_837_INORM,0.0000000,0.5000000
1082,./node_1082_INORM,0.0808898,0.1274784
19,./node_19_INORM,0.0613331,0.2090233
1581,./node_1581_INORM,0.1691104,0.0142939
732,./node_732_INORM,0.1542752,0.0153992
231,./node_231_INORM,0.0097038,0.4505364
858,./node_858_INORM,0.0347916,0.2996113
1513,./node_1513_INORM,0.0000000,0.5000000
76,./node_76_INORM,0.0819391,0.1289541
1010,./node_1010_INORM,0.1930550,0.0022982
484,./node_484_INORM,0.0000000,0.5000000
1932,./node_1932_INORM,0.0517080,0.2329411
187,./node_187_INORM,0.0912327,0.1004436
479,./node_479_INORM,0.0119682,0.4316252
1334,./node_1334_INORM,0.1160538,0.0685647
1637,./node_1637_INORM,0.1233877,0.0386844
1279,./node_1279_INORM,0.0000000,0.5000000
1787,./node_1787_INORM,0.1023825,0.0736032
1284,./node_1284_INORM,0.0000000,0.5000000
1882,./node_1882_INORM,0.0000000,0.5000000
534,./node_534_INORM,0.0000000,0.5000000
915,./node_915_INORM,0.0000000,0.5000000
610,./node_610_INORM,0.0000000,0.5000000
313,./node_313_INORM,0.0540924,0.2307373
381,./node_381_INORM,0.0568361,0.2134666
682,./node_682_INORM,0.0320995,0.3148322
1431,./node_1431_INORM,0.2407468,0.0002053
987,./node_987_INORM,0.0000000,0.5000000
1132,./node_1132_INORM,0.3029802,0.0000076
2043,./node_2043_INORM,0.0000000,0.5000000
1810,./node_1810_INORM,0.0701375,0.1702885
1216,./node_1216_INORM,0.1684234,0.0066229
1715,./node_1715_INORM,0.2107459,0.0013031
879,./node_879_INORM,0.0000000,0.5000000
1532,./node_1532_INORM,0.0485516,0.2712995
57,./node_57_INORM,0.0165870,0.4145715
1031,./node_1031_INORM,0.0249232,0.3579731
884,./node_884_INORM,0.0000000,0.5000000
282,./node_282_INORM,0.0000000,0.5000000
781,./node_781_INORM,0.0000000,0.5000000
1315,./node_1315_INORM,0.2642979,0.0000556
1616,./node_1616_INORM,0.0481933,0.2476566
1913,./node_1913_INORM,0.0371654,0.3014406
458,./node_458_INORM,0.0000000,0.5000000
134,./node_134_INORM,0.0775651,0.1539409
1981,./node_1981_INORM,0.1094078,0.0629533
437,./node_437_INORM,0.0000000,0.5000000
1684,./node_1684_INORM,0.0879290,0.1183127
1387,./node_1387_INORM,0.1980901,0.0044306
1679,./node_1679_INORM,0.0606544,0.1941772
713,./node_713_INORM,0.1226441,0.0365641
210,./node_210_INORM,0.0739423,0.1473961
816,./node_816_INORM,0.2399015,0.0003911
38,./node_38_INORM,0.1131729,0.0657160
728,./node_728_INORM,0.0166132,0.3991914
1566,./node_1566_INORM,0.1110177,0.0559784
1098,./node_1098_INORM,0.0665192,0.1841595
1065,./node_1065_INORM,0.0979546,0.0806829
1947,./node_1947_INORM,0.0812358,0.1275080
1341,./node_1341_INORM,0.0616321,0.2201712
1642,./node_1642_INORM,0.2259827,0.0005397
160,./node_160_INORM,0.0994295,0.0898200
1928,./node_1928_INORM,0.0000000,0.5000000
463,./node_463_INORM,0.0000000,0.5000000
842,./node_842_INORM,0.0000000,0.5000000
1509,./node_1509_INORM,0.2156550,0.0024815
91,./node_91_INORM,0.0000000,0.5000000
747,./node_747_INORM,0.0765801,0.1250538
244,./node_244_INORM,0.0278231,0.3659951
560,./node_560_INORM,0.0000000,0.5000000
644,./node_644_INORM,0.1246957,0.0437614
347,./node_347_INORM,0.0308495,0.3379394
941,./node_941_INORM,0.1420791,0.0201003
1109,./node_1109_INORM,0.0000000,0.5000000
1465,./node_1465_INORM,0.1716339,0.0114538
1498,./node_1498_INORM,0.0000000,0.5000000
1166,./node_1166_INORM,0.2081277,0.0010726
328,./node_328_INORM,0.0000000,0.5000000
1242,./node_1242_INORM,0.1611118,0.0095021
1741,./node_1741_INORM,0.0793355,0.1410495
2017,./node_2017_INORM,0.0191392,0.3930956
1844,./node_1844_INORM,0.0736077,0.1668629
141,./node_141_INORM,0.1127375,0.0600584
3,./node_3_INORM,0.1191138,0.0536689
1909,./node_1909_INORM,0.0392249,0.2924883
442,./node_442_INORM,0.0000000,0.5000000
766,./node_766_INORM,0.2453890,0.0003487
298,./node_298_INORM,0.0000000,0.5000000
265,./node_265_INORM,0.0547393,0.2384648
863,./node_863_INORM,0.0000000,0.5000000
1528,./node_1528_INORM,0.1934573,0.0062417
1547,./node_1547_INORM,0.1893607,0.0074095
22,./node_22_INORM,0.1229086,0.0496817
1044,./node_1044_INORM,0.0788170,0.1255399
709,./node_709_INORM,0.0438774,0.2585114
1360,./node_1360_INORM,0.0000000,0.5000000
1663,./node_1663_INORM,0.0000000,0.5000000
1966,./node_1966_INORM,0.0000000,0.5000000
309,./node_309_INORM,0.0000000,0.5000000
1444,./node_1444_INORM,0.0000000,0.5000000
1147,./node_1147_INORM,0.0841226,0.1365268
2036,./node_2036_INORM,0.0000000,0.5000000
1898,./node_1898_INORM,0.0327582,0.3230573
1865,./node_1865_INORM,0.0000000,0.5000000
1263,./node_1263_INORM,0.0000000,0.5000000
1760,./node_1760_INORM,0.0461635,0.2642015
541,./node_541_INORM,0.0297165,0.3501510
960,./node_960_INORM,0.2524196,0.0001265
1128,./node_1128_INORM,0.0325519,0.3237934
665,./node_665_INORM,0.1129927,0.0629158
698,./node_698_INORM,0.1743818,0.0083472
366,./node_366_INORM,0.0157040,0.4168952
606,./node_606_INORM,0.0939009,0.1009551
305,./node_305_INORM,0.0000000,0.5000000
903,./node_903_INORM,0.0000000,0.5000000
1448,./node_1448_INORM,0.0994008,0.0699546
1894,./node_1894_INORM,0.0199710,0.3894570
1869,./node_1869_INORM,0.0496927,0.2458015
522,./node_522_INORM,0.0450216,0.2831732
1791,./node_1791_INORM,0.0823373,0.1435165
1292,./node_1292_INORM,0.0000000,0.5000000
1200,./node_1200_INORM,0.1523999,0.0236591
1703,./node_1703_INORM,0.1316875,0.0433863
1806,./node_1806_INORM,0.0000000,0.5000000
1427,./node_1427_INORM,0.0000000,0.5000000
1124,./node_1124_INORM,0.0000000,0.5000000
991,./node_991_INORM,0.2159932,0.0007307
669,./node_669_INORM,0.1363644,0.0300714
397,./node_397_INORM,0.0052355,0.4707102
694,./node_694_INORM,0.0000000,0.5000000
1905,./node_1905_INORM,0.0020858,0.4883980
1303,./node_1303_INORM,0.0356800,0.3278804
1600,./node_1600_INORM,0.1598521,0.0178203
294,./node_294_INORM,0.0627438,0.1964523
797,./node_797_INORM,0.0000000,0.5000000
269,./node_269_INORM,0.0088609,0.4485395
1524,./node_1524_INORM,0.2039704,0.0037850
892,./node_892_INORM,0.0000000,0.5000000
1027,./node_1027_INORM,0.0080751,0.4526426
41,./node_41_INORM,0.0579375,0.2222321
800,./node_800_INORM,0.2316010,0.0004306
1048,./node_1048_INORM,0.0150225,0.4161511
705,./node_705_INORM,0.0000000,0.5000000
206,./node_206_INORM,0.0501790,0.2681320
1692,./node_1692_INORM,0.0543915,0.2337232
1391,./node_1391_INORM,0.2727859,0.0000345
1997,./node_1997_INORM,0.0000000,0.5000000
122,./node_122_INORM,0.1158863,0.0537323
421,./node_421_INORM,0.0000000,0.5000000
591,./node_591_INORM,0.0492082,0.2409102
1827,./node_1827_INORM,0.0000000,0.5000000
1221,./node_1221_INORM,0.0185478,0.3971830
1722,./node_1722_INORM,0.0051364,0.4712568
648,./node_648_INORM,0.0202373,0.3824515
1406,./node_1406_INORM,0.0286941,0.3626324
1105,./node_1105_INORM,0.0181336,0.4023062
922,./node_922_INORM,0.0013336,0.4917665
1469,./node_1469_INORM,0.0810933,0.1603824
1197,./node_1197_INORM,0.1426966,0.0328567
1494,./node_1494_INORM,0.0000000,0.5000000
627,./node_627_INORM,0.1175654,0.0514580
324,./node_324_INORM,0.0000000,0.5000000
1848,./node_1848_INORM,0.0653506,0.1873901
503,./node_503_INORM,0.0000000,0.5000000
724,./node_724_INORM,0.1236696,0.0352167
227,./node_227_INORM,0.0327701,0.3402151
1094,./node_1094_INORM,0.0000000,0.5000000
821,./node_821_INORM,0.0000000,0.5000000
1597,./node_1597_INORM,0.0000000,0.5000000
1069,./node_1069_INORM,0.2239742,0.0004816
103,./node_103_INORM,0.0000000,0.5000000
400,./node_400_INORM,0.0000000,0.5000000
1322,./node_1322_INORM,0.0000000,0.5000000
1621,./node_1621_INORM,0.1497203,0.0250672
492,./node_492_INORM,0.0468799,0.2545443
191,./node_191_INORM,0.0445413,0.2883672
1924,./node_1924_INORM,0.0201742,0.3902607
1505,./node_1505_INORM,0.2184033,0.0023989
1006,./node_1006_INORM,0.0000000,0.5000000
60,./node_60_INORM,0.1208003,0.0458007
248,./node_248_INORM,0.0559557,0.2115075
1150,./node_1150_INORM,0.0928468,0.0920551
1453,./node_1453_INORM,0.0000000,0.5000000
918,./node_918_INORM,0.1606890,0.0084932
539,./node_539_INORM,0.0000000,0.5000000
1872,./node_1872_INORM,0.1640010,0.0091501
2021,./node_2021_INORM,0.0000000,0.5000000
1777,./node_1777_INORM,0.0000000,0.5000000
1289,./node_1289_INORM,0.1981410,0.0044693
1274,./node_1274_INORM,0.0000000,0.5000000
1718,./node_1718_INORM,0.0721605,0.1658171
556,./node_556_INORM,0.0058407,0.4651285
977,./node_977_INORM,0.0000000,0.5000000
371,./node_371_INORM,0.0000000,0.5000000
672,./node_672_INORM,0.1672200,0.0089026
455,./node_455_INORM,0.0000000,0.5000000
156,./node_156_INORM,0.0000000,0.5000000
1318,./node_1318_INORM,0.0077862,0.4556495
272,./node_272_INORM,0.0000000,0.5000000
771,./node_771_INORM,0.0248311,0.3552109
889,./node_889_INORM,0.0000000,0.5000000
874,./node_874_INORM,0.2402100,0.0003004
1053,./node_1053_INORM,0.0000000,0.5000000
35,./node_35_INORM,0.1170491,0.0568790
1550,./node_1550_INORM,0.1606167,0.0102354
1674,./node_1674_INORM,0.0861111,0.1042003
1689,./node_1689_INORM,0.0976442,0.0945225
1377,./node_1377_INORM,0.1261124,0.0510785
1971,./node_1971_INORM,0.0676301,0.1718182
139,./node_139_INORM,0.0000000,0.5000000
577,./node_577_INORM,0.0000000,0.5000000
1739,./node_1739_INORM,0.0000000,0.5000000
350,./node_350_INORM,0.0201598,0.3912824
653,./node_653_INORM,0.1054347,0.0757681
956,./node_956_INORM,0.0000000,0.5000000
1171,./node_1171_INORM,0.1489571,0.0256354
1472,./node_1472_INORM,0.1987845,0.0044146
939,./node_939_INORM,0.2967971,0.0000139
1756,./node_1756_INORM,0.0825818,0.1338879
1255,./node_1255_INORM,0.2962380,0.0000093
518,./node_518_INORM,0.0000000,0.5000000
1853,./node_1853_INORM,0.1991292,0.0023429
2000,./node_2000_INORM,0.0666306,0.1756386
1072,./node_1072_INORM,0.1754580,0.0050056
14,./node_14_INORM,0.0735805,0.1751574
1571,./node_1571_INORM,0.1849150,0.0075889
1950,./node_1950_INORM,0.0000000,0.5000000
118,./node_118_INORM,0.1137421,0.0559322
1655,./node_1655_INORM,0.0000000,0.5000000
1356,./node_1356_INORM,0.2495105,0.0001219
1339,./node_1339_INORM,0.2029890,0.0042380
474,./node_474_INORM,0.0000000,0.5000000
489,./node_489_INORM,0.0000000,0.5000000
177,./node_177_INORM,0.0511058,0.2552529
86,./node_86_INORM,0.0000000,0.5000000
855,./node_855_INORM,0.2149827,0.0008264
253,./node_253_INORM,0.0000000,0.5000000
750,./node_750_INORM,0.2156219,0.0015548
230,./node_230_INORM,0.0000000,0.5000000
733,./node_733_INORM,0.1735544,0.0063177
18,./node_18_INORM,0.1399012,0.0283554
1580,./node_1580_INORM,0.1052283,0.0789568
1083,./node_1083_INORM,0.1446282,0.0174471
836,./node_836_INORM,0.0433086,0.2525459
417,./node_417_INORM,0.0000000,0.5000000
114,./node_114_INORM,0.0000000,0.5000000
1659,./node_1659_INORM,0.1912756,0.0024441
1636,./node_1636_INORM,0.1511290,0.0236615
1335,./node_1335_INORM,0.1585337,0.0182489
478,./node_478_INORM,0.0000000,0.5000000
186,./node_186_INORM,0.0739900,0.1673897
1933,./node_1933_INORM,0.0000000,0.5000000
485,./node_485_INORM,0.0000000,0.5000000
77,./node_77_INORM,0.1269370,0.0388199
1011,./node_1011_INORM,0.0000000,0.5000000
1512,./node_1512_INORM,0.2162180,0.0029430
859,./node_859_INORM,0.1477497,0.0151834
1830,./node_1830_INORM,0.1855569,0.0039064
586,./node_586_INORM,0.0000000,0.5000000
1735,./node_1735_INORM,0.0181049,0.4100861
1236,./node_1236_INORM,0.1392374,0.0358976
1112,./node_1112_INORM,0.0583874,0.2184240
1411,./node_1411_INORM,0.2175698,0.0020598
1483,./node_1483_INORM,0.2202864,0.0018866
935,./node_935_INORM,0.2840154,0.0000253
1180,./node_1180_INORM,0.0822401,0.1192417
333,./node_333_INORM,0.0181465,0.4094590
630,./node_630_INORM,0.0000000,0.5000000
1259,./node_1259_INORM,0.2064191,0.0033063
514,./node_514_INORM,0.0000000,0.5000000
459,./node_459_INORM,0.0000000,0.5000000
1912,./node_1912_INORM,0.0304208,0.3347583
1617,./node_1617_INORM,0.0115242,0.4352001
1314,./node_1314_INORM,0.2843427,0.0000199
780,./node_780_INORM,0.0000000,0.5000000
283,./node_283_INORM,0.0000000,0.5000000
56,./node_56_INORM,0.0716566,0.1838471
885,./node_885_INORM,0.0000000,0.5000000
1030,./node_1030_INORM,0.2770359,0.0000298
1533,./node_1533_INORM,0.0000000,0.5000000
878,./node_878_INORM,0.2565810,0.0001350
39,./node_39_INORM,0.1143806,0.0576815
817,./node_817_INORM,0.2742438,0.0000686
211,./node_211_INORM,0.0817717,0.1286336
712,./node_712_INORM,0.0408767,0.2692127
1678,./node_1678_INORM,0.1313181,0.0419892
1386,./node_1386_INORM,0.2137371,0.0025882
1685,./node_1685_INORM,0.1125617,0.0672042
436,./node_436_INORM,0.0000000,0.5000000
1980,./node_1980_INORM,0.0000000,0.5000000
135,./node_135_INORM,0.0867792,0.1087536
312,./node_312_INORM,0.0628039,0.1917357
611,./node_611_INORM,0.0000000,0.5000000
914,./node_914_INORM,0.0000000,0.5000000
535,./node_535_INORM,0.0000000,0.5000000
1883,./node_1883_INORM,0.0722362,0.1539792
1285,./node_1285_INORM,0.2240237,0.0004968
1786,./node_1786_INORM,0.0000000,0.5000000
1278,./node_1278_INORM,0.0458878,0.2547086
1714,./node_1714_INORM,0.1367701,0.0377231
1217,./node_1217_INORM,0.1095650,0.0710120
1811,./node_1811_INORM,0.0000000,0.5000000
2042,./node_2042_INORM,0.0000000,0.5000000
1133,./node_1133_INORM,0.0358189,0.3141248
986,./node_986_INORM,0.0520440,0.2323906
1430,./node_1430_INORM,0.0756727,0.1403684
683,./node_683_INORM,0.1624678,0.0124302
380,./node_380_INORM,0.0000000,0.5000000
1108,./node_1108_INORM,0.2535672,0.0001005
940,./node_940_INORM,0.0000000,0.5000000
346,./node_346_INORM,0.0000000,0.5000000
645,./node_645_INORM,0.0999127,0.0872365
561,./node_561_INORM,0.0000000,0.5000000
1845,./node_1845_INORM,0.0000000,0.5000000
2016,./node_2016_INORM,0.0261307,0.3574908
1740,./node_1740_INORM,0.0994849,0.0959051
1243,./node_1243_INORM,0.2968569,0.0000097
329,./node_329_INORM,0.0072618,0.4652741
1167,./node_1167_INORM,0.1994259,0.0017453
1499,./node_1499_INORM,0.2192789,0.0023302
1464,./node_1464_INORM,0.2711248,0.0000441
1643,./node_1643_INORM,0.1862497,0.0092268
1340,./node_1340_INORM,0.0526072,0.2218421
1946,./node_1946_INORM,0.0115880,0.4350362
1064,./node_1064_INORM,0.0138264,0.4213785
1099,./node_1099_INORM,0.0332452,0.3247615
1567,./node_1567_INORM,0.0000000,0.5000000
729,./node_729_INORM,0.1508455,0.0146017
245,./node_245_INORM,0.0000000,0.5000000
746,./node_746_INORM,0.0383063,0.2833156
1508,./node_1508_INORM,0.2133910,0.0026274
843,./node_843_INORM,0.2776390,0.0000551
90,./node_90_INORM,0.0278679,0.3578972
462,./node_462_INORM,0.0480343,0.2640496
1929,./node_1929_INORM,0.0267800,0.3533359
161,./node_161_INORM,0.0266265,0.3654603
1761,./node_1761_INORM,0.1742615,0.0063097
1262,./node_1262_INORM,0.1410945,0.0330544
1864,./node_1864_INORM,0.0532730,0.2315338
1899,./node_1899_INORM,0.0354274,0.3137537
2037,./node_2037_INORM,0.0000000,0.5000000
1146,./node_1146_INORM,0.0000000,0.5000000
1445,./node_1445_INORM,0.2753859,0.0000323
308,./node_308_INORM,0.0000000,0.5000000
367,./node_367_INORM,0.0000000,0.5000000
699,./node_699_INORM,0.0000000,0.5000000
664,./node_664_INORM,0.0000000,0.5000000
1129,./node_1129_INORM,0.1040048,0.0672398
961,./node_961_INORM,0.0102793,0.4379963
540,./node_540_INORM,0.0000000,0.5000000
1529,./node_1529_INORM,0.2036117,0.0041200
862,./node_862_INORM,0.2493599,0.0001945
264,./node_264_INORM,0.0000000,0.5000000
299,./node_299_INORM,0.0669340,0.1778863
767,./node_767_INORM,0.2047808,0.0019962
443,./node_443_INORM,0.0000000,0.5000000
1908,./node_1908_INORM,0.0000000,0.5000000
140,./node_140_INORM,0.0000000,0.5000000
2,./node_2_INORM,0.0984302,0.0972658
1967,./node_1967_INORM,0.0043515,0.4753779
1662,./node_1662_INORM,0.0629459,0.2215181
1361,./node_1361_INORM,0.0718903,0.1857046
708,./node_708_INORM,0.0000000,0.5000000
23,./node_23_INORM,0.1029870,0.0893395
1045,./node_1045_INORM,0.0057764,0.4655581
1546,./node_1546_INORM,0.1990345,0.0051998
1026,./node_1026_INORM,0.0045996,0.4724459
893,./node_893_INORM,0.2062143,0.0012037
40,./node_40_INORM,0.1185893,0.0493097
1525,./node_1525_INORM,0.0880935,0.1270797
268,./node_268_INORM,0.0000000,0.5000000
796,./node_796_INORM,0.0000000,0.5000000
295,./node_295_INORM,0.0054633,0.4734368
1601,./node_1601_INORM,0.0000000,0.5000000
1302,./node_1302_INORM,0.0626077,0.1803098
1904,./node_1904_INORM,0.1328088,0.0303354
420,./node_420_INORM,0.0000000,0.5000000
123,./node_123_INORM,0.0484874,0.2620621
1996,./node_1996_INORM,0.0742940,0.1490326
1390,./node_1390_INORM,0.0410424,0.2808463
1693,./node_1693_INORM,0.1515092,0.0268138
207,./node_207_INORM,0.0388400,0.3187639
704,./node_704_INORM,0.0744064,0.1368447
1049,./node_1049_INORM,0.0159737,0.4083242
801,./node_801_INORM,0.0597216,0.1828834
1293,./node_1293_INORM,0.0000000,0.5000000
1790,./node_1790_INORM,0.0699861,0.1694228
523,./node_523_INORM,0.0599309,0.2201117
1868,./node_1868_INORM,0.0471547,0.2570468
1895,./node_1895_INORM,0.0000000,0.5000000
1449,./node_1449_INORM,0.2207509,0.0020994
902,./node_902_INORM,0.0955333,0.0763902
304,./node_304_INORM,0.0406938,0.2970119
607,./node_607_INORM,0.0343691,0.3149310
695,./node_695_INORM,0.0358308,0.2986248
396,./node_396_INORM,0.0000000,0.5000000
668,./node_668_INORM,0.0362356,0.2957545
990,./node_990_INORM,0.2330421,0.0003024
1125,./node_1125_INORM,0.0000000,0.5000000
1426,./node_1426_INORM,0.2514594,0.0001240
1807,./node_1807_INORM,0.0433937,0.2702986
1702,./node_1702_INORM,0.1066356,0.0788796
1201,./node_1201_INORM,0.1572622,0.0192608
401,./node_401_INORM,0.0000000,0.5000000
102,./node_102_INORM,0.0365356,0.3286802
1068,./node_1068_INORM,0.0770696,0.1329070
1596,./node_1596_INORM,0.1816196,0.0114532
820,./node_820_INORM,0.0006067,0.4963004
1095,./node_1095_INORM,0.1976518,0.0019464
226,./node_226_INORM,0.0000000,0.5000000
725,./node_725_INORM,0.0332516,0.3076804
249,./node_249_INORM,0.0000000,0.5000000
1007,./node_1007_INORM,0.0604832,0.1904021
61,./node_61_INORM,0.0000000,0.5000000
1504,./node_1504_INORM,0.2334795,0.0003480
1925,./node_1925_INORM,0.0000000,0.5000000
190,./node_190_INORM,0.0000000,0.5000000
493,./node_493_INORM,0.0000000,0.5000000
1620,./node_1620_INORM,0.2067012,0.0040481
1323,./node_1323_INORM,0.1709540,0.0120105
1104,./node_1104_INORM,0.2630251,0.0000579
1407,./node_1407_INORM,0.0601726,0.1894257
649,./node_649_INORM,0.1003188,0.0755657
1723,./node_1723_INORM,0.1327521,0.0288129
1220,./node_1220_INORM,0.0356228,0.3238092
1826,./node_1826_INORM,0.0624641,0.1963088
590,./node_590_INORM,0.0000000,0.5000000
502,./node_502_INORM,0.0000000,0.5000000
1849,./node_1849_INORM,0.1661387,0.0098035
325,./node_325_INORM,0.0000000,0.5000000
626,./node_626_INORM,0.0707948,0.1709027
1495,./node_1495_INORM,0.0000000,0.5000000
1196,./node_1196_INORM,0.2603274,0.0000713
1468,./node_1468_INORM,0.0000000,0.5000000
923,./node_923_INORM,0.0475465,0.2406629
1639,./node_1639_INORM,0.1499766,0.0140713
174,./node_174_INORM,0.0029774,0.4833732
477,./node_477_INORM,0.0000000,0.5000000
189,./node_189_INORM,0.0000000,0.5000000
856,./node_856_INORM,0.0021637,0.4865091
85,./node_85_INORM,0.0612575,0.2044285
78,./node_78_INORM,0.0335765,0.3411922
753,./node_753_INORM,0.1203345,0.0379851
250,./node_250_INORM,0.0000000,0.5000000
839,./node_839_INORM,0.0000000,0.5000000
1572,./node_1572_INORM,0.2172756,0.0028063
17,./node_17_INORM,0.1307350,0.0362510
1071,./node_1071_INORM,0.0680696,0.1672837
1953,./node_1953_INORM,0.0000000,0.5000000
418,./node_418_INORM,0.0000000,0.5000000
1355,./node_1355_INORM,0.0097601,0.4444119
1656,./node_1656_INORM,0.0353944,0.3347259
1471,./node_1471_INORM,0.0000000,0.5000000
1172,./node_1172_INORM,0.1258228,0.0341742
1256,./node_1256_INORM,0.0000000,0.5000000
1755,./node_1755_INORM,0.0000000,0.5000000
2003,./node_2003_INORM,0.0000000,0.5000000
1850,./node_1850_INORM,0.0059769,0.4677087
589,./node_589_INORM,0.0449649,0.2533741
574,./node_574_INORM,0.0000000,0.5000000
1239,./node_1239_INORM,0.2679949,0.0000458
650,./node_650_INORM,0.0087817,0.4460212
353,./node_353_INORM,0.0000000,0.5000000
955,./node_955_INORM,0.1424487,0.0175817
818,./node_818_INORM,0.1412626,0.0179808
1553,./node_1553_INORM,0.0000000,0.5000000
36,./node_36_INORM,0.1148769,0.0651095
1050,./node_1050_INORM,0.0366259,0.3004163
1374,./node_1374_INORM,0.1432722,0.0286254
1677,./node_1677_INORM,0.1037002,0.0810110
1389,./node_1389_INORM,0.1220775,0.0400568
1972,./node_1972_INORM,0.0000000,0.5000000
439,./node_439_INORM,0.0000000,0.5000000
155,./node_155_INORM,0.0000000,0.5000000
456,./node_456_INORM,0.0000000,0.5000000
1618,./node_1618_INORM,0.0919641,0.1327433
772,./node_772_INORM,0.2371416,0.0005558
271,./node_271_INORM,0.0000000,0.5000000
877,./node_877_INORM,0.1026729,0.0617386
59,./node_59_INORM,0.1318050,0.0341122
1218,./node_1218_INORM,0.0986357,0.1032856
555,./node_555_INORM,0.0392686,0.2868363
974,./node_974_INORM,0.2895554,0.0000157
989,./node_989_INORM,0.0155187,0.4075008
671,./node_671_INORM,0.1154861,0.0557989
372,./node_372_INORM,0.0000000,0.5000000
1450,./node_1450_INORM,0.1128307,0.0693110
1153,./node_1153_INORM,0.1168102,0.0546242
2022,./node_2022_INORM,0.0000000,0.5000000
1871,./node_1871_INORM,0.1502659,0.0175860
1789,./node_1789_INORM,0.1015769,0.0944076
1277,./node_1277_INORM,0.1670099,0.0142743
1774,./node_1774_INORM,0.0669672,0.1789049
1214,./node_1214_INORM,0.1847185,0.0070786
1717,./node_1717_INORM,0.0968773,0.0984585
2041,./node_2041_INORM,0.0000000,0.5000000
1812,./node_1812_INORM,0.1339148,0.0291959
559,./node_559_INORM,0.0387943,0.3045923
978,./node_978_INORM,0.0000000,0.5000000
1433,./node_1433_INORM,0.2128631,0.0031675
1130,./node_1130_INORM,0.0815846,0.1246779
985,./node_985_INORM,0.0000000,0.5000000
383,./node_383_INORM,0.0000000,0.5000000
680,./node_680_INORM,0.1483791,0.0220371
612,./node_612_INORM,0.0241219,0.3632659
311,./node_311_INORM,0.0000000,0.5000000
917,./node_917_INORM,0.0000000,0.5000000
1880,./node_1880_INORM,0.0533380,0.2376131
536,./node_536_INORM,0.0000000,0.5000000
1785,./node_1785_INORM,0.0807731,0.1210697
1778,./node_1778_INORM,0.0755105,0.1538080
1286,./node_1286_INORM,0.0176997,0.4019861
814,./node_814_INORM,0.0293177,0.3264803
711,./node_711_INORM,0.1585959,0.0147071
212,./node_212_INORM,0.0191310,0.4054077
1686,./node_1686_INORM,0.1355748,0.0454770
1378,./node_1378_INORM,0.2114695,0.0026555
1385,./node_1385_INORM,0.2020639,0.0049578
1983,./node_1983_INORM,0.0000000,0.5000000
136,./node_136_INORM,0.1126451,0.0579511
435,./node_435_INORM,0.0000000,0.5000000
159,./node_159_INORM,0.1099164,0.0674626
1911,./node_1911_INORM,0.0228130,0.3777897
1317,./node_1317_INORM,0.2301144,0.0003454
1614,./node_1614_INORM,0.1146447,0.0622261
280,./node_280_INORM,0.0137763,0.4338490
783,./node_783_INORM,0.2404112,0.0004754
1530,./node_1530_INORM,0.2143632,0.0032278
886,./node_886_INORM,0.0000000,0.5000000
1033,./node_1033_INORM,0.1343181,0.0266162
55,./node_55_INORM,0.0113116,0.4440317
936,./node_936_INORM,0.1194499,0.0416982
1183,./node_1183_INORM,0.1078534,0.0827829
1480,./node_1480_INORM,0.2152531,0.0023382
633,./node_633_INORM,0.0322217,0.3153377
330,./node_330_INORM,0.0000000,0.5000000
1759,./node_1759_INORM,0.0000000,0.5000000
517,./node_517_INORM,0.0000000,0.5000000
585,./node_585_INORM,0.0000000,0.5000000
1833,./node_1833_INORM,0.0668366,0.1828808
578,./node_578_INORM,0.0880550,0.1228018
1235,./node_1235_INORM,0.0915079,0.0923440
1736,./node_1736_INORM,0.0000000,0.5000000
959,./node_959_INORM,0.2331191,0.0003349
1412,./node_1412_INORM,0.0000000,0.5000000
1111,./node_1111_INORM,0.3065815,0.0000058
1336,./node_1336_INORM,0.2033776,0.0035386
1635,./node_1635_INORM,0.0460802,0.2743537
486,./node_486_INORM,0.0000000,0.5000000
178,./node_178_INORM,0.0000000,0.5000000
185,./node_185_INORM,0.0967682,0.0908653
1930,./node_1930_INORM,0.0344193,0.3153517
89,./node_89_INORM,0.1129216,0.0567503
1511,./node_1511_INORM,0.1233693,0.0496780
1012,./node_1012_INORM,0.2432088,0.0001872
74,./node_74_INORM,0.0770443,0.1634841
730,./node_730_INORM,0.0040133,0.4753908
233,./node_233_INORM,0.0673048,0.1869425
1080,./node_1080_INORM,0.0000000,0.5000000
835,./node_835_INORM,0.0000000,0.5000000
1583,./node_1583_INORM,0.0386262,0.3219731
117,./node_117_INORM,0.0947953,0.0901181
414,./node_414_INORM,0.0000000,0.5000000
1359,./node_1359_INORM,0.2596542,0.0000824
1999,./node_1999_INORM,0.0436842,0.2689007
1964,./node_1964_INORM,0.0000000,0.5000000
1362,./node_1362_INORM,0.0000000,0.5000000
1661,./node_1661_INORM,0.0000000,0.5000000
208,./node_208_INORM,0.0678338,0.1926644
1545,./node_1545_INORM,0.0000000,0.5000000
1046,./node_1046_INORM,0.0479347,0.2439970
20,./node_20_INORM,0.0554310,0.2422105
861,./node_861_INORM,0.0000000,0.5000000
1029,./node_1029_INORM,0.2910622,0.0000160
764,./node_764_INORM,0.0240643,0.3558979
267,./node_267_INORM,0.0000000,0.5000000
799,./node_799_INORM,0.0150321,0.4086078
1,./node_1_INORM,0.0998175,0.0923483
143,./node_143_INORM,0.1008558,0.0764508
440,./node_440_INORM,0.0514926,0.2450820
399,./node_399_INORM,0.0017144,0.4907647
667,./node_667_INORM,0.1696914,0.0099391
364,./node_364_INORM,0.0393808,0.2877251
962,./node_962_INORM,0.0000000,0.5000000
1429,./node_1429_INORM,0.1617997,0.0159950
1808,./node_1808_INORM,0.1444606,0.0213866
543,./node_543_INORM,0.0249132,0.3603704
1261,./node_1261_INORM,0.1899450,0.0063221
1762,./node_1762_INORM,0.0694490,0.1618205
2034,./node_2034_INORM,0.0012899,0.4927752
1867,./node_1867_INORM,0.0000000,0.5000000
1446,./node_1446_INORM,0.1325247,0.0388235
1145,./node_1145_INORM,0.0000000,0.5000000
608,./node_608_INORM,0.0094655,0.4419824
745,./node_745_INORM,0.1654810,0.0091074
246,./node_246_INORM,0.0730414,0.1545511
93,./node_93_INORM,0.0000000,0.5000000
840,./node_840_INORM,0.0000000,0.5000000
1008,./node_1008_INORM,0.0479113,0.2517556
162,./node_162_INORM,0.1065767,0.0686984
461,./node_461_INORM,0.0000000,0.5000000
1343,./node_1343_INORM,0.1491164,0.0245081
1640,./node_1640_INORM,0.0000000,0.5000000
1945,./node_1945_INORM,0.0125187,0.4295625
1564,./node_1564_INORM,0.0000000,0.5000000
1067,./node_1067_INORM,0.0633045,0.1854564
1599,./node_1599_INORM,0.1151263,0.0617601
229,./node_229_INORM,0.0000000,0.5000000
2015,./node_2015_INORM,0.0000000,0.5000000
1846,./node_1846_INORM,0.0453424,0.2741249
1240,./node_1240_INORM,0.0029621,0.4847602
1743,./node_1743_INORM,0.1494540,0.0164572
629,./node_629_INORM,0.0704056,0.1513620
1199,./node_1199_INORM,0.1436939,0.0271346
1467,./node_1467_INORM,0.1544493,0.0267661
1164,./node_1164_INORM,0.0000000,0.5000000
943,./node_943_INORM,0.0000000,0.5000000
1408,./node_1408_INORM,0.1271513,0.0484260
646,./node_646_INORM,0.1309919,0.0324554
345,./node_345_INORM,0.0000000,0.5000000
1829,./node_1829_INORM,0.0564971,0.2179458
562,./node_562_INORM,0.0151331,0.4212760
2019,./node_2019_INORM,0.0000000,0.5000000
501,./node_501_INORM,0.0000000,0.5000000
625,./node_625_INORM,0.0000000,0.5000000
326,./node_326_INORM,0.0000000,0.5000000
1195,./node_1195_INORM,0.1448254,0.0303620
920,./node_920_INORM,0.0000000,0.5000000
1168,./node_1168_INORM,0.0892945,0.1246655
1496,./node_1496_INORM,0.0836741,0.1437225
1404,./node_1404_INORM,0.2263980,0.0004214
1107,./node_1107_INORM,0.0000000,0.5000000
349,./node_349_INORM,0.0015852,0.4920617
1223,./node_1223_INORM,0.1722531,0.0114903
1720,./node_1720_INORM,0.2492128,0.0001684
593,./node_593_INORM,0.0286164,0.3348924
1825,./node_1825_INORM,0.2202218,0.0007367
749,./node_749_INORM,0.2230359,0.0010694
1507,./node_1507_INORM,0.0000000,0.5000000
62,./node_62_INORM,0.0972211,0.0937046
1004,./node_1004_INORM,0.3065659,0.0000058
490,./node_490_INORM,0.0000000,0.5000000
1926,./node_1926_INORM,0.0000000,0.5000000
193,./node_193_INORM,0.0000000,0.5000000
1320,./node_1320_INORM,0.1346956,0.0411579
1623,./node_1623_INORM,0.1335108,0.0390189
101,./node_101_INORM,0.0930882,0.0953471
1949,./node_1949_INORM,0.0180748,0.3996079
402,./node_402_INORM,0.0000000,0.5000000
823,./node_823_INORM,0.1761173,0.0049846
1096,./node_1096_INORM,0.0577358,0.2053381
1568,./node_1568_INORM,0.1257328,0.0481770
1595,./node_1595_INORM,0.0000000,0.5000000
726,./node_726_INORM,0.0079542,0.4508849
225,./node_225_INORM,0.0651086,0.1970175
395,./node_395_INORM,0.0000000,0.5000000
368,./node_368_INORM,0.0000000,0.5000000
696,./node_696_INORM,0.0000000,0.5000000
1425,./node_1425_INORM,0.1945206,0.0066558
993,./node_993_INORM,0.1914989,0.0023734
1126,./node_1126_INORM,0.3027066,0.0000067
1804,./node_1804_INORM,0.0705046,0.1698928
1202,./node_1202_INORM,0.1420144,0.0281920
1701,./node_1701_INORM,0.0000000,0.5000000
1793,./node_1793_INORM,0.0000000,0.5000000
1290,./node_1290_INORM,0.1127346,0.0753645
2038,./node_2038_INORM,0.0000000,0.5000000
1896,./node_1896_INORM,0.0329619,0.3216323
520,./node_520_INORM,0.0000000,0.5000000
901,./node_901_INORM,0.0165598,0.3986728
1149,./node_1149_INORM,0.1543562,0.0200330
604,./node_604_INORM,0.1056002,0.0783315
307,./node_307_INORM,0.0404093,0.2945309
120,./node_120_INORM,0.0560383,0.2285135
1995,./node_1995_INORM,0.0000000,0.5000000
1968,./node_1968_INORM,0.0000000,0.5000000
423,./node_423_INORM,0.0000000,0.5000000
1690,./node_1690_INORM,0.1703776,0.0072194
1393,./node_1393_INORM,0.1044959,0.0908687
707,./node_707_INORM,0.1066832,0.0695263
204,./node_204_INORM,0.0000000,0.5000000
802,./node_802_INORM,0.1211104,0.0358446
1549,./node_1549_INORM,0.2191100,0.0006396
1526,./node_1526_INORM,0.1958796,0.0053739
43,./node_43_INORM,0.0121180,0.4379837
1025,./node_1025_INORM,0.1072167,0.0593180
890,./node_890_INORM,0.0000000,0.5000000
296,./node_296_INORM,0.0000000,0.5000000
768,./node_768_INORM,0.0000000,0.5000000
795,./node_795_INORM,0.1144892,0.0465371
1301,./node_1301_INORM,0.0964848,0.1090750
1602,./node_1602_INORM,0.0000000,0.5000000
1907,./node_1907_INORM,0.0353250,0.3107775
1851,./node_1851_INORM,0.0589978,0.2106690
2002,./node_2002_INORM,0.0174272,0.4022577
1754,./node_1754_INORM,0.0074998,0.4580502
1257,./node_1257_INORM,0.0437730,0.2686791
1173,./node_1173_INORM,0.2836149,0.0000193
1470,./node_1470_INORM,0.1753419,0.0047387
954,./node_954_INORM,0.0000000,0.5000000
352,./node_352_INORM,0.0555610,0.2226619
651,./node_651_INORM,0.0159675,0.4036249
1238,./node_1238_INORM,0.1450956,0.0295678
575,./node_575_INORM,0.0000000,0.5000000
588,./node_588_INORM,0.0708058,0.1528365
251,./node_251_INORM,0.0493804,0.2677830
752,./node_752_INORM,0.1538081,0.0120465
79,./node_79_INORM,0.0000000,0.5000000
857,./node_857_INORM,0.0302999,0.3208676
84,./node_84_INORM,0.0000000,0.5000000
188,./node_188_INORM,0.0845776,0.1309868
476,./node_476_INORM,0.0000000,0.5000000
175,./node_175_INORM,0.0294845,0.3504343
1638,./node_1638_INORM,0.0000000,0.5000000
1657,./node_1657_INORM,0.0000000,0.5000000
1354,./node_1354_INORM,0.1641027,0.0163392
419,./node_419_INORM,0.0000000,0.5000000
1952,./node_1952_INORM,0.0044747,0.4747729
16,./node_16_INORM,0.1087119,0.0737278
1070,./node_1070_INORM,0.1591172,0.0102620
1573,./node_1573_INORM,0.1478090,0.0146372
838,./node_838_INORM,0.0000000,0.5000000
373,./node_373_INORM,0.0189806,0.3928011
670,./node_670_INORM,0.1299802,0.0390025
988,./node_988_INORM,0.2559988,0.0000908
975,./node_975_INORM,0.0000000,0.5000000
554,./node_554_INORM,0.0000000,0.5000000
1219,./node_1219_INORM,0.1511092,0.0215222
1775,./node_1775_INORM,0.0162547,0.4119363
1276,./node_1276_INORM,0.2851384,0.0000194
1788,./node_1788_INORM,0.2329391,0.0004035
1870,./node_1870_INORM,0.0488388,0.2496275
2023,./node_2023_INORM,0.0000000,0.5000000
1152,./node_1152_INORM,0.1270873,0.0473582
1451,./node_1451_INORM,0.1375054,0.0333021
438,./node_438_INORM,0.0000000,0.5000000
1973,./node_1973_INORM,0.0875971,0.1096743
1388,./node_1388_INORM,0.1688859,0.0072106
1676,./node_1676_INORM,0.1093937,0.0708592
1375,./node_1375_INORM,0.1721111,0.0140769
37,./node_37_INORM,0.0289825,0.3517980
1051,./node_1051_INORM,0.2993705,0.0000088
1552,./node_1552_INORM,0.1983428,0.0045318
819,./node_819_INORM,0.0299404,0.3271362
58,./node_58_INORM,0.0000000,0.5000000
876,./node_876_INORM,0.0000000,0.5000000
270,./node_270_INORM,0.0000000,0.5000000
773,./node_773_INORM,0.0327920,0.3085319
1619,./node_1619_INORM,0.1495554,0.0249668
457,./node_457_INORM,0.0000000,0.5000000
154,./node_154_INORM,0.0000000,0.5000000
434,./node_434_INORM,0.0065608,0.4627155
137,./node_137_INORM,0.0442199,0.2822278
1982,./node_1982_INORM,0.0982879,0.0849407
1384,./node_1384_INORM,0.1830404,0.0094223
1379,./node_1379_INORM,0.2221270,0.0005429
1687,./node_1687_INORM,0.2005471,0.0019529
213,./node_213_INORM,0.0718426,0.1732480
710,./node_710_INORM,0.0063691,0.4625503
815,./node_815_INORM,0.2538843,0.0001854
1032,./node_1032_INORM,0.0000000,0.5000000
887,./node_887_INORM,0.0000000,0.5000000
54,./node_54_INORM,0.1155004,0.0540175
1531,./node_1531_INORM,0.1458705,0.0359662
782,./node_782_INORM,0.1788191,0.0050876
281,./node_281_INORM,0.0460011,0.2765406
1615,./node_1615_INORM,0.0261569,0.3523591
1316,./node_1316_INORM,0.0000000,0.5000000
1910,./node_1910_INORM,0.0353929,0.3085495
158,./node_158_INORM,0.0862545,0.1094916
681,./node_681_INORM,0.1099767,0.0592560
382,./node_382_INORM,0.0000000,0.5000000
984,./node_984_INORM,0.1937491,0.0024089
1131,./node_1131_INORM,0.0000000,0.5000000
1432,./node_1432_INORM,0.0000000,0.5000000
979,./node_979_INORM,0.1337785,0.0245326
558,./node_558_INORM,0.0544715,0.2410329
1813,./node_1813_INORM,0.0583846,0.2112624
2040,./node_2040_INORM,0.0000000,0.5000000
1716,./node_1716_INORM,0.1047470,0.0816971
1215,./node_1215_INORM,0.1963957,0.0046943
1287,./node_1287_INORM,0.0990932,0.1029105
1779,./node_1779_INORM,0.0792773,0.1417143
1784,./node_1784_INORM,0.0812284,0.1370745
537,./node_537_INORM,0.0000000,0.5000000
1881,./node_1881_INORM,0.1248169,0.0395895
916,./node_916_INORM,0.2728706,0.0000478
310,./node_310_INORM,0.0000000,0.5000000
613,./node_613_INORM,0.1178815,0.0555944
1013,./node_1013_INORM,0.0078997,0.4534453
75,./node_75_INORM,0.1168632,0.0549159
88,./node_88_INORM,0.0615056,0.2240771
1510,./node_1510_INORM,0.0161662,0.4231001
1931,./node_1931_INORM,0.0834686,0.1217604
184,./node_184_INORM,0.0913375,0.0976431
179,./node_179_INORM,0.0000000,0.5000000
487,./node_487_INORM,0.0000000,0.5000000
1634,./node_1634_INORM,0.1451332,0.0279867
1337,./node_1337_INORM,0.2107798,0.0026854
1358,./node_1358_INORM,0.2057466,0.0032747
415,./node_415_INORM,0.0134075,0.4300956
116,./node_116_INORM,0.0401766,0.3126364
1582,./node_1582_INORM,0.1815738,0.0095137
834,./node_834_INORM,0.0702015,0.1453551
1081,./node_1081_INORM,0.0773229,0.1378293
232,./node_232_INORM,0.0000000,0.5000000
731,./node_731_INORM,0.2058025,0.0024732
516,./node_516_INORM,0.0000000,0.5000000
1758,./node_1758_INORM,0.1879346,0.0036141
331,./node_331_INORM,0.0301965,0.3433770
632,./node_632_INORM,0.0159612,0.4081469
1481,./node_1481_INORM,0.2208512,0.0022906
1182,./node_1182_INORM,0.2765077,0.0000300
937,./node_937_INORM,0.0000000,0.5000000
1110,./node_1110_INORM,0.0025443,0.4860455
1413,./node_1413_INORM,0.2064592,0.0011187
958,./node_958_INORM,0.0000000,0.5000000
1737,./node_1737_INORM,0.1105949,0.0741984
1234,./node_1234_INORM,0.2006062,0.0015598
579,./node_579_INORM,0.0376674,0.2936445
1832,./node_1832_INORM,0.0578900,0.2133867
584,./node_584_INORM,0.0178139,0.3971711
542,./node_542_INORM,0.0005429,0.4969098
1809,./node_1809_INORM,0.0824115,0.1231993
1428,./node_1428_INORM,0.1478274,0.0141357
963,./node_963_INORM,0.2792469,0.0000273
365,./node_365_INORM,0.0000000,0.5000000
666,./node_666_INORM,0.0035617,0.4787199
398,./node_398_INORM,0.0196941,0.3960638
609,./node_609_INORM,0.0160512,0.4039318
1144,./node_1144_INORM,0.2916147,0.0000129
1447,./node_1447_INORM,0.0000000,0.5000000
1866,./node_1866_INORM,0.1934238,0.0033139
2035,./node_2035_INORM,0.0000000,0.5000000
1763,./node_1763_INORM,0.0791369,0.1431038
1260,./node_1260_INORM,0.0000000,0.5000000
1047,./node_1047_INORM,0.1609355,0.0088933
21,./node_21_INORM,0.0379358,0.3115063
1544,./node_1544_INORM,0.2152929,0.0027742
209,./node_209_INORM,0.0000000,0.5000000
1660,./node_1660_INORM,0.0268853,0.3517688
1363,./node_1363_INORM,0.1960295,0.0058769
1965,./node_1965_INORM,0.0000000,0.5000000
1998,./node_1998_INORM,0.0498524,0.2415543
441,./node_441_INORM,0.0043101,0.4750450
142,./node_142_INORM,0.0084461,0.4564396
798,./node_798_INORM,0.2408019,0.0004381
266,./node_266_INORM,0.0000000,0.5000000
765,./node_765_INORM,0.0821821,0.1159818
1028,./node_1028_INORM,0.0000000,0.5000000
860,./node_860_INORM,0.0142588,0.4177986
1165,./node_1165_INORM,0.0369977,0.3130793
1466,./node_1466_INORM,0.0817677,0.1518140
1198,./node_1198_INORM,0.0000000,0.5000000
628,./node_628_INORM,0.0331689,0.3157701
1742,./node_1742_INORM,0.0314324,0.3358276
1241,./node_1241_INORM,0.1522719,0.0235537
1847,./node_1847_INORM,0.0480655,0.2527118
2014,./node_2014_INORM,0.0336476,0.3181040
563,./node_563_INORM,0.0462996,0.2566608
1828,./node_1828_INORM,0.0296677,0.3402257
344,./node_344_INORM,0.0018461,0.4911159
647,./node_647_INORM,0.0445230,0.2715474
1409,./node_1409_INORM,0.2160710,0.0025024
942,./node_942_INORM,0.1889140,0.0030232
460,./node_460_INORM,0.0422974,0.2771947
163,./node_163_INORM,0.0402225,0.3130168
1009,./node_1009_INORM,0.2841522,0.0000209
92,./node_92_INORM,0.0726456,0.1534813
841,./node_841_INORM,0.0290568,0.3317549
247,./node_247_INORM,0.0380783,0.2908589
744,./node_744_INORM,0.2020671,0.0027647
228,./node_228_INORM,0.0055537,0.4727935
1598,./node_1598_INORM,0.1183819,0.0449102
1066,./node_1066_INORM,0.0730989,0.1513253
1565,./node_1565_INORM,0.0682096,0.2050019
1944,./node_1944_INORM,0.0000000,0.5000000
1641,./node_1641_INORM,0.1326893,0.0517014
1342,./node_1342_INORM,0.2682574,0.0000470
1622,./node_1622_INORM,0.0000000,0.5000000
1321,./node_1321_INORM,0.2734269,0.0000353
192,./node_192_INORM,0.0192757,0.4036091
1927,./node_1927_INORM,0.0131246,0.4270067
491,./node_491_INORM,0.0419510,0.2747722
63,./node_63_INORM,0.0000000,0.5000000
1005,./node_1005_INORM,0.3064843,0.0000055
1506,./node_1506_INORM,0.1659083,0.0140540
748,./node_748_INORM,0.0318146,0.3127306
224,./node_224_INORM,0.0000000,0.5000000
727,./node_727_INORM,0.1389762,0.0216057
1594,./node_1594_INORM,0.2626607,0.0000702
1569,./node_1569_INORM,0.1387701,0.0228359
1097,./node_1097_INORM,0.0000000,0.5000000
822,./node_822_INORM,0.2621949,0.0001379
403,./node_403_INORM,0.0000000,0.5000000
1948,./node_1948_INORM,0.0543799,0.2220080
100,./node_100_INORM,0.1173363,0.0511124
1497,./node_1497_INORM,0.0000000,0.5000000
1169,./node_1169_INORM,0.1377050,0.0346979
921,./node_921_INORM,0.0000000,0.5000000
1194,./node_1194_INORM,0.2449837,0.0001666
327,./node_327_INORM,0.0000000,0.5000000
624,./node_624_INORM,0.1017918,0.0734351
500,./node_500_INORM,0.0000000,0.5000000
2018,./node_2018_INORM,0.0000000,0.5000000
1824,./node_1824_INORM,0.0363674,0.3174644
592,./node_592_INORM,0.0000000,0.5000000
1721,./node_1721_INORM,0.0973479,0.0820476
1222,./node_1222_INORM,0.0654632,0.1767443
348,./node_348_INORM,0.0423087,0.2808504
1106,./node_1106_INORM,0.1183745,0.0533273
1405,./node_1405_INORM,0.0073635,0.4577762
1548,./node_1548_INORM,0.0000000,0.5000000
803,./node_803_INORM,0.0194201,0.3865167
205,./node_205_INORM,0.0000000,0.5000000
706,./node_706_INORM,0.0023911,0.4854869
1392,./node_1392_INORM,0.0083211,0.4534012
1691,./node_1691_INORM,0.1923170,0.0028356
422,./node_422_INORM,0.0201814,0.4026462
1969,./node_1969_INORM,0.0279479,0.3462333
1994,./node_1994_INORM,0.0000000,0.5000000
121,./node_121_INORM,0.0700552,0.1771279
1906,./node_1906_INORM,0.0421667,0.2780660
1603,./node_1603_INORM,0.0000000,0.5000000
1300,./node_1300_INORM,0.0000000,0.5000000
794,./node_794_INORM,0.2193524,0.0007014
769,./node_769_INORM,0.2284197,0.0007443
297,./node_297_INORM,0.0000000,0.5000000
42,./node_42_INORM,0.0080670,0.4590915
891,./node_891_INORM,0.2964443,0.0000155
1024,./node_1024_INORM,0.0000000,0.5000000
1527,./node_1527_INORM,0.0000000,0.5000000
1700,./node_1700_INORM,0.1100432,0.0722316
1203,./node_1203_INORM,0.1632655,0.0163606
1805,./node_1805_INORM,0.0000000,0.5000000
1127,./node_1127_INORM,0.1125113,0.0690206
992,./node_992_INORM,0.0000000,0.5000000
1424,./node_1424_INORM,0.0000000,0.5000000
697,./node_697_INORM,0.0725014,0.1405604
369,./node_369_INORM,0.0000000,0.5000000
394,./node_394_INORM,0.0000000,0.5000000
306,./node_306_INORM,0.0000000,0.5000000
605,./node_605_INORM,0.0965352,0.0991588
1148,./node_1148_INORM,0.1209108,0.0481000
900,./node_900_INORM,0.0000000,0.5000000
521,./node_521_INORM,0.0000000,0.5000000
1897,./node_1897_INORM,0.0000000,0.5000000
2039,./node_2039_INORM,0.0000000,0.5000000
1291,./node_1291_INORM,0.2004935,0.0043361
1792,./node_1792_INORM,0.0000000,0.5000000
183,./node_183_INORM,0.0000000,0.5000000
1936,./node_1936_INORM,0.1151466,0.0539338
480,./node_480_INORM,0.0000000,0.5000000
1633,./node_1633_INORM,0.2330764,0.0003096
1330,./node_1330_INORM,0.0000000,0.5000000
759,./node_759_INORM,0.0128157,0.4214771
1014,./node_1014_INORM,0.2971731,0.0000114
72,./node_72_INORM,0.0000000,0.5000000
1517,./node_1517_INORM,0.2228373,0.0021149
1585,./node_1585_INORM,0.1247776,0.0492226
1578,./node_1578_INORM,0.0000000,0.5000000
1086,./node_1086_INORM,0.0992308,0.0841893
833,./node_833_INORM,0.0107068,0.4342280
235,./node_235_INORM,0.0000000,0.5000000
736,./node_736_INORM,0.0398740,0.2757766
412,./node_412_INORM,0.0000000,0.5000000
1959,./node_1959_INORM,0.0000000,0.5000000
111,./node_111_INORM,0.0329996,0.3254784
336,./node_336_INORM,0.0041560,0.4791193
635,./node_635_INORM,0.0248575,0.3686297
1486,./node_1486_INORM,0.2217454,0.0018372
1178,./node_1178_INORM,0.1000097,0.0924549
930,./node_930_INORM,0.2984930,0.0000116
1185,./node_1185_INORM,0.1656083,0.0152740
511,./node_511_INORM,0.0457751,0.2574511
2009,./node_2009_INORM,0.0000000,0.5000000
1730,./node_1730_INORM,0.0988778,0.0923528
1233,./node_1233_INORM,0.1844676,0.0077295
1835,./node_1835_INORM,0.0000000,0.5000000
583,./node_583_INORM,0.0863097,0.1252601
1117,./node_1117_INORM,0.1094163,0.0669695
1414,./node_1414_INORM,0.1759347,0.0130685
359,./node_359_INORM,0.0163916,0.4113474
214,./node_214_INORM,0.0000000,0.5000000
717,./node_717_INORM,0.1903868,0.0045851
1559,./node_1559_INORM,0.0000000,0.5000000
812,./node_812_INORM,0.2613022,0.0001268
433,./node_433_INORM,0.0014410,0.4919029
1978,./node_1978_INORM,0.0493525,0.2435306
1985,./node_1985_INORM,0.0000000,0.5000000
130,./node_130_INORM,0.0000000,0.5000000
1383,./node_1383_INORM,0.0000000,0.5000000
1680,./node_1680_INORM,0.0000000,0.5000000
1612,./node_1612_INORM,0.0000000,0.5000000
1311,./node_1311_INORM,0.0000000,0.5000000
1917,./node_1917_INORM,0.0883790,0.1063187
880,./node_880_INORM,0.2710346,0.0000763
1035,./node_1035_INORM,0.2540942,0.0000969
53,./node_53_INORM,0.1027937,0.0895020
1536,./node_1536_INORM,0.1940920,0.0078075
785,./node_785_INORM,0.2044402,0.0019967
778,./node_778_INORM,0.2068969,0.0015601
286,./node_286_INORM,0.0000000,0.5000000
1814,./node_1814_INORM,0.0642270,0.1908549
2047,./node_2047_INORM,0.0000000,0.5000000
1711,./node_1711_INORM,0.0346449,0.3121146
1212,./node_1212_INORM,0.1407479,0.0197760
686,./node_686_INORM,0.0143534,0.4124749
378,./node_378_INORM,0.0000000,0.5000000
385,./node_385_INORM,0.0000000,0.5000000
1136,./node_1136_INORM,0.1024071,0.0920921
983,./node_983_INORM,0.0000000,0.5000000
1435,./node_1435_INORM,0.1271333,0.0445149
1159,./node_1159_INORM,0.0000000,0.5000000
911,./node_911_INORM,0.1356373,0.0214199
317,./node_317_INORM,0.0000000,0.5000000
614,./node_614_INORM,0.0617616,0.2030105
1280,./node_1280_INORM,0.2027748,0.0036912
1783,./node_1783_INORM,0.0000000,0.5000000
530,./node_530_INORM,0.0000000,0.5000000
1886,./node_1886_INORM,0.0406900,0.2851347
2028,./node_2028_INORM,0.0000000,0.5000000
553,./node_553_INORM,0.0000000,0.5000000
1818,./node_1818_INORM,0.0000000,0.5000000
374,./node_374_INORM,0.0000000,0.5000000
677,./node_677_INORM,0.0258985,0.3492772
389,./node_389_INORM,0.0000000,0.5000000
1439,./node_1439_INORM,0.0167678,0.4065455
972,./node_972_INORM,0.0000000,0.5000000
1155,./node_1155_INORM,0.2817750,0.0000213
1456,./node_1456_INORM,0.2128422,0.0024605
618,./node_618_INORM,0.0213584,0.3845780
1772,./node_1772_INORM,0.0601754,0.2174395
1271,./node_1271_INORM,0.1605354,0.0176659
1877,./node_1877_INORM,0.0446701,0.2680841
2024,./node_2024_INORM,0.0108902,0.4386617
218,./node_218_INORM,0.0766442,0.1482214
30,./node_30_INORM,0.0374766,0.3204167
1056,./node_1056_INORM,0.2421302,0.0001928
1555,./node_1555_INORM,0.2570440,0.0000913
1974,./node_1974_INORM,0.0000000,0.5000000
1989,./node_1989_INORM,0.0000000,0.5000000
1671,./node_1671_INORM,0.0000000,0.5000000
1372,./node_1372_INORM,0.0000000,0.5000000
450,./node_450_INORM,0.0000000,0.5000000
153,./node_153_INORM,0.0543990,0.2169492
1039,./node_1039_INORM,0.0265015,0.3487346
871,./node_871_INORM,0.0334839,0.3073365
789,./node_789_INORM,0.1624270,0.0087066
277,./node_277_INORM,0.0622652,0.2022919
774,./node_774_INORM,0.0333108,0.3079964
639,./node_639_INORM,0.0558080,0.2144977
1174,./node_1174_INORM,0.1386665,0.0363638
1477,./node_1477_INORM,0.1416131,0.0305539
1189,./node_1189_INORM,0.1749177,0.0108015
1856,./node_1856_INORM,0.0484920,0.2531217
2005,./node_2005_INORM,0.0000000,0.5000000
1753,./node_1753_INORM,0.0636203,0.1777440
1250,./node_1250_INORM,0.0000000,0.5000000
572,./node_572_INORM,0.0055475,0.4662079
1839,./node_1839_INORM,0.1080934,0.0643000
1418,./node_1418_INORM,0.0000000,0.5000000
953,./node_953_INORM,0.0000000,0.5000000
355,./node_355_INORM,0.0000000,0.5000000
656,./node_656_INORM,0.1181727,0.0525405
471,./node_471_INORM,0.0000000,0.5000000
172,./node_172_INORM,0.0475540,0.2492965
256,./node_256_INORM,0.0021209,0.4893412
755,./node_755_INORM,0.0000000,0.5000000
1018,./node_1018_INORM,0.0403529,0.2753911
850,./node_850_INORM,0.0237090,0.3661425
83,./node_83_INORM,0.1188357,0.0472926
11,./node_11_INORM,0.0657102,0.1930517
1589,./node_1589_INORM,0.2342950,0.0003259
1077,./node_1077_INORM,0.0306302,0.3318993
1574,./node_1574_INORM,0.0848043,0.1129796
239,./node_239_INORM,0.0000000,0.5000000
1650,./node_1650_INORM,0.0000000,0.5000000
1353,./node_1353_INORM,0.0000000,0.5000000
1955,./node_1955_INORM,0.0000000,0.5000000
1395,./node_1395_INORM,0.1645655,0.0144960
1368,./node_1368_INORM,0.2144182,0.0024182
1696,./node_1696_INORM,0.1515386,0.0245976
425,./node_425_INORM,0.0000000,0.5000000
126,./node_126_INORM,0.1049423,0.0686257
1993,./node_1993_INORM,0.0183612,0.3971135
804,./node_804_INORM,0.0000000,0.5000000
202,./node_202_INORM,0.0188413,0.3929638
701,./node_701_INORM,0.0000000,0.5000000
793,./node_793_INORM,0.2052895,0.0021347
290,./node_290_INORM,0.0000000,0.5000000
45,./node_45_INORM,0.1323679,0.0332740
1023,./node_1023_INORM,0.3114337,0.0000047
896,./node_896_INORM,0.2965769,0.0000143
1520,./node_1520_INORM,0.1944416,0.0053244
1901,./node_1901_INORM,0.1227923,0.0391333
149,./node_149_INORM,0.0537475,0.2472449
1604,./node_1604_INORM,0.1702034,0.0126826
1307,./node_1307_INORM,0.1913678,0.0055086
995,./node_995_INORM,0.0000000,0.5000000
1120,./node_1120_INORM,0.0933009,0.1084187
1423,./node_1423_INORM,0.1124550,0.0731563
968,./node_968_INORM,0.2423876,0.0001820
690,./node_690_INORM,0.1483284,0.0208324
393,./node_393_INORM,0.0357463,0.3087461
1707,./node_1707_INORM,0.0000000,0.5000000
1204,./node_1204_INORM,0.1725740,0.0121105
549,./node_549_INORM,0.0249123,0.3594412
1802,./node_1802_INORM,0.0108371,0.4396142
526,./node_526_INORM,0.0188023,0.3930402
1890,./node_1890_INORM,0.0000000,0.5000000
1296,./node_1296_INORM,0.1146393,0.0491337
1768,./node_1768_INORM,0.0858471,0.1253741
1795,./node_1795_INORM,0.0695222,0.1722653
301,./node_301_INORM,0.0381403,0.3152638
602,./node_602_INORM,0.0814061,0.1260819
907,./node_907_INORM,0.2711295,0.0000616
64,./node_64_INORM,0.1306005,0.0345565
1002,./node_1002_INORM,0.0000000,0.5000000
1501,./node_1501_INORM,0.1027932,0.0697685
99,./node_99_INORM,0.0000000,0.5000000
1625,./node_1625_INORM,0.1630688,0.0167550
1326,./node_1326_INORM,0.0000000,0.5000000
1920,./node_1920_INORM,0.0000000,0.5000000
195,./node_195_INORM,0.0853145,0.1217908
168,./node_168_INORM,0.0875850,0.1220000
496,./node_496_INORM,0.0034658,0.4794413
404,./node_404_INORM,0.0000000,0.5000000
107,./node_107_INORM,0.0822999,0.1376190
1349,./node_1349_INORM,0.1912613,0.0025996
223,./node_223_INORM,0.0400854,0.3079024
720,./node_720_INORM,0.1405585,0.0228756
1593,./node_1593_INORM,0.0771955,0.1551766
825,./node_825_INORM,0.2514152,0.0002233
1090,./node_1090_INORM,0.1165600,0.0459711
1749,./node_1749_INORM,0.0933179,0.1078336
507,./node_507_INORM,0.0282161,0.3610603
1490,./node_1490_INORM,0.1361644,0.0249169
1193,./node_1193_INORM,0.2900876,0.0000132
926,./node_926_INORM,0.2673010,0.0000646
320,./node_320_INORM,0.0184070,0.4117198
623,./node_623_INORM,0.0000000,0.5000000
1101,./node_1101_INORM,0.0000000,0.5000000
1402,./node_1402_INORM,0.2047493,0.0034249
949,./node_949_INORM,0.0469368,0.2391353
568,./node_568_INORM,0.0181638,0.3965945
1823,./node_1823_INORM,0.0580292,0.2110365
595,./node_595_INORM,0.0000000,0.5000000
1726,./node_1726_INORM,0.0000000,0.5000000
1225,./node_1225_INORM,0.0000000,0.5000000
1745,./node_1745_INORM,0.0886099,0.1181083
1246,./node_1246_INORM,0.0000000,0.5000000
1840,./node_1840_INORM,0.0661876,0.1822873
2013,./node_2013_INORM,0.0000000,0.5000000
1162,./node_1162_INORM,0.0613636,0.2101290
1461,./node_1461_INORM,0.2221518,0.0017836
343,./node_343_INORM,0.0000000,0.5000000
640,./node_640_INORM,0.0000000,0.5000000
945,./node_945_INORM,0.2202587,0.0005570
564,./node_564_INORM,0.0230592,0.3707332
599,./node_599_INORM,0.0474814,0.2470568
1229,./node_1229_INORM,0.1801102,0.0042817
68,./node_68_INORM,0.0461404,0.2714280
95,./node_95_INORM,0.0741018,0.1494811
846,./node_846_INORM,0.0209566,0.3723608
240,./node_240_INORM,0.0222094,0.3924597
743,./node_743_INORM,0.0000000,0.5000000
1629,./node_1629_INORM,0.0842643,0.1147597
199,./node_199_INORM,0.0000000,0.5000000
467,./node_467_INORM,0.0554483,0.2240487
164,./node_164_INORM,0.1073628,0.0707582
408,./node_408_INORM,0.0025428,0.4860455
1943,./node_1943_INORM,0.0000000,0.5000000
1646,./node_1646_INORM,0.2152203,0.0008935
1345,./node_1345_INORM,0.1844850,0.0035784
1061,./node_1061_INORM,0.2709253,0.0000420
1562,./node_1562_INORM,0.1833006,0.0091176
829,./node_829_INORM,0.0000000,0.5000000
999,./node_999_INORM,0.0136118,0.4225331
964,./node_964_INORM,0.0000000,0.5000000
362,./node_362_INORM,0.0000000,0.5000000
661,./node_661_INORM,0.0000000,0.5000000
1208,./node_1208_INORM,0.1437730,0.0187708
545,./node_545_INORM,0.0517988,0.2514194
1861,./node_1861_INORM,0.0000000,0.5000000
2032,./node_2032_INORM,0.0000000,0.5000000
1764,./node_1764_INORM,0.0000000,0.5000000
1267,./node_1267_INORM,0.0406456,0.3035234
1799,./node_1799_INORM,0.0000000,0.5000000
1143,./node_1143_INORM,0.1654270,0.0080995
1440,./node_1440_INORM,0.0000000,0.5000000
1399,./node_1399_INORM,0.1776102,0.0043146
1667,./node_1667_INORM,0.1194908,0.0553479
1364,./node_1364_INORM,0.0000000,0.5000000
429,./node_429_INORM,0.0000000,0.5000000
1962,./node_1962_INORM,0.0000000,0.5000000
1040,./node_1040_INORM,0.2916461,0.0000140
26,./node_26_INORM,0.1311133,0.0365497
1543,./node_1543_INORM,0.2426878,0.0001827
808,./node_808_INORM,0.2212011,0.0008573
261,./node_261_INORM,0.0588301,0.2047183
762,./node_762_INORM,0.0000000,0.5000000
49,./node_49_INORM,0.1254634,0.0420144
867,./node_867_INORM,0.2941626,0.0000186
446,./node_446_INORM,0.0000000,0.5000000
7,./node_7_INORM,0.1146671,0.0599863
145,./node_145_INORM,0.0232535,0.3767012
1608,./node_1608_INORM,0.1487643,0.0249457
2008,./node_2008_INORM,0.0002535,0.4985073
510,./node_510_INORM,0.0000000,0.5000000
1184,./node_1184_INORM,0.0126156,0.4333198
931,./node_931_INORM,0.0262091,0.3440335
1179,./node_1179_INORM,0.1218809,0.0596085
1487,./node_1487_INORM,0.1490477,0.0153740
634,./node_634_INORM,0.0391049,0.2864084
337,./node_337_INORM,0.0337938,0.3154124
358,./node_358_INORM,0.0000000,0.5000000
1415,./node_1415_INORM,0.0000000,0.5000000
1116,./node_1116_INORM,0.0749842,0.1603627
582,./node_582_INORM,0.0679230,0.1850701
1834,./node_1834_INORM,0.0559543,0.2205533
1232,./node_1232_INORM,0.1763700,0.0099726
1731,./node_1731_INORM,0.2012527,0.0017634
1516,./node_1516_INORM,0.2012718,0.0017622
1015,./node_1015_INORM,0.1680993,0.0065814
73,./node_73_INORM,0.0965111,0.0878357
758,./node_758_INORM,0.0000000,0.5000000
1331,./node_1331_INORM,0.1084429,0.0838346
1632,./node_1632_INORM,0.1591126,0.0196825
481,./node_481_INORM,0.0204880,0.3860771
1937,./node_1937_INORM,0.0000000,0.5000000
182,./node_182_INORM,0.0821684,0.1408384
110,./node_110_INORM,0.1115224,0.0581622
1958,./node_1958_INORM,0.0119117,0.4331373
413,./node_413_INORM,0.0000000,0.5000000
737,./node_737_INORM,0.0029109,0.4820581
234,./node_234_INORM,0.0000000,0.5000000
832,./node_832_INORM,0.2202943,0.0007912
1087,./node_1087_INORM,0.3065748,0.0000059
1579,./node_1579_INORM,0.2019507,0.0046881
1584,./node_1584_INORM,0.2009958,0.0055399
1434,./node_1434_INORM,0.2051888,0.0045143
982,./node_982_INORM,0.1639562,0.0083389
1137,./node_1137_INORM,0.0758371,0.1602246
384,./node_384_INORM,0.0081859,0.4563600
379,./node_379_INORM,0.0133898,0.4257706
687,./node_687_INORM,0.0021186,0.4868555
1213,./node_1213_INORM,0.1684755,0.0136237
1710,./node_1710_INORM,0.2272032,0.0005227
2046,./node_2046_INORM,0.0000000,0.5000000
1815,./node_1815_INORM,0.0720085,0.1640127
2029,./node_2029_INORM,0.0000000,0.5000000
1887,./node_1887_INORM,0.0434160,0.2722015
531,./node_531_INORM,0.0374435,0.3020521
1782,./node_1782_INORM,0.1589179,0.0124520
1281,./node_1281_INORM,0.0914768,0.0898450
615,./node_615_INORM,0.0244975,0.3721136
316,./node_316_INORM,0.0476510,0.2505140
910,./node_910_INORM,0.2554083,0.0001166
1158,./node_1158_INORM,0.1226044,0.0542413
1681,./node_1681_INORM,0.1398107,0.0334557
1382,./node_1382_INORM,0.0000000,0.5000000
131,./node_131_INORM,0.1132410,0.0611403
1984,./node_1984_INORM,0.0845093,0.1167167
1979,./node_1979_INORM,0.1003259,0.0808758
432,./node_432_INORM,0.0125219,0.4296910
813,./node_813_INORM,0.1729187,0.0054771
1558,./node_1558_INORM,0.0000000,0.5000000
716,./node_716_INORM,0.0000000,0.5000000
215,./node_215_INORM,0.0681304,0.1653961
287,./node_287_INORM,0.0000000,0.5000000
779,./node_779_INORM,0.2230225,0.0010246
784,./node_784_INORM,0.0267460,0.3403059
1537,./node_1537_INORM,0.1053780,0.1004540
1034,./node_1034_INORM,0.1502221,0.0153612
881,./node_881_INORM,0.0458773,0.2449559
52,./node_52_INORM,0.1017152,0.0794399
1916,./node_1916_INORM,0.1174471,0.0494183
1310,./node_1310_INORM,0.2562293,0.0000899
1613,./node_1613_INORM,0.2444735,0.0002024
1373,./node_1373_INORM,0.0000000,0.5000000
1670,./node_1670_INORM,0.0000000,0.5000000
1988,./node_1988_INORM,0.0000000,0.5000000
1975,./node_1975_INORM,0.1158963,0.0535709
1554,./node_1554_INORM,0.2135453,0.0032665
31,./node_31_INORM,0.0184418,0.4061102
1057,./node_1057_INORM,0.2285935,0.0004187
219,./node_219_INORM,0.0625051,0.2117059
775,./node_775_INORM,0.0000000,0.5000000
276,./node_276_INORM,0.0553284,0.2325850
788,./node_788_INORM,0.0012312,0.4924310
870,./node_870_INORM,0.2372224,0.0003146
1038,./node_1038_INORM,0.3078619,0.0000054
152,./node_152_INORM,0.0987000,0.0922618
451,./node_451_INORM,0.0033963,0.4805126
973,./node_973_INORM,0.3043701,0.0000078
1438,./node_1438_INORM,0.2821849,0.0000215
388,./node_388_INORM,0.0036658,0.4798788
676,./node_676_INORM,0.1254170,0.0354697
375,./node_375_INORM,0.0000000,0.5000000
1819,./node_1819_INORM,0.0657348,0.1851052
552,./node_552_INORM,0.0137633,0.4219108
2025,./node_2025_INORM,0.0000000,0.5000000
1876,./node_1876_INORM,0.0522276,0.2356446
1270,./node_1270_INORM,0.2023603,0.0013889
1773,./node_1773_INORM,0.1016309,0.0708730
619,./node_619_INORM,0.0199320,0.3824617
1457,./node_1457_INORM,0.1833401,0.0038533
1154,./node_1154_INORM,0.1230311,0.0547643
851,./node_851_INORM,0.0575614,0.2030475
82,./node_82_INORM,0.1287621,0.0365829
1019,./node_1019_INORM,0.0660780,0.1642113
754,./node_754_INORM,0.0208574,0.3786134
257,./node_257_INORM,0.0185665,0.4100672
173,./node_173_INORM,0.0000000,0.5000000
470,./node_470_INORM,0.0000000,0.5000000
1954,./node_1954_INORM,0.1491606,0.0180581
1352,./node_1352_INORM,0.0000000,0.5000000
1651,./node_1651_INORM,0.1383203,0.0355618
238,./node_238_INORM,0.0766098,0.1464682
1575,./node_1575_INORM,0.1798500,0.0099561
10,./node_10_INORM,0.1258846,0.0434519
1076,./node_1076_INORM,0.0000000,0.5000000
1588,./node_1588_INORM,0.1859935,0.0070008
1251,./node_1251_INORM,0.1249831,0.0540045
1752,./node_1752_INORM,0.0872260,0.1218649
2004,./node_2004_INORM,0.0148966,0.4175714
1857,./node_1857_INORM,0.0124180,0.4313246
1188,./node_1188_INORM,0.1597238,0.0180536
1476,./node_1476_INORM,0.2215605,0.0021864
1175,./node_1175_INORM,0.0000000,0.5000000
638,./node_638_INORM,0.0000000,0.5000000
657,./node_657_INORM,0.0832359,0.1209974
354,./node_354_INORM,0.0000000,0.5000000
952,./node_952_INORM,0.2673315,0.0000540
1419,./node_1419_INORM,0.0000000,0.5000000
1838,./node_1838_INORM,0.2165272,0.0009045
573,./node_573_INORM,0.0177496,0.4006280
1803,./node_1803_INORM,0.0000000,0.5000000
548,./node_548_INORM,0.0000000,0.5000000
1205,./node_1205_INORM,0.0000000,0.5000000
1706,./node_1706_INORM,0.1171074,0.0615392
392,./node_392_INORM,0.0000000,0.5000000
691,./node_691_INORM,0.1281482,0.0359915
969,./node_969_INORM,0.3061940,0.0000067
1422,./node_1422_INORM,0.0000000,0.5000000
1121,./node_1121_INORM,0.2202228,0.0006075
994,./node_994_INORM,0.0462070,0.2436145
906,./node_906_INORM,0.0000000,0.5000000
603,./node_603_INORM,0.0624164,0.2028697
300,./node_300_INORM,0.0000000,0.5000000
1794,./node_1794_INORM,0.0824769,0.1388076
1769,./node_1769_INORM,0.0740191,0.1569241
1297,./node_1297_INORM,0.1820612,0.0082297
1891,./node_1891_INORM,0.0380893,0.2972094
527,./node_527_INORM,0.0000000,0.5000000
700,./node_700_INORM,0.0228984,0.3626686
203,./node_203_INORM,0.0335685,0.3147763
805,./node_805_INORM,0.2355586,0.0004508
1992,./node_1992_INORM,0.0000000,0.5000000
127,./node_127_INORM,0.1074855,0.0723931
424,./node_424_INORM,0.0212670,0.3959119
1697,./node_1697_INORM,0.2487060,0.0001542
1369,./node_1369_INORM,0.0000000,0.5000000
1394,./node_1394_INORM,0.1380587,0.0345104
1306,./node_1306_INORM,0.1540135,0.0213137
1605,./node_1605_INORM,0.0000000,0.5000000
148,./node_148_INORM,0.0000000,0.5000000
1900,./node_1900_INORM,0.0388360,0.2935975
1521,./node_1521_INORM,0.2122492,0.0037221
44,./node_44_INORM,0.1121209,0.0639770
897,./node_897_INORM,0.2708022,0.0000653
1022,./node_1022_INORM,0.0000000,0.5000000
291,./node_291_INORM,0.0000000,0.5000000
792,./node_792_INORM,0.1890653,0.0029063
622,./node_622_INORM,0.0844941,0.1261094
321,./node_321_INORM,0.0000000,0.5000000
927,./node_927_INORM,0.2432439,0.0002051
1192,./node_1192_INORM,0.0610145,0.2154096
1491,./node_1491_INORM,0.1165138,0.0623531
506,./node_506_INORM,0.0000000,0.5000000
1748,./node_1748_INORM,0.0768771,0.1485813
1224,./node_1224_INORM,0.2928519,0.0000131
1727,./node_1727_INORM,0.0000000,0.5000000
594,./node_594_INORM,0.0000000,0.5000000
1822,./node_1822_INORM,0.1757561,0.0063295
569,./node_569_INORM,0.0060343,0.4632111
948,./node_948_INORM,0.2558285,0.0000929
1403,./node_1403_INORM,0.1564804,0.0192972
1100,./node_1100_INORM,0.1099054,0.0674398
497,./node_497_INORM,0.0188538,0.4049329
169,./node_169_INORM,0.0000000,0.5000000
194,./node_194_INORM,0.0000000,0.5000000
1921,./node_1921_INORM,0.1422972,0.0232683
1327,./node_1327_INORM,0.2118529,0.0029568
1624,./node_1624_INORM,0.0000000,0.5000000
1500,./node_1500_INORM,0.1514727,0.0124986
98,./node_98_INORM,0.0765699,0.1685075
65,./node_65_INORM,0.0958934,0.1010449
1003,./node_1003_INORM,0.0000000,0.5000000
1091,./node_1091_INORM,0.2756066,0.0000333
824,./node_824_INORM,0.0000000,0.5000000
1592,./node_1592_INORM,0.1777956,0.0102953
721,./node_721_INORM,0.0159141,0.4081018
222,./node_222_INORM,0.0066611,0.4683381
1348,./node_1348_INORM,0.0000000,0.5000000
106,./node_106_INORM,0.0684072,0.1959859
405,./node_405_INORM,0.0000000,0.5000000
165,./node_165_INORM,0.0000000,0.5000000
466,./node_466_INORM,0.0000000,0.5000000
198,./node_198_INORM,0.0669590,0.1665469
1628,./node_1628_INORM,0.0000000,0.5000000
742,./node_742_INORM,0.2007205,0.0025716
241,./node_241_INORM,0.0259225,0.3769324
94,./node_94_INORM,0.1184778,0.0519364
847,./node_847_INORM,0.0313879,0.3195169
69,./node_69_INORM,0.1280212,0.0382529
828,./node_828_INORM,0.1191569,0.0374147
1563,./node_1563_INORM,,
1060,./node_1060_INORM,0.0703185,0.1538410
1344,./node_1344_INORM,0.1439611,0.0184515
1647,./node_1647_INORM,0.0000000,0.5000000
1942,./node_1942_INORM,0.0105409,0.4407146
409,./node_409_INORM,0.0000000,0.5000000
1460,./node_1460_INORM,0.0573375,0.2077567
1163,./node_1163_INORM,0.0337791,0.3160410
2012,./node_2012_INORM,0.0000000,0.5000000
1841,./node_1841_INORM,0.0581457,0.2120438
1247,./node_1247_INORM,0.1335417,0.0395489
1744,./node_1744_INORM,0.0000000,0.5000000
1228,./node_1228_INORM,0.0000000,0.5000000
598,./node_598_INORM,0.0065429,0.4650107
565,./node_565_INORM,0.0000000,0.5000000
944,./node_944_INORM,0.2098933,0.0009892
641,./node_641_INORM,0.0496138,0.2326989
342,./node_342_INORM,0.0226253,0.3835519
809,./node_809_INORM,0.1861859,0.0036825
1542,./node_1542_INORM,0.1848603,0.0081939
1041,./node_1041_INORM,0.0335057,0.3135718
27,./node_27_INORM,0.0352294,0.3224892
1963,./node_1963_INORM,0.0636114,0.1852245
428,./node_428_INORM,0.0000000,0.5000000
1365,./node_1365_INORM,0.1561915,0.0104330
1666,./node_1666_INORM,0.2407143,0.0002502
1398,./node_1398_INORM,0.2578736,0.0000818
1609,./node_1609_INORM,0.1955723,0.0023564
6,./node_6_INORM,0.0728012,0.1756550
144,./node_144_INORM,0.0000000,0.5000000
447,./node_447_INORM,0.0000000,0.5000000
866,./node_866_INORM,0.0088904,0.4447038
48,./node_48_INORM,0.0258096,0.3762815
763,./node_763_INORM,0.0040426,0.4749497
260,./node_260_INORM,0.0000000,0.5000000
544,./node_544_INORM,0.0404715,0.2826365
1209,./node_1209_INORM,0.0300595,0.3481375
660,./node_660_INORM,0.0036395,0.4781672
363,./node_363_INORM,0.0000000,0.5000000
965,./node_965_INORM,0.3037524,0.0000081
998,./node_998_INORM,0.0413619,0.2720307
1441,./node_1441_INORM,0.0000000,0.5000000
1142,./node_1142_INORM,0.1131161,0.0615337
1798,./node_1798_INORM,0.0000000,0.5000000
1266,./node_1266_INORM,0.1333930,0.0265605
1765,./node_1765_INORM,0.0000000,0.5000000
2033,./node_2033_INORM,0.0000000,0.5000000
1860,./node_1860_INORM,0.0476551,0.2539135
279,./node_279_INORM,0.0341632,0.3353664
787,./node_787_INORM,0.0000000,0.5000000
284,./node_284_INORM,0.0444742,0.2790542
51,./node_51_INORM,0.0000000,0.5000000
1037,./node_1037_INORM,0.2773093,0.0000267
882,./node_882_INORM,0.2747676,0.0000601
1534,./node_1534_INORM,0.1529456,0.0216483
1915,./node_1915_INORM,0.0334242,0.3199091
1610,./node_1610_INORM,0.1668325,0.0190391
1313,./node_1313_INORM,0.0000000,0.5000000
1381,./node_1381_INORM,0.0928673,0.1193519
1682,./node_1682_INORM,0.1600431,0.0196763
431,./node_431_INORM,0.0000000,0.5000000
132,./node_132_INORM,0.0931394,0.1072348
1987,./node_1987_INORM,0.0000000,0.5000000
1058,./node_1058_INORM,0.0731815,0.1419946
810,./node_810_INORM,0.0233739,0.3598022
216,./node_216_INORM,0.0780262,0.1485991
715,./node_715_INORM,0.0316095,0.3158635
532,./node_532_INORM,0.0000000,0.5000000
1879,./node_1879_INORM,0.0446701,0.2681810
1884,./node_1884_INORM,0.0416584,0.2812774
1282,./node_1282_INORM,0.0558426,0.2142080
1781,./node_1781_INORM,0.0787484,0.1437316
315,./node_315_INORM,0.0000000,0.5000000
616,./node_616_INORM,0.0000000,0.5000000
1458,./node_1458_INORM,0.1947800,0.0022830
913,./node_913_INORM,0.0000000,0.5000000
981,./node_981_INORM,0.0000000,0.5000000
1134,./node_1134_INORM,0.1068309,0.0814564
1437,./node_1437_INORM,0.1292836,0.0428620
684,./node_684_INORM,0.0000000,0.5000000
387,./node_387_INORM,0.0000000,0.5000000
679,./node_679_INORM,0.0179032,0.3961442
1713,./node_1713_INORM,0.0893422,0.1153843
1210,./node_1210_INORM,0.2207269,0.0005757
1816,./node_1816_INORM,0.0645815,0.1901128
2045,./node_2045_INORM,0.0000000,0.5000000
410,./node_410_INORM,0.0227375,0.3851708
113,./node_113_INORM,0.0000000,0.5000000
237,./node_237_INORM,0.0767603,0.1439139
734,./node_734_INORM,0.1871666,0.0047444
1079,./node_1079_INORM,0.0439509,0.2708722
1587,./node_1587_INORM,0.0613439,0.2149643
831,./node_831_INORM,0.0055754,0.4655995
1084,./node_1084_INORM,0.0000000,0.5000000
70,./node_70_INORM,0.0000000,0.5000000
1016,./node_1016_INORM,0.0205289,0.3812832
1515,./node_1515_INORM,0.0394389,0.3171839
258,./node_258_INORM,0.0000000,0.5000000
1631,./node_1631_INORM,0.1489445,0.0163443
1332,./node_1332_INORM,0.0000000,0.5000000
1934,./node_1934_INORM,0.0248038,0.3634667
181,./node_181_INORM,0.0953571,0.0975845
482,./node_482_INORM,0.0042708,0.4750895
658,./node_658_INORM,0.1212809,0.0405610
1115,./node_1115_INORM,0.1403378,0.0203928
1416,./node_1416_INORM,0.0745699,0.1749329
1837,./node_1837_INORM,0.2121765,0.0011912
581,./node_581_INORM,0.0885332,0.1083572
1732,./node_1732_INORM,0.1220631,0.0600193
1231,./node_1231_INORM,0.1363330,0.0339237
513,./node_513_INORM,0.0000000,0.5000000
1858,./node_1858_INORM,0.2001322,0.0024298
1484,./node_1484_INORM,0.2224040,0.0019293
1187,./node_1187_INORM,0.2059864,0.0011583
1479,./node_1479_INORM,0.0000000,0.5000000
932,./node_932_INORM,0.0416811,0.2668267
334,./node_334_INORM,0.0000000,0.5000000
637,./node_637_INORM,0.0463365,0.2652176
357,./node_357_INORM,0.0110395,0.4457047
654,./node_654_INORM,0.0040991,0.4749433
1119,./node_1119_INORM,0.3000546,0.0000090
951,./node_951_INORM,0.0000000,0.5000000
570,./node_570_INORM,0.0356638,0.3046142
1751,./node_1751_INORM,0.0000000,0.5000000
1252,./node_1252_INORM,0.0571974,0.2358673
1854,./node_1854_INORM,0.0000000,0.5000000
2007,./node_2007_INORM,0.0000000,0.5000000
1176,./node_1176_INORM,0.1472061,0.0274185
1488,./node_1488_INORM,0.0331590,0.3400177
1475,./node_1475_INORM,0.2612288,0.0000660
338,./node_338_INORM,0.0092815,0.4547059
1957,./node_1957_INORM,0.0000000,0.5000000
1652,./node_1652_INORM,0.2533379,0.0001281
1351,./node_1351_INORM,0.2041969,0.0013912
738,./node_738_INORM,0.1922442,0.0039838
1075,./node_1075_INORM,0.1848966,0.0033038
13,./node_13_INORM,0.0995039,0.0976184
1088,./node_1088_INORM,0.0512795,0.2339093
1576,./node_1576_INORM,0.2119913,0.0032845
81,./node_81_INORM,0.0998940,0.0885545
1519,./node_1519_INORM,0.2030613,0.0037791
852,./node_852_INORM,0.2007138,0.0015628
254,./node_254_INORM,0.0449467,0.2606278
757,./node_757_INORM,0.1713312,0.0078759
473,./node_473_INORM,0.0000000,0.5000000
1938,./node_1938_INORM,0.0000000,0.5000000
170,./node_170_INORM,0.0168920,0.4058152
1875,./node_1875_INORM,0.0000000,0.5000000
1888,./node_1888_INORM,0.0000000,0.5000000
2026,./node_2026_INORM,0.0000000,0.5000000
1770,./node_1770_INORM,0.1674400,0.0073393
1273,./node_1273_INORM,0.1613501,0.0176237
319,./node_319_INORM,0.0395322,0.2977124
1157,./node_1157_INORM,0.0000000,0.5000000
1454,./node_1454_INORM,0.1895189,0.0061444
1138,./node_1138_INORM,0.2286098,0.0003810
970,./node_970_INORM,0.1593436,0.0091303
376,./node_376_INORM,0.0237414,0.3709429
688,./node_688_INORM,0.1103047,0.0530841
675,./node_675_INORM,0.0953308,0.0820889
551,./node_551_INORM,0.0000000,0.5000000
275,./node_275_INORM,0.0357106,0.3295495
288,./node_288_INORM,0.0000000,0.5000000
776,./node_776_INORM,0.0002422,0.4985073
1538,./node_1538_INORM,0.0455804,0.2597178
873,./node_873_INORM,0.2251811,0.0005177
452,./node_452_INORM,0.0000000,0.5000000
1919,./node_1919_INORM,0.1861289,0.0046635
151,./node_151_INORM,0.0880374,0.1232735
1673,./node_1673_INORM,0.1598397,0.0191634
1370,./node_1370_INORM,0.2215466,0.0005310
1976,./node_1976_INORM,0.0000000,0.5000000
1054,./node_1054_INORM,0.0000000,0.5000000
32,./node_32_INORM,0.0989013,0.1029967
1557,./node_1557_INORM,0.2119377,0.0032427
719,./node_719_INORM,0.1717173,0.0097094
1591,./node_1591_INORM,0.0973044,0.0763338
1092,./node_1092_INORM,0.0505161,0.2460214
827,./node_827_INORM,0.0000000,0.5000000
221,./node_221_INORM,0.0000000,0.5000000
722,./node_722_INORM,0.0285866,0.3349659
1648,./node_1648_INORM,0.1755843,0.0119498
406,./node_406_INORM,0.0000000,0.5000000
105,./node_105_INORM,0.0471551,0.2543112
469,./node_469_INORM,0.0231652,0.3835532
197,./node_197_INORM,0.0799158,0.1298683
1922,./node_1922_INORM,0.0000000,0.5000000
494,./node_494_INORM,0.0000000,0.5000000
1627,./node_1627_INORM,0.0000000,0.5000000
1324,./node_1324_INORM,0.2792967,0.0000253
1000,./node_1000_INORM,0.0000000,0.5000000
66,./node_66_INORM,0.1017672,0.0813626
1503,./node_1503_INORM,0.1283344,0.0280602
848,./node_848_INORM,0.2697386,0.0000840
1724,./node_1724_INORM,0.0907214,0.1288351
1227,./node_1227_INORM,0.1822595,0.0081861
1821,./node_1821_INORM,0.0714006,0.1652559
597,./node_597_INORM,0.0302732,0.3433158
1103,./node_1103_INORM,0.0859745,0.1247426
1400,./node_1400_INORM,0.2144437,0.0008676
322,./node_322_INORM,0.0000000,0.5000000
621,./node_621_INORM,0.0660231,0.1657263
1492,./node_1492_INORM,0.1873882,0.0066162
924,./node_924_INORM,0.2048636,0.0014047
1191,./node_1191_INORM,0.0000000,0.5000000
505,./node_505_INORM,0.0000000,0.5000000
1248,./node_1248_INORM,0.0805899,0.1537162
1606,./node_1606_INORM,0.1706598,0.0127128
1305,./node_1305_INORM,0.2456335,0.0001477
448,./node_448_INORM,0.0000000,0.5000000
1903,./node_1903_INORM,0.0276145,0.3504950
9,./node_9_INORM,0.0653423,0.1961789
894,./node_894_INORM,0.2342879,0.0003141
1021,./node_1021_INORM,0.2679653,0.0000471
47,./node_47_INORM,0.0534233,0.2530351
1522,./node_1522_INORM,0.2167351,0.0027181
869,./node_869_INORM,0.1872048,0.0027281
791,./node_791_INORM,0.2476593,0.0002718
292,./node_292_INORM,0.0014726,0.4929537
200,./node_200_INORM,0.0216278,0.3977811
703,./node_703_INORM,0.0000000,0.5000000
28,./node_28_INORM,0.1165191,0.0560060
806,./node_806_INORM,0.0000000,0.5000000
427,./node_427_INORM,0.0000000,0.5000000
1991,./node_1991_INORM,0.0596902,0.2012890
124,./node_124_INORM,0.0068717,0.4671396
1669,./node_1669_INORM,0.1844783,0.0086152
1397,./node_1397_INORM,0.2112737,0.0033052
1694,./node_1694_INORM,0.1044924,0.0811326
905,./node_905_INORM,0.0338049,0.3027717
303,./node_303_INORM,0.0000000,0.5000000
600,./node_600_INORM,0.1038620,0.0762044
1294,./node_1294_INORM,0.2742052,0.0000347
1797,./node_1797_INORM,0.0013545,0.4930217
1269,./node_1269_INORM,0.0029568,0.4833445
524,./node_524_INORM,0.0109336,0.4359477
1892,./node_1892_INORM,0.0000000,0.5000000
1800,./node_1800_INORM,0.0820253,0.1383233
1705,./node_1705_INORM,0.0000000,0.5000000
1206,./node_1206_INORM,0.1336965,0.0352295
692,./node_692_INORM,0.1568401,0.0146093
391,./node_391_INORM,0.0000000,0.5000000
1122,./node_1122_INORM,0.1202764,0.0509174
997,./node_997_INORM,0.2982612,0.0000097
1421,./node_1421_INORM,0.0000000,0.5000000
1141,./node_1141_INORM,0.1923810,0.0023074
1442,./node_1442_INORM,0.1845130,0.0032164
909,./node_909_INORM,0.2852602,0.0000277
1766,./node_1766_INORM,0.1058353,0.0832891
1298,./node_1298_INORM,0.1692693,0.0059977
1265,./node_1265_INORM,0.1262336,0.0321169
528,./node_528_INORM,0.0020750,0.4878489
1863,./node_1863_INORM,0.0386776,0.2928803
2030,./node_2030_INORM,0.0000000,0.5000000
547,./node_547_INORM,0.0469529,0.2513975
1709,./node_1709_INORM,0.1936394,0.0023058
360,./node_360_INORM,0.0089873,0.4512067
663,./node_663_INORM,0.0706836,0.1628404
966,./node_966_INORM,0.0572157,0.1948503
1309,./node_1309_INORM,0.0000000,0.5000000
444,./node_444_INORM,0.0000000,0.5000000
147,./node_147_INORM,0.0532821,0.2565126
5,./node_5_INORM,0.0726413,0.1737734
898,./node_898_INORM,0.2171346,0.0007870
865,./node_865_INORM,0.0000000,0.5000000
263,./node_263_INORM,0.0000000,0.5000000
760,./node_760_INORM,0.2169315,0.0012617
24,./node_24_INORM,0.0373228,0.3153591
1042,./node_1042_INORM,0.0014277,0.4915003
1541,./node_1541_INORM,0.2180300,0.0026290
1960,./node_1960_INORM,0.1216126,0.0451109
128,./node_128_INORM,0.0000000,0.5000000
1665,./node_1665_INORM,0.2346372,0.0003033
1698,./node_1698_INORM,0.0182335,0.4039652
1366,./node_1366_INORM,0.2395117,0.0002106
1728,./node_1728_INORM,0.0000000,0.5000000
566,./node_566_INORM,0.0108970,0.4347026
947,./node_947_INORM,0.2680580,0.0000520
341,./node_341_INORM,0.0000000,0.5000000
642,./node_642_INORM,0.1489245,0.0210585
1160,./node_1160_INORM,0.1390499,0.0351025
1463,./node_1463_INORM,0.0000000,0.5000000
928,./node_928_INORM,0.2907808,0.0000175
509,./node_509_INORM,0.0000000,0.5000000
1842,./node_1842_INORM,0.0629009,0.1875879
2011,./node_2011_INORM,0.0000000,0.5000000
1747,./node_1747_INORM,0.1277410,0.0339624
1244,./node_1244_INORM,0.0971702,0.0826521
1063,./node_1063_INORM,0.2595291,0.0000782
1560,./node_1560_INORM,0.0000000,0.5000000
1644,./node_1644_INORM,0.0000000,0.5000000
1347,./node_1347_INORM,0.0971916,0.1080441
1941,./node_1941_INORM,0.1552785,0.0149899
109,./node_109_INORM,0.1031991,0.0816517
465,./node_465_INORM,0.0000000,0.5000000
498,./node_498_INORM,0.0000000,0.5000000
166,./node_166_INORM,0.0992482,0.0809656
1328,./node_1328_INORM,0.2504602,0.0001263
242,./node_242_INORM,0.0622071,0.2119238
741,./node_741_INORM,0.1214302,0.0375327
844,./node_844_INORM,0.2039894,0.0015758
97,./node_97_INORM,0.0564875,0.2438231
912,./node_912_INORM,0.2630226,0.0000839
1459,./node_1459_INORM,0.0000000,0.5000000
617,./node_617_INORM,0.0056982,0.4657286
314,./node_314_INORM,0.0000000,0.5000000
1780,./node_1780_INORM,0.0768627,0.1505837
1283,./node_1283_INORM,0.2329701,0.0003137
1885,./node_1885_INORM,0.0473618,0.2571353
1878,./node_1878_INORM,0.0481266,0.2524155
533,./node_533_INORM,0.0000000,0.5000000
2044,./node_2044_INORM,0.0000000,0.5000000
1817,./node_1817_INORM,0.0741233,0.1586366
1211,./node_1211_INORM,0.2900102,0.0000133
1712,./node_1712_INORM,0.0000000,0.5000000
678,./node_678_INORM,0.1350223,0.0342164
386,./node_386_INORM,0.0000000,0.5000000
685,./node_685_INORM,0.0000000,0.5000000
1436,./node_1436_INORM,0.2195475,0.0019463
1135,./node_1135_INORM,0.1560744,0.0189435
980,./node_980_INORM,0.0873834,0.0991450
1312,./node_1312_INORM,0.0000000,0.5000000
1611,./node_1611_INORM,0.0000000,0.5000000
1914,./node_1914_INORM,0.1508090,0.0165329
1535,./node_1535_INORM,0.0148209,0.4147776
50,./node_50_INORM,0.0942868,0.1130112
883,./node_883_INORM,0.0000000,0.5000000
1036,./node_1036_INORM,0.0128653,0.4278323
285,./node_285_INORM,0.0000000,0.5000000
786,./node_786_INORM,0.1984339,0.0023998
278,./node_278_INORM,0.0000000,0.5000000
714,./node_714_INORM,0.0000000,0.5000000
217,./node_217_INORM,0.0000000,0.5000000
811,./node_811_INORM,0.0354535,0.2958658
1059,./node_1059_INORM,0.0415023,0.2780551
1986,./node_1986_INORM,0.0000000,0.5000000
133,./node_133_INORM,0.0341165,0.3170200
430,./node_430_INORM,0.0243126,0.3639935
1683,./node_1683_INORM,0.0000000,0.5000000
1380,./node_1380_INORM,0.1091719,0.0529630
1230,./node_1230_INORM,0.0494913,0.2411247
1733,./node_1733_INORM,0.0958877,0.1006339
580,./node_580_INORM,0.0190950,0.3900613
1836,./node_1836_INORM,0.0564673,0.2197997
1417,./node_1417_INORM,0.1788035,0.0090064
1114,./node_1114_INORM,0.1070820,0.0753304
659,./node_659_INORM,0.0265122,0.3447560
636,./node_636_INORM,0.0000000,0.5000000
335,./node_335_INORM,0.0267868,0.3644056
933,./node_933_INORM,0.0993670,0.0701775
1478,./node_1478_INORM,0.0000000,0.5000000
1186,./node_1186_INORM,0.0000000,0.5000000
1485,./node_1485_INORM,0.1196585,0.0707498
1859,./node_1859_INORM,0.0000000,0.5000000
512,./node_512_INORM,0.0214665,0.3937569
1085,./node_1085_INORM,0.0615289,0.1965321
830,./node_830_INORM,0.0000000,0.5000000
1586,./node_1586_INORM,0.1781804,0.0091428
1078,./node_1078_INORM,0.0816675,0.1249964
735,./node_735_INORM,0.0255011,0.3524218
236,./node_236_INORM,0.0717195,0.1672365
112,./node_112_INORM,0.0000000,0.5000000
411,./node_411_INORM,0.0000000,0.5000000
483,./node_483_INORM,0.0136224,0.4336179
180,./node_180_INORM,0.0896764,0.1141605
1935,./node_1935_INORM,0.0201082,0.3881095
1333,./node_1333_INORM,0.1500756,0.0245892
1630,./node_1630_INORM,0.0253346,0.3735266
259,./node_259_INORM,0.0247780,0.3815408
1514,./node_1514_INORM,0.1828599,0.0040970
71,./node_71_INORM,0.0000000,0.5000000
1017,./node_1017_INORM,0.3120730,0.0000045
1577,./node_1577_INORM,0.1197743,0.0550242
1089,./node_1089_INORM,0.0803611,0.1341589
1074,./node_1074_INORM,0.2042763,0.0012916
12,./node_12_INORM,0.1298085,0.0396115
739,./node_739_INORM,0.1093076,0.0522096
1350,./node_1350_INORM,0.0000000,0.5000000
1653,./node_1653_INORM,0.0000000,0.5000000
1956,./node_1956_INORM,0.1558192,0.0150566
171,./node_171_INORM,0.0000000,0.5000000
1939,./node_1939_INORM,0.0000000,0.5000000
472,./node_472_INORM,0.0410584,0.2783700
756,./node_756_INORM,0.0033413,0.4793180
255,./node_255_INORM,0.0523638,0.2542987
80,./node_80_INORM,0.0732896,0.1649039
853,./node_853_INORM,0.1720487,0.0053925
1518,./node_1518_INORM,0.1004429,0.0955538
571,./node_571_INORM,0.0000000,0.5000000
950,./node_950_INORM,0.0000000,0.5000000
1118,./node_1118_INORM,0.0748895,0.1591608
655,./node_655_INORM,0.0000000,0.5000000
356,./node_356_INORM,0.0579039,0.2115696
339,./node_339_INORM,0.0000000,0.5000000
1474,./node_1474_INORM,0.1501767,0.0231873
1489,./node_1489_INORM,0.0000000,0.5000000
1177,./node_1177_INORM,0.1235976,0.0556335
2006,./node_2006_INORM,0.0000000,0.5000000
1855,./node_1855_INORM,0.0540503,0.2280355
1253,./node_1253_INORM,0.1416150,0.0304653
1750,./node_1750_INORM,0.0465588,0.2755091
150,./node_150_INORM,0.0226768,0.3929383
1918,./node_1918_INORM,0.0077196,0.4567196
453,./node_453_INORM,0.0000000,0.5000000
872,./node_872_INORM,0.1524586,0.0115105
1539,./node_1539_INORM,0.1454299,0.0272951
777,./node_777_INORM,0.1619314,0.0090916
289,./node_289_INORM,0.0149354,0.4290358
274,./node_274_INORM,0.0315147,0.3248938
718,./node_718_INORM,0.0329354,0.3103346
1556,./node_1556_INORM,0.1384775,0.0339139
1055,./node_1055_INORM,0.0262937,0.3522925
33,./node_33_INORM,0.1307242,0.0360072
1977,./node_1977_INORM,0.0000000,0.5000000
1371,./node_1371_INORM,0.1667104,0.0145055
1672,./node_1672_INORM,0.1340896,0.0379582
1455,./node_1455_INORM,0.2231496,0.0017895
1156,./node_1156_INORM,0.1187438,0.0431622
318,./node_318_INORM,0.0331071,0.3320380
1272,./node_1272_INORM,0.1754719,0.0108675
1771,./node_1771_INORM,0.0000000,0.5000000
2027,./node_2027_INORM,0.0097107,0.4458496
1889,./node_1889_INORM,0.0000000,0.5000000
1874,./node_1874_INORM,0.0000000,0.5000000
2048,./node_2048_INORM,0.0000000,0.5000000
550,./node_550_INORM,0.0190995,0.3893423
674,./node_674_INORM,0.0283370,0.3394123
689,./node_689_INORM,0.0789674,0.1217795
377,./node_377_INORM,0.0000000,0.5000000
971,./node_971_INORM,0.2196370,0.0006464
1139,./node_1139_INORM,0.2954562,0.0000101
1401,./node_1401_INORM,0.1909434,0.0058017
1102,./node_1102_INORM,0.0552924,0.2282335
596,./node_596_INORM,0.0000000,0.5000000
1820,./node_1820_INORM,0.0618708,0.1973601
1226,./node_1226_INORM,0.0000000,0.5000000
1725,./node_1725_INORM,0.0942747,0.1042800
1249,./node_1249_INORM,0.1110166,0.0772976
504,./node_504_INORM,0.0316209,0.3261783
1190,./node_1190_INORM,0.0000000,0.5000000
925,./node_925_INORM,0.3058862,0.0000072
1493,./node_1493_INORM,0.1844121,0.0105220
620,./node_620_INORM,0.0942527,0.0842020
323,./node_323_INORM,0.0000000,0.5000000
104,./node_104_INORM,0.0000000,0.5000000
407,./node_407_INORM,0.0000000,0.5000000
1649,./node_1649_INORM,0.1571590,0.0202504
723,./node_723_INORM,0.1849090,0.0059435
220,./node_220_INORM,0.0694415,0.1642982
826,./node_826_INORM,0.0000000,0.5000000
1093,./node_1093_INORM,0.1004163,0.0784298
1590,./node_1590_INORM,0.0950760,0.1043007
849,./node_849_INORM,0.0000000,0.5000000
1502,./node_1502_INORM,0.0753453,0.1331188
1001,./node_1001_INORM,0.0000000,0.5000000
67,./node_67_INORM,0.0746795,0.1754196
1325,./node_1325_INORM,0.0854497,0.1045604
1626,./node_1626_INORM,0.0000000,0.5000000
495,./node_495_INORM,0.0000000,0.5000000
1923,./node_1923_INORM,0.1662112,0.0101950
196,./node_196_INORM,0.0506395,0.2593238
468,./node_468_INORM,0.0000000,0.5000000
1893,./node_1893_INORM,0.0448308,0.2666652
525,./node_525_INORM,0.0000000,0.5000000
1268,./node_1268_INORM,0.1919348,0.0063067
1796,./node_1796_INORM,0.0000000,0.5000000
1295,./node_1295_INORM,0.1501693,0.0244614
601,./node_601_INORM,0.0162029,0.4056331
302,./node_302_INORM,0.0000000,0.5000000
904,./node_904_INORM,0.2856597,0.0000289
1420,./node_1420_INORM,0.1497542,0.0237582
996,./node_996_INORM,0.0000000,0.5000000
1123,./node_1123_INORM,0.1263632,0.0452132
390,./node_390_INORM,0.0000000,0.5000000
693,./node_693_INORM,0.1805390,0.0057843
1207,./node_1207_INORM,0.0000000,0.5000000
1704,./node_1704_INORM,0.0000000,0.5000000
1801,./node_1801_INORM,0.0714071,0.1664213
293,./node_293_INORM,0.0000000,0.5000000
790,./node_790_INORM,0.1463042,0.0155298
868,./node_868_INORM,0.0000000,0.5000000
1523,./node_1523_INORM,0.2596345,0.0000745
1020,./node_1020_INORM,0.0190473,0.3989558
895,./node_895_INORM,0.1842795,0.0030920
46,./node_46_INORM,0.0958313,0.0988226
8,./node_8_INORM,0.0960519,0.1001324
1902,./node_1902_INORM,0.1709374,0.0085737
449,./node_449_INORM,0.0000000,0.5000000
1304,./node_1304_INORM,0.1408631,0.0335022
1607,./node_1607_INORM,0.1986659,0.0058528
1695,./node_1695_INORM,0.1260042,0.0490074
1396,./node_1396_INORM,0.1179377,0.0687184
1668,./node_1668_INORM,0.0000000,0.5000000
125,./node_125_INORM,0.0748059,0.1441542
1990,./node_1990_INORM,0.0012419,0.4929763
426,./node_426_INORM,0.0543023,0.2224157
807,./node_807_INORM,0.0000000,0.5000000
29,./node_29_INORM,0.0840789,0.1318928
702,./node_702_INORM,0.0000000,0.5000000
201,./node_201_INORM,0.0029967,0.4858082
761,./node_761_INORM,0.1817913,0.0042395
262,./node_262_INORM,0.0103851,0.4475641
864,./node_864_INORM,0.0059255,0.4630052
899,./node_899_INORM,0.2471009,0.0001496
146,./node_146_INORM,0.0561610,0.2121929
4,./node_4_INORM,0.1138538,0.0630775
445,./node_445_INORM,0.0000000,0.5000000
1308,./node_1308_INORM,0.1341671,0.0234425
1367,./node_1367_INORM,0.1405356,0.0333176
1699,./node_1699_INORM,0.0000000,0.5000000
1664,./node_1664_INORM,0.1047525,0.0788693
129,./node_129_INORM,0.0565926,0.2334902
1961,./node_1961_INORM,0.0592875,0.2022003
1540,./node_1540_INORM,0.1102056,0.0729991
25,./node_25_INORM,0.1276715,0.0420954
1043,./node_1043_INORM,0.0487515,0.2413023
2031,./node_2031_INORM,0.0000000,0.5000000
1862,./node_1862_INORM,0.0558498,0.2229920
529,./node_529_INORM,0.0101734,0.4395001
1264,./node_1264_INORM,0.1687942,0.0062809
1299,./node_1299_INORM,0.2679531,0.0000465
1767,./node_1767_INORM,0.0833232,0.1318108
908,./node_908_INORM,0.1494080,0.0153059
1443,./node_1443_INORM,0.0162061,0.4224590
1140,./node_1140_INORM,0.1308755,0.0386497
967,./node_967_INORM,0.0927593,0.0897142
662,./node_662_INORM,0.0274577,0.3433450
361,./node_361_INORM,0.0000000,0.5000000
1708,./node_1708_INORM,0.0000000,0.5000000
546,./node_546_INORM,0.0698801,0.1673185
108,./node_108_INORM,0.1144973,0.0583072
1940,./node_1940_INORM,0.0173034,0.4034109
1346,./node_1346_INORM,0.0000000,0.5000000
1645,./node_1645_INORM,0.1691989,0.0074142
1561,./node_1561_INORM,0.2177935,0.0007821
1062,./node_1062_INORM,0.0274073,0.3529415
845,./node_845_INORM,0.2743609,0.0000666
96,./node_96_INORM,0.0703096,0.1678031
740,./node_740_INORM,0.1726558,0.0071756
243,./node_243_INORM,0.0403278,0.2797185
1329,./node_1329_INORM,0.1463402,0.0270103
167,./node_167_INORM,0.0278764,0.3604186
499,./node_499_INORM,0.0000000,0.5000000
464,./node_464_INORM,0.0000000,0.5000000
643,./node_643_INORM,0.0203752,0.3832673
340,./node_340_INORM,0.0222493,0.3830631
946,./node_946_INORM,0.1901866,0.0024163
567,./node_567_INORM,0.0134646,0.4207637
1729,./node_1729_INORM,0.1067798,0.0793975
1245,./node_1245_INORM,0.0000000,0.5000000
1746,./node_1746_INORM,0.0915057,0.1101993
2010,./node_2010_INORM,0.0000000,0.5000000
1843,./node_1843_INORM,0.1905642,0.0034154
508,./node_508_INORM,0.0401492,0.3011269
929,./node_929_INORM,0.0302286,0.3306832
1462,./node_1462_INORM,0.2083555,0.0040818
1161,./node_1161_INORM,0.1640152,0.0082509
