node,name,H2r,rp
527,./node_527_INORM,0.0421989,0.2805950
1007,./node_1007_INORM,0.0000000,0.5000000
300,./node_300_INORM,0.0552996,0.2409660
603,./node_603_INORM,0.0040687,0.4762711
906,./node_906_INORM,0.0000000,0.5000000
994,./node_994_INORM,0.0000000,0.5000000
92,./node_92_INORM,0.0435617,0.2703635
969,./node_969_INORM,0.0000000,0.5000000
691,./node_691_INORM,0.1695208,0.0148012
392,./node_392_INORM,0.1033573,0.0957127
548,./node_548_INORM,0.0000000,0.5000000
792,./node_792_INORM,0.1139759,0.0718461
291,./node_291_INORM,0.0732418,0.1703279
897,./node_897_INORM,0.0010941,0.4944150
148,./node_148_INORM,0.0201262,0.3874096
424,./node_424_INORM,0.0887577,0.1317199
127,./node_127_INORM,0.0741407,0.1584130
805,./node_805_INORM,0.1022739,0.0958508
203,./node_203_INORM,0.0753482,0.1621716
700,./node_700_INORM,0.0765715,0.1407908
948,./node_948_INORM,0.0000000,0.5000000
569,./node_569_INORM,0.1201046,0.0576422
594,./node_594_INORM,0.1165016,0.0587376
506,./node_506_INORM,0.0028900,0.4839274
21,./node_21_INORM,0.0112327,0.4348320
927,./node_927_INORM,0.0305224,0.3477602
321,./node_321_INORM,0.0510475,0.2582760
622,./node_622_INORM,0.1206919,0.0514347
405,./node_405_INORM,0.0075476,0.4597615
106,./node_106_INORM,0.0253305,0.3569707
222,./node_222_INORM,0.0714654,0.1766259
721,./node_721_INORM,0.0008479,0.4951797
824,./node_824_INORM,0.1286966,0.0508173
194,./node_194_INORM,0.0437402,0.2777482
169,./node_169_INORM,0.0379815,0.3027216
497,./node_497_INORM,0.1345057,0.0409786
409,./node_409_INORM,0.0875589,0.1339951
828,./node_828_INORM,0.0855835,0.1363842
847,./node_847_INORM,0.0590855,0.2263899
241,./node_241_INORM,0.0559368,0.2422901
742,./node_742_INORM,0.0558208,0.2164774
198,./node_198_INORM,0.0161303,0.4108541
466,./node_466_INORM,0.1232988,0.0563249
165,./node_165_INORM,0.0149010,0.4162913
342,./node_342_INORM,0.0882980,0.1452194
641,./node_641_INORM,0.1431436,0.0321941
42,./node_42_INORM,0.0351300,0.3118310
944,./node_944_INORM,0.0000000,0.5000000
565,./node_565_INORM,0.1019078,0.0930625
598,./node_598_INORM,0.1406630,0.0312439
260,./node_260_INORM,0.0642049,0.1992305
763,./node_763_INORM,0.0000000,0.5000000
866,./node_866_INORM,0.0208541,0.3857487
447,./node_447_INORM,0.0983932,0.1058001
144,./node_144_INORM,0.0449548,0.2640407
428,./node_428_INORM,0.0002756,0.4986180
809,./node_809_INORM,0.0989906,0.1000817
63,./node_63_INORM,0.0677025,0.1834990
998,./node_998_INORM,0.0202424,0.3988293
965,./node_965_INORM,0.0000000,0.5000000
363,./node_363_INORM,0.0243489,0.3754932
660,./node_660_INORM,0.1067596,0.0702775
544,./node_544_INORM,0.0801161,0.1390099
582,./node_582_INORM,0.1288540,0.0421528
58,./node_58_INORM,0.0421863,0.2749948
358,./node_358_INORM,0.0067354,0.4653381
337,./node_337_INORM,0.0234353,0.3819590
634,./node_634_INORM,0.1383070,0.0331091
37,./node_37_INORM,0.0048160,0.4722450
931,./node_931_INORM,0.0000627,0.5000000
510,./node_510_INORM,0.1165812,0.0644312
832,./node_832_INORM,0.0720640,0.1805422
234,./node_234_INORM,0.0719719,0.1804680
737,./node_737_INORM,0.1207005,0.0603737
413,./node_413_INORM,0.0000000,0.5000000
110,./node_110_INORM,0.0531759,0.2365505
182,./node_182_INORM,0.0620247,0.2051934
481,./node_481_INORM,0.0964528,0.1094107
758,./node_758_INORM,0.0547945,0.2191323
16,./node_16_INORM,0.0240007,0.3658031
910,./node_910_INORM,0.0000000,0.5000000
316,./node_316_INORM,0.0271898,0.3640421
615,./node_615_INORM,0.0665740,0.1871139
1011,./node_1011_INORM,0.0000000,0.5000000
531,./node_531_INORM,0.0031131,0.4824341
5,./node_5_INORM,0.0415945,0.2785152
687,./node_687_INORM,0.0000000,0.5000000
379,./node_379_INORM,0.0032571,0.4830982
384,./node_384_INORM,0.1025796,0.0952144
79,./node_79_INORM,0.0188072,0.3911197
982,./node_982_INORM,0.0000000,0.5000000
84,./node_84_INORM,0.0717808,0.1692345
881,./node_881_INORM,0.1025846,0.0979133
784,./node_784_INORM,0.0322896,0.3231285
779,./node_779_INORM,0.1561584,0.0237398
287,./node_287_INORM,0.0721944,0.1724222
215,./node_215_INORM,0.0696413,0.1767292
716,./node_716_INORM,0.0589224,0.2068976
813,./node_813_INORM,0.0915766,0.1198669
432,./node_432_INORM,0.0000000,0.5000000
131,./node_131_INORM,0.0714518,0.1720665
451,./node_451_INORM,0.0144318,0.4220201
152,./node_152_INORM,0.0176495,0.4009294
870,./node_870_INORM,0.0784874,0.1571227
788,./node_788_INORM,0.1143907,0.0743159
276,./node_276_INORM,0.0733729,0.1680130
775,./node_775_INORM,0.0275635,0.3539378
219,./node_219_INORM,0.0728181,0.1729586
619,./node_619_INORM,0.0904889,0.1161002
552,./node_552_INORM,0.0000000,0.5000000
9,./node_9_INORM,0.0589122,0.2098948
375,./node_375_INORM,0.0416300,0.3021651
676,./node_676_INORM,0.1449334,0.0306566
388,./node_388_INORM,0.0146896,0.4241368
75,./node_75_INORM,0.0003733,0.4978890
88,./node_88_INORM,0.0009319,0.4947076
973,./node_973_INORM,0.0000000,0.5000000
238,./node_238_INORM,0.0799706,0.1513310
470,./node_470_INORM,0.0086570,0.4526560
173,./node_173_INORM,0.0555517,0.2226358
257,./node_257_INORM,0.0623567,0.2123814
754,./node_754_INORM,0.0262778,0.3566749
851,./node_851_INORM,0.0041233,0.4780874
573,./node_573_INORM,0.1061773,0.0752073
54,./node_54_INORM,0.0120632,0.4292469
952,./node_952_INORM,0.0377646,0.3160804
354,./node_354_INORM,0.0834090,0.1431841
657,./node_657_INORM,0.1702161,0.0140591
638,./node_638_INORM,0.0000000,0.5000000
149,./node_149_INORM,0.0734312,0.1666043
896,./node_896_INORM,0.0460479,0.2802486
290,./node_290_INORM,0.0539398,0.2448630
793,./node_793_INORM,0.0286757,0.3507878
701,./node_701_INORM,0.0704337,0.1625008
202,./node_202_INORM,0.0756364,0.1629935
804,./node_804_INORM,0.1298225,0.0487976
126,./node_126_INORM,0.0010211,0.4940561
425,./node_425_INORM,0.0578636,0.2348270
907,./node_907_INORM,0.0000000,0.5000000
602,./node_602_INORM,0.1005689,0.0894131
301,./node_301_INORM,0.0504058,0.2644606
526,./node_526_INORM,0.0474423,0.2605879
1006,./node_1006_INORM,0.0000000,0.5000000
549,./node_549_INORM,0.0882523,0.1169887
393,./node_393_INORM,0.0094452,0.4510584
690,./node_690_INORM,0.1685215,0.0146955
93,./node_93_INORM,0.0166285,0.4039780
968,./node_968_INORM,0.0000000,0.5000000
995,./node_995_INORM,0.0000000,0.5000000
825,./node_825_INORM,0.0686882,0.1926594
720,./node_720_INORM,0.0562993,0.2148763
223,./node_223_INORM,0.0410274,0.2893096
107,./node_107_INORM,0.0529729,0.2373337
404,./node_404_INORM,0.0000000,0.5000000
496,./node_496_INORM,0.1323686,0.0402133
168,./node_168_INORM,0.0214276,0.3827812
195,./node_195_INORM,0.0815393,0.1472753
595,./node_595_INORM,0.0367841,0.3062911
568,./node_568_INORM,0.1386725,0.0356059
949,./node_949_INORM,0.0332940,0.3348590
623,./node_623_INORM,0.0000000,0.5000000
320,./node_320_INORM,0.0601839,0.2188730
926,./node_926_INORM,0.0000000,0.5000000
20,./node_20_INORM,0.0695009,0.1753061
507,./node_507_INORM,0.0107765,0.4409346
599,./node_599_INORM,0.0717233,0.1601582
564,./node_564_INORM,0.0920684,0.1147002
945,./node_945_INORM,0.0542592,0.2456720
43,./node_43_INORM,0.0250488,0.3573059
640,./node_640_INORM,0.1093661,0.0697772
343,./node_343_INORM,0.0937047,0.1144847
829,./node_829_INORM,0.0000000,0.5000000
408,./node_408_INORM,0.0051296,0.4731044
164,./node_164_INORM,0.0103698,0.4425368
467,./node_467_INORM,0.0022566,0.4878489
199,./node_199_INORM,0.0823878,0.1407940
743,./node_743_INORM,0.0605832,0.2034825
240,./node_240_INORM,0.0400368,0.2946215
846,./node_846_INORM,0.0000000,0.5000000
545,./node_545_INORM,0.0130916,0.4255656
661,./node_661_INORM,0.0679054,0.1711236
362,./node_362_INORM,0.0212975,0.3912156
964,./node_964_INORM,0.0102837,0.4474921
62,./node_62_INORM,0.0020887,0.4877446
999,./node_999_INORM,0.0000000,0.5000000
145,./node_145_INORM,0.0083939,0.4522713
446,./node_446_INORM,0.0000000,0.5000000
867,./node_867_INORM,0.0311182,0.3450450
762,./node_762_INORM,0.1573471,0.0232402
261,./node_261_INORM,0.0650308,0.2020908
808,./node_808_INORM,0.1285349,0.0510809
429,./node_429_INORM,0.0695984,0.1889074
111,./node_111_INORM,0.0131344,0.4239139
412,./node_412_INORM,0.0526439,0.2489125
736,./node_736_INORM,0.0585045,0.2206696
235,./node_235_INORM,0.0331358,0.3277695
833,./node_833_INORM,0.0814424,0.1520601
759,./node_759_INORM,0.1579214,0.0219663
480,./node_480_INORM,0.0131544,0.4284368
183,./node_183_INORM,0.0159073,0.4107282
359,./node_359_INORM,0.0381226,0.3143529
59,./node_59_INORM,0.0656355,0.1834137
583,./node_583_INORM,0.1247775,0.0505579
511,./node_511_INORM,0.1117316,0.0782414
930,./node_930_INORM,0.0173040,0.4126529
36,./node_36_INORM,0.0053552,0.4685390
635,./node_635_INORM,0.1237219,0.0525391
336,./node_336_INORM,0.0554730,0.2388647
286,./node_286_INORM,0.0558937,0.2351221
778,./node_778_INORM,0.1309901,0.0481542
785,./node_785_INORM,0.1054909,0.0818380
880,./node_880_INORM,0.0769052,0.1658677
130,./node_130_INORM,0.0158467,0.4094760
433,./node_433_INORM,0.0103089,0.4447464
812,./node_812_INORM,0.0927250,0.1203666
717,./node_717_INORM,0.1432950,0.0312266
214,./node_214_INORM,0.0722985,0.1766398
1010,./node_1010_INORM,0.0000000,0.5000000
530,./node_530_INORM,0.0256196,0.3615181
614,./node_614_INORM,0.0901175,0.1110344
317,./node_317_INORM,0.0836654,0.1440625
911,./node_911_INORM,0.0000000,0.5000000
17,./node_17_INORM,0.0616322,0.1999222
85,./node_85_INORM,0.0000000,0.5000000
78,./node_78_INORM,0.0235723,0.3658953
983,./node_983_INORM,0.0000000,0.5000000
385,./node_385_INORM,0.0183140,0.4056461
378,./node_378_INORM,0.0862319,0.1410763
686,./node_686_INORM,0.0926500,0.0977182
4,./node_4_INORM,0.0359922,0.3034024
618,./node_618_INORM,0.0213605,0.3837066
89,./node_89_INORM,0.0000000,0.5000000
972,./node_972_INORM,0.0000000,0.5000000
74,./node_74_INORM,0.0671042,0.1777457
389,./node_389_INORM,0.0993708,0.1134587
677,./node_677_INORM,0.0325577,0.3228541
374,./node_374_INORM,0.0181346,0.4071515
553,./node_553_INORM,0.0811424,0.1374439
8,./node_8_INORM,0.0155661,0.4108333
774,./node_774_INORM,0.1456859,0.0313144
277,./node_277_INORM,0.0717791,0.1726244
789,./node_789_INORM,0.0197060,0.3967579
871,./node_871_INORM,0.0312732,0.3457195
153,./node_153_INORM,0.0757151,0.1599211
450,./node_450_INORM,0.0059216,0.4682532
218,./node_218_INORM,0.0443716,0.2750350
656,./node_656_INORM,0.1204246,0.0558927
355,./node_355_INORM,0.0066215,0.4657239
953,./node_953_INORM,0.0000000,0.5000000
55,./node_55_INORM,0.0633582,0.1974391
572,./node_572_INORM,0.1130943,0.0679481
639,./node_639_INORM,0.0000000,0.5000000
239,./node_239_INORM,0.0556022,0.2303087
850,./node_850_INORM,0.0509972,0.2578809
755,./node_755_INORM,0.1452035,0.0322626
256,./node_256_INORM,0.0818190,0.1586081
172,./node_172_INORM,0.0209079,0.3868623
471,./node_471_INORM,0.1080313,0.0831449
323,./node_323_INORM,0.0823172,0.1588294
620,./node_620_INORM,0.0121302,0.4299175
23,./node_23_INORM,0.0147914,0.4150570
925,./node_925_INORM,0.0745412,0.1728148
1024,./node_1024_INORM,0.0000000,0.5000000
504,./node_504_INORM,0.0312946,0.3340885
596,./node_596_INORM,0.1054447,0.0776724
468,./node_468_INORM,0.0193504,0.3951833
196,./node_196_INORM,0.0776439,0.1526766
495,./node_495_INORM,0.0124679,0.4313064
849,./node_849_INORM,0.0835424,0.1442175
826,./node_826_INORM,0.0786096,0.1577359
220,./node_220_INORM,0.0445358,0.2739169
723,./node_723_INORM,0.0000000,0.5000000
407,./node_407_INORM,0.0091362,0.4513425
104,./node_104_INORM,0.0049926,0.4707807
693,./node_693_INORM,0.0843652,0.1183698
390,./node_390_INORM,0.0929935,0.1276367
996,./node_996_INORM,0.0150672,0.4245969
90,./node_90_INORM,0.0009687,0.4945302
904,./node_904_INORM,0.0000000,0.5000000
302,./node_302_INORM,0.0637228,0.2020460
601,./node_601_INORM,0.1323499,0.0398824
1005,./node_1005_INORM,0.0022750,0.4884117
525,./node_525_INORM,0.0382365,0.3007425
201,./node_201_INORM,0.0279983,0.3489069
702,./node_702_INORM,0.0390964,0.2903204
807,./node_807_INORM,0.0393243,0.2878512
426,./node_426_INORM,0.1071365,0.0853874
125,./node_125_INORM,0.0045934,0.4735626
449,./node_449_INORM,0.0024263,0.4870627
895,./node_895_INORM,0.0122585,0.4376815
868,./node_868_INORM,0.0778965,0.1597271
790,./node_790_INORM,0.0952219,0.1139430
293,./node_293_INORM,0.0529401,0.2503610
129,./node_129_INORM,0.0696020,0.1794478
445,./node_445_INORM,0.0587095,0.2190153
146,./node_146_INORM,0.0728663,0.1694891
899,./node_899_INORM,0.0073909,0.4624364
864,./node_864_INORM,0.0000000,0.5000000
262,./node_262_INORM,0.0661722,0.1922275
761,./node_761_INORM,0.1605375,0.0202017
546,./node_546_INORM,0.0789683,0.1436765
361,./node_361_INORM,0.0238736,0.3778802
662,./node_662_INORM,0.0000000,0.5000000
61,./node_61_INORM,0.0582159,0.2081508
967,./node_967_INORM,0.0432810,0.2919236
908,./node_908_INORM,0.0005548,0.4969618
529,./node_529_INORM,0.0575798,0.2161109
1009,./node_1009_INORM,0.0000000,0.5000000
464,./node_464_INORM,0.0834273,0.1445386
499,./node_499_INORM,0.0153197,0.4169435
167,./node_167_INORM,0.0714770,0.1755314
243,./node_243_INORM,0.0888865,0.1257628
740,./node_740_INORM,0.1729741,0.0137011
845,./node_845_INORM,0.0653894,0.2043145
108,./node_108_INORM,0.0359362,0.3055949
929,./node_929_INORM,0.0000000,0.5000000
508,./node_508_INORM,0.0000000,0.5000000
567,./node_567_INORM,0.1367447,0.0360527
40,./node_40_INORM,0.0673316,0.1835066
946,./node_946_INORM,0.0287763,0.3583987
340,./node_340_INORM,0.0682764,0.1972129
643,./node_643_INORM,0.1635968,0.0158485
980,./node_980_INORM,0.0000000,0.5000000
86,./node_86_INORM,0.0396495,0.2859746
685,./node_685_INORM,0.0857598,0.1176227
386,./node_386_INORM,0.0965646,0.1078825
678,./node_678_INORM,0.1649818,0.0155537
7,./node_7_INORM,0.0537005,0.2282464
533,./node_533_INORM,0.0116793,0.4355146
1013,./node_1013_INORM,0.0000000,0.5000000
314,./node_314_INORM,0.0744391,0.1748854
617,./node_617_INORM,0.0564584,0.2229306
14,./node_14_INORM,0.0478334,0.2529707
912,./node_912_INORM,0.0198230,0.4001227
430,./node_430_INORM,0.1232383,0.0637641
133,./node_133_INORM,0.0066685,0.4622265
811,./node_811_INORM,0.1210420,0.0616401
217,./node_217_INORM,0.0749812,0.1659077
714,./node_714_INORM,0.1779465,0.0113543
278,./node_278_INORM,0.0507044,0.2545847
786,./node_786_INORM,0.0044961,0.4757482
285,./node_285_INORM,0.0564596,0.2365914
883,./node_883_INORM,0.0186229,0.4058689
512,./node_512_INORM,0.1365319,0.0391476
35,./node_35_INORM,0.0064881,0.4621888
933,./node_933_INORM,0.0368980,0.3180564
335,./node_335_INORM,0.0631358,0.2139457
636,./node_636_INORM,0.1276473,0.0419897
659,./node_659_INORM,0.1028735,0.0764398
580,./node_580_INORM,0.0180743,0.3968699
259,./node_259_INORM,0.0664792,0.1914544
180,./node_180_INORM,0.0627252,0.2037884
483,./node_483_INORM,0.0007611,0.4958541
411,./node_411_INORM,0.0654772,0.2057869
112,./node_112_INORM,0.0006159,0.4963875
236,./node_236_INORM,0.0439697,0.2789854
735,./node_735_INORM,0.1648867,0.0173825
830,./node_830_INORM,0.0068295,0.4623901
853,./node_853_INORM,0.0360208,0.3069788
255,./node_255_INORM,0.0672364,0.1921964
756,./node_756_INORM,0.0042578,0.4763582
472,./node_472_INORM,0.1318719,0.0433400
171,./node_171_INORM,0.0301942,0.3391269
739,./node_739_INORM,0.1746047,0.0130030
39,./node_39_INORM,0.0477841,0.2502684
339,./node_339_INORM,0.0713627,0.1958329
356,./node_356_INORM,0.0027380,0.4858082
655,./node_655_INORM,0.1693949,0.0139028
56,./node_56_INORM,0.0704714,0.1713595
950,./node_950_INORM,0.0000000,0.5000000
571,./node_571_INORM,0.1013082,0.0886389
718,./node_718_INORM,0.0741653,0.1493179
274,./node_274_INORM,0.0335561,0.3302248
289,./node_289_INORM,0.0225508,0.3851839
777,./node_777_INORM,0.0166542,0.4070507
872,./node_872_INORM,0.0151803,0.4153008
453,./node_453_INORM,0.0102639,0.4442651
150,./node_150_INORM,0.0660613,0.1822715
77,./node_77_INORM,0.0676425,0.1844620
971,./node_971_INORM,0.0142784,0.4281112
377,./node_377_INORM,0.1010831,0.1120224
689,./node_689_INORM,0.1017970,0.0831821
674,./node_674_INORM,0.1761420,0.0116916
550,./node_550_INORM,0.0000000,0.5000000
318,./node_318_INORM,0.0830669,0.1552253
18,./node_18_INORM,0.0335058,0.3142172
848,./node_848_INORM,0.0700963,0.1838533
494,./node_494_INORM,0.0000000,0.5000000
197,./node_197_INORM,0.0222953,0.3775361
469,./node_469_INORM,0.1373629,0.0398425
105,./node_105_INORM,0.0675552,0.1811970
406,./node_406_INORM,0.0000000,0.5000000
722,./node_722_INORM,0.0567738,0.2099198
221,./node_221_INORM,0.0776659,0.1617577
827,./node_827_INORM,0.0240637,0.3671600
505,./node_505_INORM,0.0244986,0.3713084
924,./node_924_INORM,0.0378058,0.3162366
22,./node_22_INORM,0.0588655,0.2105682
621,./node_621_INORM,0.1104388,0.0715714
322,./node_322_INORM,0.0303112,0.3482967
597,./node_597_INORM,0.1458537,0.0291729
124,./node_124_INORM,0.0303236,0.3316691
427,./node_427_INORM,0.0159212,0.4168171
806,./node_806_INORM,0.0989373,0.1035961
703,./node_703_INORM,0.1721378,0.0140458
200,./node_200_INORM,0.0194278,0.3929581
292,./node_292_INORM,0.0579231,0.2257227
791,./node_791_INORM,0.1399797,0.0368428
869,./node_869_INORM,0.0012562,0.4929763
894,./node_894_INORM,0.0247566,0.3763212
448,./node_448_INORM,0.1171618,0.0711258
91,./node_91_INORM,0.0547409,0.2296340
997,./node_997_INORM,0.0010912,0.4944150
391,./node_391_INORM,0.0930385,0.1272746
692,./node_692_INORM,0.0881928,0.1085142
1004,./node_1004_INORM,0.0000000,0.5000000
524,./node_524_INORM,0.0000000,0.5000000
600,./node_600_INORM,0.0311645,0.3286410
303,./node_303_INORM,0.0572409,0.2313739
905,./node_905_INORM,0.0333463,0.3361317
966,./node_966_INORM,0.0073441,0.4624618
60,./node_60_INORM,0.0012558,0.4927973
663,./node_663_INORM,0.0256978,0.3598283
360,./node_360_INORM,0.0341568,0.3300410
547,./node_547_INORM,0.0803163,0.1400002
528,./node_528_INORM,0.0294823,0.3456452
1008,./node_1008_INORM,0.0000000,0.5000000
909,./node_909_INORM,0.0111932,0.4431685
128,./node_128_INORM,0.0011658,0.4932066
760,./node_760_INORM,0.1434759,0.0333393
263,./node_263_INORM,0.0785807,0.1587768
865,./node_865_INORM,0.0662510,0.1987938
898,./node_898_INORM,0.0309214,0.3475819
147,./node_147_INORM,0.0707683,0.1763340
444,./node_444_INORM,0.0000000,0.5000000
509,./node_509_INORM,0.0376345,0.3011690
928,./node_928_INORM,0.0000000,0.5000000
642,./node_642_INORM,0.0602312,0.1992335
341,./node_341_INORM,0.0970856,0.1061990
947,./node_947_INORM,0.0182964,0.4076835
41,./node_41_INORM,0.0663840,0.1870380
566,./node_566_INORM,0.0950747,0.0978736
844,./node_844_INORM,0.0643775,0.2069700
741,./node_741_INORM,0.1670743,0.0167997
242,./node_242_INORM,0.0349571,0.3195832
166,./node_166_INORM,0.0195378,0.3911170
498,./node_498_INORM,0.0229542,0.3762995
465,./node_465_INORM,0.1306826,0.0476774
109,./node_109_INORM,0.0114466,0.4367094
715,./node_715_INORM,0.0000000,0.5000000
216,./node_216_INORM,0.0763260,0.1625225
810,./node_810_INORM,0.0912283,0.1248131
132,./node_132_INORM,0.0721069,0.1674689
431,./node_431_INORM,0.1059518,0.0877946
882,./node_882_INORM,0.0589779,0.2278863
284,./node_284_INORM,0.0453045,0.2798887
787,./node_787_INORM,0.1467565,0.0304133
279,./node_279_INORM,0.0737254,0.1736667
6,./node_6_INORM,0.0264191,0.3528825
679,./node_679_INORM,0.0918607,0.0990093
387,./node_387_INORM,0.0445215,0.2877221
684,./node_684_INORM,0.0164899,0.4095610
87,./node_87_INORM,0.0000000,0.5000000
981,./node_981_INORM,0.0000000,0.5000000
913,./node_913_INORM,0.0000000,0.5000000
15,./node_15_INORM,0.0181060,0.3959863
616,./node_616_INORM,0.0147870,0.4165889
315,./node_315_INORM,0.0739357,0.1853531
532,./node_532_INORM,0.0668404,0.1822281
1012,./node_1012_INORM,0.0000000,0.5000000
482,./node_482_INORM,0.0000000,0.5000000
181,./node_181_INORM,0.0446405,0.2773472
258,./node_258_INORM,0.0583610,0.2294816
831,./node_831_INORM,0.0977110,0.1061734
734,./node_734_INORM,0.0042234,0.4768331
237,./node_237_INORM,0.0572769,0.2229345
113,./node_113_INORM,0.0007776,0.4954866
410,./node_410_INORM,0.0790883,0.1581439
637,./node_637_INORM,0.1183343,0.0517791
334,./node_334_INORM,0.0798966,0.1559996
932,./node_932_INORM,0.0000000,0.5000000
34,./node_34_INORM,0.0137630,0.4198076
513,./node_513_INORM,0.0000000,0.5000000
581,./node_581_INORM,0.0530303,0.2314212
658,./node_658_INORM,0.0960894,0.0947117
338,./node_338_INORM,0.0810461,0.1592575
38,./node_38_INORM,0.0687674,0.1744291
570,./node_570_INORM,0.0852285,0.1207142
951,./node_951_INORM,0.0000000,0.5000000
57,./node_57_INORM,0.0686808,0.1787710
654,./node_654_INORM,0.0366731,0.3064644
357,./node_357_INORM,0.0084445,0.4565812
170,./node_170_INORM,0.0238546,0.3707561
473,./node_473_INORM,0.1244488,0.0543428
757,./node_757_INORM,0.1629670,0.0183371
254,./node_254_INORM,0.0892907,0.1241471
852,./node_852_INORM,0.0339112,0.3148838
738,./node_738_INORM,0.0831200,0.1420227
551,./node_551_INORM,0.0671310,0.1826220
675,./node_675_INORM,0.1787160,0.0107119
688,./node_688_INORM,0.1796641,0.0103207
376,./node_376_INORM,0.0637131,0.2168070
970,./node_970_INORM,0.0133330,0.4324011
76,./node_76_INORM,0.0019551,0.4884667
19,./node_19_INORM,0.0665880,0.1841695
319,./node_319_INORM,0.0619546,0.2143808
719,./node_719_INORM,0.1746690,0.0129861
151,./node_151_INORM,0.0737798,0.1655311
452,./node_452_INORM,0.0158570,0.4142542
873,./node_873_INORM,0.0509241,0.2574115
776,./node_776_INORM,0.1349371,0.0424949
288,./node_288_INORM,0.0472087,0.2747393
275,./node_275_INORM,0.0725976,0.1706021
29,./node_29_INORM,0.0584657,0.2085213
329,./node_329_INORM,0.0885286,0.1281154
561,./node_561_INORM,0.0397058,0.2917194
645,./node_645_INORM,0.0400807,0.2854119
346,./node_346_INORM,0.0888461,0.1269241
940,./node_940_INORM,0.0000000,0.5000000
46,./node_46_INORM,0.0666609,0.1869703
161,./node_161_INORM,0.0701885,0.1791883
462,./node_462_INORM,0.0000000,0.5000000
843,./node_843_INORM,0.0406503,0.2978070
746,./node_746_INORM,0.0480183,0.2498852
245,./node_245_INORM,0.0610463,0.2083679
729,./node_729_INORM,0.0659501,0.1764112
540,./node_540_INORM,0.1310334,0.0450679
961,./node_961_INORM,0.0000000,0.5000000
67,./node_67_INORM,0.0332818,0.3159883
664,./node_664_INORM,0.0886011,0.1140507
699,./node_699_INORM,0.1374017,0.0380553
367,./node_367_INORM,0.0843601,0.1547978
308,./node_308_INORM,0.0844918,0.1364953
708,./node_708_INORM,0.0155721,0.4128808
140,./node_140_INORM,0.0600637,0.2125451
443,./node_443_INORM,0.0000000,0.5000000
767,./node_767_INORM,0.1597292,0.0207309
299,./node_299_INORM,0.0489073,0.2675811
264,./node_264_INORM,0.0599587,0.2158436
862,./node_862_INORM,0.0721212,0.1775343
801,./node_801_INORM,0.0049139,0.4731044
704,./node_704_INORM,0.1658053,0.0164525
207,./node_207_INORM,0.0661426,0.1869950
123,./node_123_INORM,0.0667471,0.1901289
420,./node_420_INORM,0.1252453,0.0586839
295,./node_295_INORM,0.0449289,0.2847213
796,./node_796_INORM,0.1126923,0.0782482
268,./node_268_INORM,0.0693809,0.1858245
893,./node_893_INORM,0.0000000,0.5000000
96,./node_96_INORM,0.0731607,0.1653949
990,./node_990_INORM,0.0088078,0.4551083
668,./node_668_INORM,0.0006446,0.4963437
396,./node_396_INORM,0.0947103,0.1150918
695,./node_695_INORM,0.1035608,0.0765336
607,./node_607_INORM,0.1210553,0.0548211
304,./node_304_INORM,0.0789788,0.1586823
902,./node_902_INORM,0.0000000,0.5000000
1003,./node_1003_INORM,0.0000000,0.5000000
523,./node_523_INORM,0.1298633,0.0443076
493,./node_493_INORM,0.0000000,0.5000000
190,./node_190_INORM,0.0253306,0.3654603
249,./node_249_INORM,0.0841452,0.1371458
725,./node_725_INORM,0.1640457,0.0181977
226,./node_226_INORM,0.0768007,0.1593972
820,./node_820_INORM,0.0101536,0.4435651
102,./node_102_INORM,0.0033060,0.4810501
401,./node_401_INORM,0.0078546,0.4586649
923,./node_923_INORM,0.0000000,0.5000000
25,./node_25_INORM,0.0381774,0.2931322
626,./node_626_INORM,0.0218927,0.3755040
325,./node_325_INORM,0.0408647,0.2988351
1022,./node_1022_INORM,0.0000000,0.5000000
502,./node_502_INORM,0.0410352,0.2876795
590,./node_590_INORM,0.0000000,0.5000000
649,./node_649_INORM,0.1256335,0.0444405
672,./node_672_INORM,0.1671498,0.0157434
371,./node_371_INORM,0.0297485,0.3533329
977,./node_977_INORM,0.0000000,0.5000000
71,./node_71_INORM,0.0176171,0.4015663
556,./node_556_INORM,0.0843601,0.1376781
1019,./node_1019_INORM,0.0000000,0.5000000
539,./node_539_INORM,0.0706782,0.1665674
918,./node_918_INORM,0.0188178,0.4046418
139,./node_139_INORM,0.0642971,0.1882382
874,./node_874_INORM,0.0619719,0.2162001
889,./node_889_INORM,0.0000000,0.5000000
771,./node_771_INORM,0.0027916,0.4845426
272,./node_272_INORM,0.0600802,0.2221305
156,./node_156_INORM,0.0480564,0.2570952
455,./node_455_INORM,0.0053429,0.4712513
518,./node_518_INORM,0.0264601,0.3553504
939,./node_939_INORM,0.0000000,0.5000000
956,./node_956_INORM,0.0000000,0.5000000
50,./node_50_INORM,0.0553356,0.2249583
653,./node_653_INORM,0.1293928,0.0449310
350,./node_350_INORM,0.0640743,0.2076969
577,./node_577_INORM,0.0027464,0.4843179
750,./node_750_INORM,0.0144216,0.4218214
253,./node_253_INORM,0.0435479,0.2883023
855,./node_855_INORM,0.0006575,0.4963875
177,./node_177_INORM,0.0380147,0.3023228
489,./node_489_INORM,0.0000000,0.5000000
474,./node_474_INORM,0.0102555,0.4447407
118,./node_118_INORM,0.0134591,0.4223011
859,./node_859_INORM,0.0184574,0.4053997
485,./node_485_INORM,0.0474951,0.2675790
186,./node_186_INORM,0.0193403,0.3958666
478,./node_478_INORM,0.1214521,0.0602193
114,./node_114_INORM,0.0709853,0.1742275
417,./node_417_INORM,0.0254539,0.3710681
836,./node_836_INORM,0.0573624,0.2334073
733,./node_733_INORM,0.1609443,0.0191709
230,./node_230_INORM,0.0499171,0.2509084
514,./node_514_INORM,0.0402621,0.2903210
630,./node_630_INORM,0.1567318,0.0212955
333,./node_333_INORM,0.0835064,0.1409090
935,./node_935_INORM,0.0000000,0.5000000
33,./node_33_INORM,0.0142695,0.4187470
586,./node_586_INORM,0.1340211,0.0358991
135,./node_135_INORM,0.0085294,0.4507599
436,./node_436_INORM,0.0244281,0.3744273
712,./node_712_INORM,0.1645426,0.0176570
211,./node_211_INORM,0.0207504,0.3877649
817,./node_817_INORM,0.1030001,0.0940086
878,./node_878_INORM,0.0462201,0.2791047
885,./node_885_INORM,0.0053699,0.4705160
283,./node_283_INORM,0.0622371,0.2194150
780,./node_780_INORM,0.1354120,0.0415977
459,./node_459_INORM,0.0828137,0.1441178
380,./node_380_INORM,0.0000000,0.5000000
683,./node_683_INORM,0.1563350,0.0228794
80,./node_80_INORM,0.0022111,0.4870382
986,./node_986_INORM,0.0000000,0.5000000
1,./node_1_INORM,0.0347092,0.3100240
535,./node_535_INORM,0.0000000,0.5000000
1015,./node_1015_INORM,0.0000000,0.5000000
914,./node_914_INORM,0.0659930,0.2022003
12,./node_12_INORM,0.0354019,0.3083722
611,./node_611_INORM,0.0451067,0.2670307
312,./node_312_INORM,0.0255370,0.3720834
244,./node_244_INORM,0.0363289,0.3189725
747,./node_747_INORM,0.1433995,0.0339749
842,./node_842_INORM,0.0140341,0.4212721
463,./node_463_INORM,0.0024558,0.4866157
160,./node_160_INORM,0.0277260,0.3469414
728,./node_728_INORM,0.1097857,0.0711592
328,./node_328_INORM,0.0443207,0.2903092
28,./node_28_INORM,0.0701170,0.1711690
47,./node_47_INORM,0.0525267,0.2354089
941,./node_941_INORM,0.0532317,0.2497746
347,./node_347_INORM,0.0448041,0.2876076
644,./node_644_INORM,0.1142774,0.0648433
560,./node_560_INORM,0.0999312,0.0957811
709,./node_709_INORM,0.0689106,0.1650385
863,./node_863_INORM,0.0761874,0.1663629
265,./node_265_INORM,0.0670508,0.1892291
298,./node_298_INORM,0.0707200,0.1824092
766,./node_766_INORM,0.1420842,0.0360300
442,./node_442_INORM,0.1167598,0.0677385
141,./node_141_INORM,0.0118202,0.4328321
366,./node_366_INORM,0.0098490,0.4490035
698,./node_698_INORM,0.1031428,0.0777509
665,./node_665_INORM,0.1587757,0.0205624
66,./node_66_INORM,0.0007577,0.4955936
960,./node_960_INORM,0.0000000,0.5000000
541,./node_541_INORM,0.1293082,0.0482992
309,./node_309_INORM,0.0794720,0.1506608
694,./node_694_INORM,0.0790535,0.1328941
397,./node_397_INORM,0.0000000,0.5000000
669,./node_669_INORM,0.1529521,0.0247675
991,./node_991_INORM,0.0000000,0.5000000
97,./node_97_INORM,0.0379634,0.3003319
1002,./node_1002_INORM,0.0000000,0.5000000
522,./node_522_INORM,0.1242452,0.0507973
903,./node_903_INORM,0.0022946,0.4872360
305,./node_305_INORM,0.0694715,0.1837132
606,./node_606_INORM,0.1175370,0.0536737
421,./node_421_INORM,0.1078827,0.0882894
122,./node_122_INORM,0.0079886,0.4553798
206,./node_206_INORM,0.0274363,0.3557457
705,./node_705_INORM,0.0016382,0.4904596
800,./node_800_INORM,0.0280432,0.3460245
892,./node_892_INORM,0.1039797,0.0948892
269,./node_269_INORM,0.0577161,0.2279698
797,./node_797_INORM,0.1421549,0.0348760
294,./node_294_INORM,0.0848920,0.1353982
1023,./node_1023_INORM,0.0000000,0.5000000
503,./node_503_INORM,0.0990280,0.1021279
324,./node_324_INORM,0.0524058,0.2509809
627,./node_627_INORM,0.1346750,0.0389084
24,./node_24_INORM,0.0336613,0.3181213
922,./node_922_INORM,0.0047670,0.4745038
648,./node_648_INORM,0.0719668,0.1634881
591,./node_591_INORM,0.0000000,0.5000000
248,./node_248_INORM,0.0827786,0.1419285
191,./node_191_INORM,0.0731643,0.1687858
492,./node_492_INORM,0.1119061,0.0717250
400,./node_400_INORM,0.1062763,0.0883205
103,./node_103_INORM,0.0168488,0.4065242
821,./node_821_INORM,0.0889296,0.1306605
227,./node_227_INORM,0.0507982,0.2518223
724,./node_724_INORM,0.0502970,0.2372745
138,./node_138_INORM,0.0222387,0.3783504
454,./node_454_INORM,0.1163907,0.0674671
157,./node_157_INORM,0.0132900,0.4245145
273,./node_273_INORM,0.0462126,0.2703381
770,./node_770_INORM,0.1323572,0.0470003
888,./node_888_INORM,0.0000000,0.5000000
875,./node_875_INORM,0.0011569,0.4940294
557,./node_557_INORM,0.1319489,0.0441347
70,./node_70_INORM,0.0653456,0.1920296
976,./node_976_INORM,0.0000000,0.5000000
370,./node_370_INORM,0.0917681,0.1196616
673,./node_673_INORM,0.1517439,0.0237723
919,./node_919_INORM,0.0061873,0.4679402
1018,./node_1018_INORM,0.0000000,0.5000000
538,./node_538_INORM,0.0544139,0.2345740
475,./node_475_INORM,0.0202498,0.3909407
488,./node_488_INORM,0.0000000,0.5000000
176,./node_176_INORM,0.0430917,0.2754465
854,./node_854_INORM,0.0503849,0.2611061
252,./node_252_INORM,0.0658000,0.1990513
751,./node_751_INORM,0.1225739,0.0566271
119,./node_119_INORM,0.0295551,0.3361998
938,./node_938_INORM,0.0000000,0.5000000
519,./node_519_INORM,0.0143621,0.4196070
576,./node_576_INORM,0.0752649,0.1518852
351,./node_351_INORM,0.0846886,0.1360271
652,./node_652_INORM,0.0849542,0.1263871
51,./node_51_INORM,0.0000000,0.5000000
957,./node_957_INORM,0.0000000,0.5000000
32,./node_32_INORM,0.0473644,0.2526743
934,./node_934_INORM,0.0557637,0.2386679
332,./node_332_INORM,0.0131460,0.4330836
631,./node_631_INORM,0.0433110,0.2740744
515,./node_515_INORM,0.0222228,0.3801263
587,./node_587_INORM,0.1291002,0.0403758
479,./node_479_INORM,0.1208429,0.0608911
187,./node_187_INORM,0.0748324,0.1651925
484,./node_484_INORM,0.0805995,0.1458905
858,./node_858_INORM,0.0384379,0.3126502
231,./node_231_INORM,0.0670691,0.1947194
732,./node_732_INORM,0.0330928,0.3244934
837,./node_837_INORM,0.0143511,0.4196050
416,./node_416_INORM,0.0321068,0.3408574
115,./node_115_INORM,0.0000000,0.5000000
987,./node_987_INORM,0.0000000,0.5000000
81,./node_81_INORM,0.0692448,0.1734607
682,./node_682_INORM,0.0000000,0.5000000
381,./node_381_INORM,0.1097574,0.0802209
313,./node_313_INORM,0.0802119,0.1542165
610,./node_610_INORM,0.1321400,0.0397675
13,./node_13_INORM,0.0434467,0.2690233
915,./node_915_INORM,0.0000000,0.5000000
534,./node_534_INORM,0.0879820,0.1269883
1014,./node_1014_INORM,0.0000000,0.5000000
816,./node_816_INORM,0.1077152,0.0848923
210,./node_210_INORM,0.0293450,0.3477696
713,./node_713_INORM,0.1778072,0.0116843
437,./node_437_INORM,0.1184820,0.0739851
134,./node_134_INORM,0.0036724,0.4787199
458,./node_458_INORM,0.1259874,0.0557812
781,./node_781_INORM,0.0000000,0.5000000
282,./node_282_INORM,0.0523256,0.2473425
884,./node_884_INORM,0.0494603,0.2629766
879,./node_879_INORM,0.0000000,0.5000000
609,./node_609_INORM,0.1248804,0.0447477
398,./node_398_INORM,0.1106743,0.0789948
666,./node_666_INORM,0.1755774,0.0112788
365,./node_365_INORM,0.0166967,0.4145480
963,./node_963_INORM,0.0000000,0.5000000
98,./node_98_INORM,0.0584241,0.2174022
65,./node_65_INORM,0.0000000,0.5000000
542,./node_542_INORM,0.0028708,0.4834980
860,./node_860_INORM,0.0022552,0.4874370
765,./node_765_INORM,0.1518891,0.0271116
266,./node_266_INORM,0.0330010,0.3306451
798,./node_798_INORM,0.1161689,0.0714553
142,./node_142_INORM,0.0188328,0.3942349
441,./node_441_INORM,0.1067744,0.0856128
209,./node_209_INORM,0.0321071,0.3303922
942,./node_942_INORM,0.0000000,0.5000000
44,./node_44_INORM,0.0618993,0.1961910
647,./node_647_INORM,0.1133706,0.0602737
344,./node_344_INORM,0.0198888,0.3990977
563,./node_563_INORM,0.1376365,0.0356680
628,./node_628_INORM,0.0000000,0.5000000
228,./node_228_INORM,0.0288251,0.3487679
744,./node_744_INORM,0.1615963,0.0196434
247,./node_247_INORM,0.0556328,0.2296073
841,./node_841_INORM,0.0791405,0.1534205
163,./node_163_INORM,0.0139591,0.4239425
460,./node_460_INORM,0.1303812,0.0477725
100,./node_100_INORM,0.0313915,0.3270154
403,./node_403_INORM,0.0023196,0.4876928
822,./node_822_INORM,0.0187723,0.3957631
727,./node_727_INORM,0.0212083,0.3829054
224,./node_224_INORM,0.0344353,0.3193045
748,./node_748_INORM,0.1640709,0.0185508
491,./node_491_INORM,0.1312196,0.0439442
192,./node_192_INORM,0.0734586,0.1670785
48,./node_48_INORM,0.0529148,0.2297936
348,./node_348_INORM,0.0817846,0.1477337
592,./node_592_INORM,0.1108492,0.0710253
500,./node_500_INORM,0.0477421,0.2587012
1020,./node_1020_INORM,0.0000000,0.5000000
624,./node_624_INORM,0.0000000,0.5000000
327,./node_327_INORM,0.0457759,0.2845431
921,./node_921_INORM,0.0000000,0.5000000
27,./node_27_INORM,0.0188379,0.3942233
891,./node_891_INORM,0.0314796,0.3450995
297,./node_297_INORM,0.0779487,0.1562142
769,./node_769_INORM,0.1515577,0.0263423
794,./node_794_INORM,0.1312862,0.0468948
121,./node_121_INORM,0.0036564,0.4786157
422,./node_422_INORM,0.0971691,0.1090350
706,./node_706_INORM,0.1041777,0.0856945
205,./node_205_INORM,0.0740254,0.1651473
803,./node_803_INORM,0.1183196,0.0650130
521,./node_521_INORM,0.0000000,0.5000000
1001,./node_1001_INORM,0.0118492,0.4402746
900,./node_900_INORM,0.0368184,0.3197442
605,./node_605_INORM,0.1159228,0.0589587
306,./node_306_INORM,0.0540933,0.2507568
394,./node_394_INORM,0.0108591,0.4431078
369,./node_369_INORM,0.0401393,0.3037764
697,./node_697_INORM,0.0483743,0.2551260
94,./node_94_INORM,0.0027716,0.4837896
992,./node_992_INORM,0.0117067,0.4408152
69,./node_69_INORM,0.0465951,0.2564033
588,./node_588_INORM,0.0730796,0.1650861
575,./node_575_INORM,0.1290685,0.0447654
651,./node_651_INORM,0.1121988,0.0612279
352,./node_352_INORM,0.0692063,0.1889040
954,./node_954_INORM,0.0000000,0.5000000
52,./node_52_INORM,0.0147644,0.4171467
838,./node_838_INORM,0.1002737,0.1021870
419,./node_419_INORM,0.1156865,0.0753657
175,./node_175_INORM,0.0194965,0.3927093
476,./node_476_INORM,0.0000000,0.5000000
188,./node_188_INORM,0.0267099,0.3550575
857,./node_857_INORM,0.0078659,0.4557742
752,./node_752_INORM,0.0468583,0.2533326
251,./node_251_INORM,0.0859343,0.1361334
554,./node_554_INORM,0.0826341,0.1308988
975,./node_975_INORM,0.0000000,0.5000000
988,./node_988_INORM,0.0000000,0.5000000
73,./node_73_INORM,0.0696451,0.1773347
670,./node_670_INORM,0.0361524,0.3010214
373,./node_373_INORM,0.0436766,0.2918385
154,./node_154_INORM,0.0709048,0.1741025
457,./node_457_INORM,0.1274991,0.0504248
773,./node_773_INORM,0.1491858,0.0291480
270,./node_270_INORM,0.0906757,0.1233610
876,./node_876_INORM,0.0244031,0.3648605
819,./node_819_INORM,0.0876270,0.1340674
438,./node_438_INORM,0.1194170,0.0624458
158,./node_158_INORM,0.0697490,0.1806163
281,./node_281_INORM,0.0399998,0.3015023
782,./node_782_INORM,0.1242314,0.0568356
887,./node_887_INORM,0.0000000,0.5000000
815,./node_815_INORM,0.1072740,0.0856168
710,./node_710_INORM,0.0667288,0.1732644
213,./node_213_INORM,0.0311029,0.3360550
137,./node_137_INORM,0.0505656,0.2401804
434,./node_434_INORM,0.0107456,0.4426380
613,./node_613_INORM,0.1350732,0.0367359
310,./node_310_INORM,0.0369834,0.3173759
916,./node_916_INORM,0.0000000,0.5000000
10,./node_10_INORM,0.0470526,0.2558307
1017,./node_1017_INORM,0.0000000,0.5000000
537,./node_537_INORM,0.0000000,0.5000000
3,./node_3_INORM,0.0451176,0.2634822
558,./node_558_INORM,0.1011139,0.0872212
979,./node_979_INORM,0.0392248,0.3097326
82,./node_82_INORM,0.0752457,0.1575998
984,./node_984_INORM,0.0000000,0.5000000
382,./node_382_INORM,0.0001748,0.4990228
681,./node_681_INORM,0.1431013,0.0303210
731,./node_731_INORM,0.1640741,0.0179626
232,./node_232_INORM,0.0406654,0.2962374
834,./node_834_INORM,0.0990065,0.1026687
116,./node_116_INORM,0.0706756,0.1750231
415,./node_415_INORM,0.0065170,0.4661237
487,./node_487_INORM,0.0013635,0.4924521
179,./node_179_INORM,0.0405119,0.2913606
184,./node_184_INORM,0.0720640,0.1686325
584,./node_584_INORM,0.0929337,0.1052679
579,./node_579_INORM,0.1003678,0.0879091
958,./node_958_INORM,0.0000000,0.5000000
937,./node_937_INORM,0.0015137,0.4919621
31,./node_31_INORM,0.0664311,0.1865039
632,./node_632_INORM,0.1436450,0.0300123
331,./node_331_INORM,0.0218779,0.3896416
516,./node_516_INORM,0.1344883,0.0398283
440,./node_440_INORM,0.1137414,0.0733427
143,./node_143_INORM,0.0082023,0.4530104
799,./node_799_INORM,0.0583925,0.2182652
267,./node_267_INORM,0.0795579,0.1511049
764,./node_764_INORM,0.0000000,0.5000000
861,./node_861_INORM,0.0673437,0.1971234
208,./node_208_INORM,0.0247924,0.3664839
608,./node_608_INORM,0.1254216,0.0477535
543,./node_543_INORM,0.0684850,0.1724642
64,./node_64_INORM,0.0028346,0.4837210
962,./node_962_INORM,0.0356302,0.3246460
99,./node_99_INORM,0.0280614,0.3476573
364,./node_364_INORM,0.0495485,0.2685348
667,./node_667_INORM,0.1331747,0.0386884
399,./node_399_INORM,0.1059193,0.0876286
229,./node_229_INORM,0.0424865,0.2860198
461,./node_461_INORM,0.1238912,0.0591532
162,./node_162_INORM,0.0175238,0.4021405
840,./node_840_INORM,0.0030437,0.4828461
246,./node_246_INORM,0.0583595,0.2184429
745,./node_745_INORM,0.1412374,0.0355243
562,./node_562_INORM,0.0435855,0.2708712
345,./node_345_INORM,0.0536760,0.2479899
646,./node_646_INORM,0.1455070,0.0295431
45,./node_45_INORM,0.0330870,0.3164577
943,./node_943_INORM,0.0000000,0.5000000
629,./node_629_INORM,0.0521330,0.2332064
593,./node_593_INORM,0.0000000,0.5000000
349,./node_349_INORM,0.0279755,0.3589415
49,./node_49_INORM,0.0240094,0.3674133
26,./node_26_INORM,0.0212398,0.3781395
920,./node_920_INORM,0.0000000,0.5000000
326,./node_326_INORM,0.0890452,0.1258712
625,./node_625_INORM,0.1030751,0.0852690
501,./node_501_INORM,0.0245690,0.3686454
1021,./node_1021_INORM,0.0000000,0.5000000
225,./node_225_INORM,0.0466563,0.2656308
726,./node_726_INORM,0.0000000,0.5000000
823,./node_823_INORM,0.0000000,0.5000000
402,./node_402_INORM,0.0000000,0.5000000
101,./node_101_INORM,0.0662859,0.1901048
193,./node_193_INORM,0.0252734,0.3672044
490,./node_490_INORM,0.0174579,0.4040976
749,./node_749_INORM,0.1650241,0.0179122
307,./node_307_INORM,0.0686151,0.1910370
604,./node_604_INORM,0.0944563,0.1040316
901,./node_901_INORM,0.0074674,0.4614841
520,./node_520_INORM,0.1251628,0.0538061
1000,./node_1000_INORM,0.0000000,0.5000000
993,./node_993_INORM,0.0000000,0.5000000
68,./node_68_INORM,0.0653581,0.1899907
95,./node_95_INORM,0.0714619,0.1716488
696,./node_696_INORM,0.0680696,0.1751647
368,./node_368_INORM,0.0958258,0.1085770
395,./node_395_INORM,0.0034941,0.4814141
795,./node_795_INORM,0.1230792,0.0597881
768,./node_768_INORM,0.0405405,0.2839805
296,./node_296_INORM,0.0413932,0.2976002
890,./node_890_INORM,0.0029838,0.4837601
802,./node_802_INORM,0.1334125,0.0457618
204,./node_204_INORM,0.0412493,0.2881477
707,./node_707_INORM,0.0351184,0.3090561
423,./node_423_INORM,0.0701650,0.1857471
120,./node_120_INORM,0.0737525,0.1591098
418,./node_418_INORM,0.0012318,0.4933247
839,./node_839_INORM,0.0245627,0.3637422
250,./node_250_INORM,0.0641214,0.1990562
753,./node_753_INORM,0.1606987,0.0206136
856,./node_856_INORM,0.0340114,0.3301192
189,./node_189_INORM,0.0708207,0.1781837
477,./node_477_INORM,0.0883721,0.1312164
174,./node_174_INORM,0.0268629,0.3553674
53,./node_53_INORM,0.0000000,0.5000000
955,./node_955_INORM,0.0370893,0.3189360
353,./node_353_INORM,0.0327141,0.3373715
650,./node_650_INORM,0.0000000,0.5000000
574,./node_574_INORM,0.0000000,0.5000000
589,./node_589_INORM,0.0408581,0.2802636
877,./node_877_INORM,0.0000000,0.5000000
271,./node_271_INORM,0.0427809,0.2890157
772,./node_772_INORM,0.1619532,0.0197181
456,./node_456_INORM,0.1175727,0.0659716
155,./node_155_INORM,0.0130444,0.4258754
439,./node_439_INORM,0.1162199,0.0689398
818,./node_818_INORM,0.0901686,0.1261587
372,./node_372_INORM,0.0228838,0.3834925
671,./node_671_INORM,0.1566706,0.0221933
989,./node_989_INORM,0.0218025,0.3905849
72,./node_72_INORM,0.0495408,0.2496077
974,./node_974_INORM,0.0000000,0.5000000
555,./node_555_INORM,0.0174401,0.4024142
1016,./node_1016_INORM,0.0000000,0.5000000
536,./node_536_INORM,0.0467549,0.2606319
11,./node_11_INORM,0.0280413,0.3422618
917,./node_917_INORM,0.0214236,0.3914816
311,./node_311_INORM,0.0270811,0.3660138
612,./node_612_INORM,0.0548416,0.2271922
680,./node_680_INORM,0.0987270,0.0840104
383,./node_383_INORM,0.1045032,0.0910232
985,./node_985_INORM,0.0000000,0.5000000
978,./node_978_INORM,0.0000000,0.5000000
83,./node_83_INORM,0.0585175,0.2075047
2,./node_2_INORM,0.0234217,0.3676860
559,./node_559_INORM,0.0016173,0.4906449
886,./node_886_INORM,0.0000000,0.5000000
783,./node_783_INORM,0.0334543,0.3168802
280,./node_280_INORM,0.0415342,0.2986820
159,./node_159_INORM,0.0192101,0.3946935
435,./node_435_INORM,0.0026482,0.4859095
136,./node_136_INORM,0.0077537,0.4554968
212,./node_212_INORM,0.0877547,0.1276895
711,./node_711_INORM,0.0000000,0.5000000
814,./node_814_INORM,0.0917833,0.1218000
959,./node_959_INORM,0.0000000,0.5000000
578,./node_578_INORM,0.1288102,0.0439505
585,./node_585_INORM,0.0747453,0.1627823
517,./node_517_INORM,0.0000000,0.5000000
330,./node_330_INORM,0.0176750,0.4100672
633,./node_633_INORM,0.1131731,0.0600343
30,./node_30_INORM,0.0665266,0.1853378
936,./node_936_INORM,0.0579496,0.2296356
414,./node_414_INORM,0.0143164,0.4242617
117,./node_117_INORM,0.0692174,0.1797416
835,./node_835_INORM,0.0086289,0.4516512
233,./node_233_INORM,0.0710699,0.1806107
730,./node_730_INORM,0.0021782,0.4875132
185,./node_185_INORM,0.0711973,0.1754129
178,./node_178_INORM,0.0685424,0.1825927
486,./node_486_INORM,0.1235351,0.0554358
