node,name,H2r,rp
879,./node_879_INORM,0.3784808,0.0000007
884,./node_884_INORM,0.3981902,0.0000001
282,./node_282_INORM,0.5099759,1.4149349e-12
781,./node_781_INORM,0.4993046,3.5344075e-11
458,./node_458_INORM,0.5187050,1.1484367e-12
134,./node_134_INORM,0.4923228,6.4369835e-12
437,./node_437_INORM,0.4272466,2.7607673e-08
713,./node_713_INORM,0.4950433,1.9525173e-10
210,./node_210_INORM,0.5096612,7.473714e-13
816,./node_816_INORM,0.4629125,1.4718666e-09
90,./node_90_INORM,0.4090111,5.297291e-09
534,./node_534_INORM,0.4717434,1.0434529e-08
915,./node_915_INORM,0.4619556,4.0203908e-10
610,./node_610_INORM,0.5424631,5.093126e-10
313,./node_313_INORM,0.3688225,0.0000002
381,./node_381_INORM,0.5146391,1.8207918e-12
682,./node_682_INORM,0.5110047,1.1139783e-10
987,./node_987_INORM,0.3716185,0.0000008
115,./node_115_INORM,0.3397007,0.0000019
416,./node_416_INORM,0.5417187,6.3024395e-14
837,./node_837_INORM,0.4397090,7.9569595e-10
732,./node_732_INORM,0.4697173,9.1943215e-12
231,./node_231_INORM,0.3675335,0.0000001
858,./node_858_INORM,0.4592399,2.2582394e-09
484,./node_484_INORM,0.5255231,4.6500247e-14
187,./node_187_INORM,0.3789652,0.0000001
479,./node_479_INORM,0.4679400,1.4312473e-11
587,./node_587_INORM,0.5225313,5.896152e-13
23,./node_23_INORM,0.4282525,5.936519e-09
515,./node_515_INORM,0.5276257,3.2866867e-13
631,./node_631_INORM,0.5394444,4.3203343e-10
332,./node_332_INORM,0.4025793,1.5601836e-08
934,./node_934_INORM,0.4003139,0.0000002
957,./node_957_INORM,0.3747697,0.0000008
652,./node_652_INORM,0.4694942,6.530251e-12
351,./node_351_INORM,0.4719762,2.8411203e-11
576,./node_576_INORM,0.4937349,9.010648e-11
1023,./node_1023_INORM,0.3780530,0.0000015
519,./node_519_INORM,0.3819880,0.0000001
40,./node_40_INORM,0.3149830,0.0000270
938,./node_938_INORM,0.2794176,0.0001632
119,./node_119_INORM,0.3334858,0.0000031
751,./node_751_INORM,0.4650294,1.9551562e-11
252,./node_252_INORM,0.4929304,3.0049127e-12
854,./node_854_INORM,0.4331928,2.1421616e-09
176,./node_176_INORM,0.4983461,1.1523133e-11
488,./node_488_INORM,0.3974074,1.8626386e-08
475,./node_475_INORM,0.4824195,1.243064e-10
1002,./node_1002_INORM,0.4069069,0.0000002
538,./node_538_INORM,0.4908485,1.0058095e-09
61,./node_61_INORM,0.4272105,2.5685237e-09
919,./node_919_INORM,0.3354651,0.0000085
673,./node_673_INORM,0.5234006,1.1984651e-12
370,./node_370_INORM,0.5329013,2.6065978e-13
1,./node_1_INORM,0.3178651,0.0000392
976,./node_976_INORM,0.4084921,0.0000001
557,./node_557_INORM,0.4154296,3.7051841e-09
875,./node_875_INORM,0.4615111,3.2349354e-10
888,./node_888_INORM,0.3312118,0.0000085
770,./node_770_INORM,0.4919523,4.7406186e-10
273,./node_273_INORM,0.3729204,0.0000005
157,./node_157_INORM,0.3709618,0.0000002
454,./node_454_INORM,0.4442874,2.0771985e-08
138,./node_138_INORM,0.4901262,1.886171e-11
724,./node_724_INORM,0.4803356,1.2786447e-09
227,./node_227_INORM,0.4219947,7.3217525e-09
821,./node_821_INORM,0.4597987,1.7439552e-09
103,./node_103_INORM,0.4270975,7.141704e-10
400,./node_400_INORM,0.5174663,2.3918633e-13
492,./node_492_INORM,0.5388062,7.964283e-14
191,./node_191_INORM,0.3900188,2.1303612e-08
248,./node_248_INORM,0.5289759,1.3434036e-13
591,./node_591_INORM,0.3860879,0.0000001
35,./node_35_INORM,0.4340534,2.2915438e-09
648,./node_648_INORM,0.3997647,2.1258002e-08
922,./node_922_INORM,0.3836015,0.0000005
627,./node_627_INORM,0.4621158,1.4772281e-11
324,./node_324_INORM,0.4019082,0.0000001
503,./node_503_INORM,0.4142911,3.739801e-09
294,./node_294_INORM,0.4237790,6.689739e-09
797,./node_797_INORM,0.4892316,5.535588e-11
269,./node_269_INORM,0.3696547,0.0000005
892,./node_892_INORM,0.3831054,0.0000003
800,./node_800_INORM,0.3545976,0.0000016
705,./node_705_INORM,0.4966766,4.8089092e-13
206,./node_206_INORM,0.4839185,3.8350909e-11
122,./node_122_INORM,0.4275618,5.3039725e-10
421,./node_421_INORM,0.4304091,1.307241e-09
606,./node_606_INORM,0.4841379,1.3184907e-12
305,./node_305_INORM,0.3875095,0.0000001
903,./node_903_INORM,0.3845607,0.0000004
1018,./node_1018_INORM,0.3232870,0.0000309
86,./node_86_INORM,0.4580338,2.1023218e-10
522,./node_522_INORM,0.4818822,1.2811219e-09
14,./node_14_INORM,0.4234696,1.110348e-08
991,./node_991_INORM,0.3999002,0.0000002
669,./node_669_INORM,0.4014312,2.8287443e-08
397,./node_397_INORM,0.4232733,1.2717185e-09
694,./node_694_INORM,0.5071564,1.6920201e-13
309,./node_309_INORM,0.3854144,2.9302241e-08
1014,./node_1014_INORM,0.2945810,0.0001151
77,./node_77_INORM,0.3357379,0.0000028
18,./node_18_INORM,0.2996663,0.0001083
541,./node_541_INORM,0.5262083,5.0099905e-13
960,./node_960_INORM,0.3361430,0.0000122
665,./node_665_INORM,0.5119415,3.7390424e-11
698,./node_698_INORM,0.4321810,5.9376605e-10
366,./node_366_INORM,0.4006153,0.0000001
141,./node_141_INORM,0.4423253,1.6802398e-10
442,./node_442_INORM,0.4362932,3.2602903e-10
766,./node_766_INORM,0.4933386,1.9259366e-10
298,./node_298_INORM,0.4138020,5.723334e-09
265,./node_265_INORM,0.3651074,0.0000008
863,./node_863_INORM,0.3884294,0.0000002
709,./node_709_INORM,0.3753747,0.0000003
39,./node_39_INORM,0.3987280,0.0000001
560,./node_560_INORM,0.5081827,4.1223868e-10
644,./node_644_INORM,0.5147019,2.0933828e-13
347,./node_347_INORM,0.3900914,0.0000002
941,./node_941_INORM,0.2730087,0.0002340
328,./node_328_INORM,0.4292042,1.0356873e-09
56,./node_56_INORM,0.3391100,0.0000103
728,./node_728_INORM,0.4225015,3.2930001e-09
160,./node_160_INORM,0.4774746,6.591975e-11
463,./node_463_INORM,0.4638989,2.423706e-09
842,./node_842_INORM,0.3437928,0.0000045
747,./node_747_INORM,0.4779092,1.1764932e-11
244,./node_244_INORM,0.4231863,6.668935e-09
312,./node_312_INORM,0.4794416,6.1788135e-11
611,./node_611_INORM,0.3898719,4.8808591e-08
914,./node_914_INORM,0.4531295,2.8357139e-09
535,./node_535_INORM,0.4712523,8.117835e-12
91,./node_91_INORM,0.3125680,0.0000144
986,./node_986_INORM,0.3996181,0.0000001
683,./node_683_INORM,0.3833007,0.0000001
380,./node_380_INORM,0.3855159,0.0000003
459,./node_459_INORM,0.4783349,3.5761589e-10
780,./node_780_INORM,0.4749559,2.7768954e-11
283,./node_283_INORM,0.3949045,0.0000001
885,./node_885_INORM,0.4612962,1.8699411e-09
878,./node_878_INORM,0.4563125,1.333381e-09
817,./node_817_INORM,0.3815682,0.0000003
211,./node_211_INORM,0.4780539,1.0648054e-11
712,./node_712_INORM,0.3918406,0.0000001
436,./node_436_INORM,0.4845471,2.4667161e-11
135,./node_135_INORM,0.3557835,0.0000007
22,./node_22_INORM,0.4222693,1.1880607e-08
586,./node_586_INORM,0.3875065,0.0000001
935,./node_935_INORM,0.3082259,0.0000378
333,./node_333_INORM,0.3937716,1.9812688e-08
630,./node_630_INORM,0.5275206,1.7563076e-09
514,./node_514_INORM,0.3932555,3.5321488e-08
230,./node_230_INORM,0.4934015,5.3754665e-12
733,./node_733_INORM,0.5098457,1.850308e-11
836,./node_836_INORM,0.4066928,1.4463422e-08
417,./node_417_INORM,0.4153487,0.0000001
114,./node_114_INORM,0.4993470,7.346628e-12
478,./node_478_INORM,0.4233293,0.0000001
186,./node_186_INORM,0.5268921,2.9788335e-13
485,./node_485_INORM,0.4135631,5.539121e-09
859,./node_859_INORM,0.4310977,2.2128285e-08
118,./node_118_INORM,0.3984025,1.1733924e-08
474,./node_474_INORM,0.4499757,2.5535933e-08
489,./node_489_INORM,0.5560200,4.6169375e-15
177,./node_177_INORM,0.3887599,2.1131021e-08
855,./node_855_INORM,0.4219843,3.515469e-08
253,./node_253_INORM,0.4113648,6.026092e-09
750,./node_750_INORM,0.4632212,1.7059377e-08
577,./node_577_INORM,0.5171858,2.2296564e-12
350,./node_350_INORM,0.4401731,2.6451088e-09
653,./node_653_INORM,0.4976555,3.3212349e-13
956,./node_956_INORM,0.4068307,0.0000001
939,./node_939_INORM,0.3830558,0.0000007
518,./node_518_INORM,0.4802985,1.2151037e-10
41,./node_41_INORM,0.3507905,0.0000024
1022,./node_1022_INORM,0.3682979,0.0000024
455,./node_455_INORM,0.5241498,4.1936385e-13
156,./node_156_INORM,0.3829861,3.1558171e-08
272,./node_272_INORM,0.5185923,1.0486719e-12
771,./node_771_INORM,0.5052179,5.4883745e-12
889,./node_889_INORM,0.2966920,0.0000620
874,./node_874_INORM,0.4707832,5.4884955e-10
139,./node_139_INORM,0.4705741,2.9417177e-11
918,./node_918_INORM,0.4355405,5.9202355e-09
539,./node_539_INORM,0.5141363,7.199047e-14
60,./node_60_INORM,0.3125393,0.0000300
1003,./node_1003_INORM,0.2837683,0.0001714
556,./node_556_INORM,0.4127365,3.9648894e-09
977,./node_977_INORM,0.3876971,0.0000003
371,./node_371_INORM,0.5275340,1.6975526e-13
672,./node_672_INORM,0.4950771,4.3371138e-13
649,./node_649_INORM,0.4082015,8.7398165e-09
34,./node_34_INORM,0.3690168,0.0000009
590,./node_590_INORM,0.5423392,3.7025484e-10
502,./node_502_INORM,0.5542182,1.1353967e-14
325,./node_325_INORM,0.3804841,0.0000001
626,./node_626_INORM,0.5421316,4.0876732e-10
923,./node_923_INORM,0.2860324,0.0001266
401,./node_401_INORM,0.5176321,1.6440068e-12
102,./node_102_INORM,0.4793177,9.7322815e-11
820,./node_820_INORM,0.4704962,4.9774565e-11
226,./node_226_INORM,0.4212119,6.514052e-09
725,./node_725_INORM,0.4548160,5.217192e-11
249,./node_249_INORM,0.4449463,1.2915349e-09
190,./node_190_INORM,0.5095181,1.1187515e-12
493,./node_493_INORM,0.5064874,7.299871e-12
523,./node_523_INORM,0.5001717,5.598953e-13
87,./node_87_INORM,0.3641441,0.0000005
1019,./node_1019_INORM,0.3287231,0.0000218
902,./node_902_INORM,0.4265741,3.0418278e-08
304,./node_304_INORM,0.4506337,9.701214e-10
607,./node_607_INORM,0.5182805,8.704466e-12
695,./node_695_INORM,0.4849427,1.7048549e-12
396,./node_396_INORM,0.3738281,0.0000002
668,./node_668_INORM,0.5108917,5.5863295e-13
990,./node_990_INORM,0.4100208,0.0000002
15,./node_15_INORM,0.4166174,2.3812722e-08
893,./node_893_INORM,0.4487624,4.9896745e-09
268,./node_268_INORM,0.5143146,1.2347699e-12
796,./node_796_INORM,0.3694072,0.0000006
295,./node_295_INORM,0.4694259,2.213314e-11
420,./node_420_INORM,0.3824731,0.0000001
123,./node_123_INORM,0.4240101,1.2623388e-09
207,./node_207_INORM,0.5152519,1.5879307e-12
704,./node_704_INORM,0.4882802,6.414988e-10
801,./node_801_INORM,0.4187059,4.2931096e-09
862,./node_862_INORM,0.4691459,2.4789932e-10
264,./node_264_INORM,0.5072255,5.277598e-12
299,./node_299_INORM,0.3711539,0.0000001
767,./node_767_INORM,0.4359848,5.4237625e-10
443,./node_443_INORM,0.3725196,0.0000002
140,./node_140_INORM,0.4059670,5.176284e-09
708,./node_708_INORM,0.5042106,2.9745394e-10
76,./node_76_INORM,0.4276489,1.4259009e-09
1015,./node_1015_INORM,0.3809299,0.0000013
308,./node_308_INORM,0.4692627,3.3666707e-11
367,./node_367_INORM,0.3897610,0.0000002
699,./node_699_INORM,0.4762644,3.003613e-12
664,./node_664_INORM,0.5071188,2.3412737e-10
961,./node_961_INORM,0.3550487,0.0000032
19,./node_19_INORM,0.3066327,0.0000813
540,./node_540_INORM,0.4032853,1.1624511e-08
729,./node_729_INORM,0.5166055,4.2961727e-13
245,./node_245_INORM,0.4937458,2.2711619e-11
746,./node_746_INORM,0.4882002,1.1718016e-10
843,./node_843_INORM,0.3388131,0.0000068
462,./node_462_INORM,0.4981626,1.1285201e-11
161,./node_161_INORM,0.4106961,2.6871948e-09
940,./node_940_INORM,0.3658986,0.0000016
346,./node_346_INORM,0.3598490,0.0000014
645,./node_645_INORM,0.4486803,6.9419865e-11
38,./node_38_INORM,0.4186428,1.5418063e-08
561,./node_561_INORM,0.5247164,6.939948e-10
57,./node_57_INORM,0.3526329,0.0000048
329,./node_329_INORM,0.5111342,9.27067e-13
486,./node_486_INORM,0.4638807,7.1519255e-10
178,./node_178_INORM,0.3751040,0.0000001
185,./node_185_INORM,0.4738601,1.8894796e-11
730,./node_730_INORM,0.3955996,0.0000001
233,./node_233_INORM,0.4003478,3.3802315e-08
835,./node_835_INORM,0.4601601,1.9099894e-09
117,./node_117_INORM,0.4529607,7.2793405e-11
414,./node_414_INORM,0.4015143,0.0000002
936,./node_936_INORM,0.4031293,0.0000002
633,./node_633_INORM,0.5080292,1.1975941e-13
330,./node_330_INORM,0.4490589,7.9260425e-10
517,./node_517_INORM,0.3874710,0.0000001
585,./node_585_INORM,0.3965422,3.0683011e-08
578,./node_578_INORM,0.5014074,2.2418141e-11
21,./node_21_INORM,0.3890554,0.0000002
959,./node_959_INORM,0.4038239,0.0000001
814,./node_814_INORM,0.3987303,4.6544681e-08
711,./node_711_INORM,0.4942146,1.764905e-12
212,./node_212_INORM,0.4012051,9.3320595e-09
136,./node_136_INORM,0.4499709,7.8794395e-10
435,./node_435_INORM,0.5325356,6.0055425e-14
159,./node_159_INORM,0.3819676,3.3596581e-08
280,./node_280_INORM,0.3950142,2.2968281e-08
783,./node_783_INORM,0.4931712,1.4116288e-10
886,./node_886_INORM,0.4287964,1.8679952e-08
559,./node_559_INORM,0.5120680,5.1019835e-12
978,./node_978_INORM,0.2560717,0.0004846
985,./node_985_INORM,0.3922122,0.0000003
383,./node_383_INORM,0.4395386,2.1563239e-09
680,./node_680_INORM,0.5233007,8.367064e-10
612,./node_612_INORM,0.5009415,1.8523914e-13
311,./node_311_INORM,0.4452203,2.6776723e-10
917,./node_917_INORM,0.4194227,2.0272017e-08
92,./node_92_INORM,0.3237304,0.0000083
536,./node_536_INORM,0.4857888,2.0868808e-12
555,./node_555_INORM,0.4851434,1.3993203e-09
974,./node_974_INORM,0.3489012,0.0000049
989,./node_989_INORM,0.2745032,0.0002527
671,./node_671_INORM,0.5108768,1.2489477e-09
372,./node_372_INORM,0.4975325,1.0086144e-11
3,./node_3_INORM,0.3107889,0.0000553
1000,./node_1000_INORM,0.4089942,0.0000001
63,./node_63_INORM,0.3121484,0.0000211
818,./node_818_INORM,0.4369739,1.0604488e-08
439,./node_439_INORM,0.4338680,8.9501655e-09
155,./node_155_INORM,0.5046480,5.590081e-12
456,./node_456_INORM,0.5347826,3.3352476e-14
772,./node_772_INORM,0.4626429,3.0577838e-11
271,./node_271_INORM,0.4283053,1.1673998e-09
877,./node_877_INORM,0.4484429,4.9859524e-10
1021,./node_1021_INORM,0.3431313,0.0000112
42,./node_42_INORM,0.4321705,3.5358327e-09
589,./node_589_INORM,0.4664812,1.3792376e-11
574,./node_574_INORM,0.4807923,1.0540002e-09
650,./node_650_INORM,0.5133884,4.2687665e-11
353,./node_353_INORM,0.4105456,2.6852511e-08
955,./node_955_INORM,0.3668333,0.0000019
174,./node_174_INORM,0.4613576,4.8501805e-11
477,./node_477_INORM,0.4339889,0.0000001
189,./node_189_INORM,0.3813322,4.4802547e-08
856,./node_856_INORM,0.3312174,0.0000110
753,./node_753_INORM,0.4972139,4.060174e-12
250,./node_250_INORM,0.4241423,1.2018083e-09
839,./node_839_INORM,0.3445916,0.0000042
418,./node_418_INORM,0.4808363,5.390407e-11
120,./node_120_INORM,0.4938495,7.5060675e-12
423,./node_423_INORM,0.5354641,9.44482e-14
707,./node_707_INORM,0.4685583,9.310318e-12
204,./node_204_INORM,0.3782100,0.0000001
802,./node_802_INORM,0.3659618,0.0000007
890,./node_890_INORM,0.2856715,0.0001203
296,./node_296_INORM,0.4535676,1.025541e-10
768,./node_768_INORM,0.4679597,3.0722644e-11
795,./node_795_INORM,0.4880057,1.4825255e-10
395,./node_395_INORM,0.4204113,2.3879634e-08
368,./node_368_INORM,0.4303885,9.275614e-10
696,./node_696_INORM,0.5138718,6.927364e-10
993,./node_993_INORM,0.3624125,0.0000028
16,./node_16_INORM,0.3035384,0.0000929
84,./node_84_INORM,0.4494089,5.5287395e-10
79,./node_79_INORM,0.4144887,4.3251285e-09
520,./node_520_INORM,0.3888397,0.0000001
901,./node_901_INORM,0.4157052,0.0000001
604,./node_604_INORM,0.4990003,1.7819022e-10
307,./node_307_INORM,0.4927305,2.7162332e-12
749,./node_749_INORM,0.4757112,9.6915965e-12
490,./node_490_INORM,0.5248399,7.3971635e-13
193,./node_193_INORM,0.4921684,4.0698361e-12
101,./node_101_INORM,0.3243859,0.0000058
402,./node_402_INORM,0.4016849,2.053017e-08
823,./node_823_INORM,0.4233383,2.1503637e-08
726,./node_726_INORM,0.5180764,1.1235834e-11
225,./node_225_INORM,0.4383994,1.8516129e-09
58,./node_58_INORM,0.4249552,1.5401924e-08
501,./node_501_INORM,0.4885788,7.654993e-11
625,./node_625_INORM,0.5275063,3.5971271e-12
326,./node_326_INORM,0.3828973,0.0000003
920,./node_920_INORM,0.4260667,1.0548238e-08
349,./node_349_INORM,0.5175021,1.844259e-12
593,./node_593_INORM,0.3853401,0.0000001
37,./node_37_INORM,0.4184122,1.702315e-08
54,./node_54_INORM,0.4030356,0.0000001
629,./node_629_INORM,0.5182739,3.0302095e-09
943,./node_943_INORM,0.3723770,0.0000014
646,./node_646_INORM,0.3836074,0.0000001
345,./node_345_INORM,0.5129687,2.6566131e-12
562,./node_562_INORM,0.5325745,4.0699171e-10
745,./node_745_INORM,0.4015954,2.828645e-08
246,./node_246_INORM,0.3864513,0.0000001
840,./node_840_INORM,0.3675957,0.0000010
162,./node_162_INORM,0.4485740,1.5109575e-10
461,./node_461_INORM,0.4935926,1.3923548e-12
229,./node_229_INORM,0.4885196,7.979074e-12
399,./node_399_INORM,0.5029247,4.2916898e-12
667,./node_667_INORM,0.3861341,0.0000001
364,./node_364_INORM,0.5357148,4.3051763e-14
962,./node_962_INORM,0.4219128,0.0000001
543,./node_543_INORM,0.5006433,9.7911445e-11
1016,./node_1016_INORM,0.3554129,0.0000062
88,./node_88_INORM,0.4092725,4.4932952e-09
75,./node_75_INORM,0.4270675,1.8503046e-09
608,./node_608_INORM,0.5259938,2.335189e-14
208,./node_208_INORM,0.4056870,1.8234824e-08
861,./node_861_INORM,0.4421457,8.7125895e-09
764,./node_764_INORM,0.4784218,2.7233147e-09
267,./node_267_INORM,0.4881514,4.7014432e-12
799,./node_799_INORM,0.3938470,0.0000001
143,./node_143_INORM,0.3995856,2.5613219e-08
440,./node_440_INORM,0.4153845,3.1790591e-09
516,./node_516_INORM,0.3934043,2.9631033e-08
331,./node_331_INORM,0.4186436,1.3261261e-08
632,./node_632_INORM,0.5238573,1.6138318e-09
937,./node_937_INORM,0.3865764,0.0000004
958,./node_958_INORM,0.3935621,0.0000004
579,./node_579_INORM,0.4539562,6.7516805e-11
20,./node_20_INORM,0.3113949,0.0000578
584,./node_584_INORM,0.4099514,7.7577845e-09
184,./node_184_INORM,0.4259720,9.8510725e-10
179,./node_179_INORM,0.3983200,9.555605e-09
487,./node_487_INORM,0.4814061,1.4569047e-09
415,./node_415_INORM,0.3782758,0.0000001
116,./node_116_INORM,0.3994317,7.925939e-09
834,./node_834_INORM,0.3873015,0.0000002
232,./node_232_INORM,0.5312740,1.0605884e-13
731,./node_731_INORM,0.5127888,5.214186e-12
681,./node_681_INORM,0.5105723,2.6784451e-09
382,./node_382_INORM,0.3592767,0.0000005
984,./node_984_INORM,0.3713166,0.0000016
979,./node_979_INORM,0.3571572,0.0000025
558,./node_558_INORM,0.3960640,2.5262434e-08
537,./node_537_INORM,0.5067727,5.847723e-10
93,./node_93_INORM,0.4535921,5.4789905e-10
916,./node_916_INORM,0.4194194,0.0000001
310,./node_310_INORM,0.4162180,1.3435668e-08
613,./node_613_INORM,0.3887320,0.0000001
434,./node_434_INORM,0.5299090,5.3829545e-14
137,./node_137_INORM,0.4133151,1.6784855e-08
213,./node_213_INORM,0.4357578,2.120745e-09
710,./node_710_INORM,0.5218080,5.677619e-12
815,./node_815_INORM,0.4321077,1.0727133e-09
887,./node_887_INORM,0.4464778,6.2929165e-09
782,./node_782_INORM,0.4784208,2.2385582e-11
281,./node_281_INORM,0.5119239,5.214526e-13
158,./node_158_INORM,0.4885416,4.2395224e-12
438,./node_438_INORM,0.4844153,4.3358928e-12
819,./node_819_INORM,0.3730036,0.0000007
876,./node_876_INORM,0.3918114,0.0000003
270,./node_270_INORM,0.4246894,7.0644635e-09
773,./node_773_INORM,0.3630066,0.0000008
457,./node_457_INORM,0.4837425,4.6225857e-11
154,./node_154_INORM,0.4014065,7.7746235e-09
373,./node_373_INORM,0.3933744,2.4148919e-08
2,./node_2_INORM,0.3255291,0.0000220
670,./node_670_INORM,0.4055981,1.4589365e-08
988,./node_988_INORM,0.3348119,0.0000111
975,./node_975_INORM,0.2690281,0.0002830
554,./node_554_INORM,0.5312219,1.5758273e-13
62,./node_62_INORM,0.4372966,1.1449326e-09
1001,./node_1001_INORM,0.3539211,0.0000058
251,./node_251_INORM,0.3697468,0.0000001
752,./node_752_INORM,0.4762508,6.1445555e-10
857,./node_857_INORM,0.4414372,8.6761775e-09
188,./node_188_INORM,0.4221257,5.658536e-09
476,./node_476_INORM,0.4323369,4.8740065e-08
175,./node_175_INORM,0.3764548,0.0000001
419,./node_419_INORM,0.5039855,4.382739e-13
838,./node_838_INORM,0.3529163,0.0000025
43,./node_43_INORM,0.3267342,0.0000257
1020,./node_1020_INORM,0.4058518,0.0000001
954,./node_954_INORM,0.4086027,0.0000001
352,./node_352_INORM,0.4916002,1.1817374e-11
651,./node_651_INORM,0.5319543,7.6597285e-14
575,./node_575_INORM,0.4834699,5.834321e-10
588,./node_588_INORM,0.5099092,2.5305003e-11
17,./node_17_INORM,0.4157565,2.638541e-08
992,./node_992_INORM,0.3308727,0.0000129
697,./node_697_INORM,0.5209071,1.206804e-11
369,./node_369_INORM,0.3641073,0.0000002
394,./node_394_INORM,0.4123784,8.64321e-09
306,./node_306_INORM,0.4950277,1.2036671e-11
605,./node_605_INORM,0.3836512,0.0000001
900,./node_900_INORM,0.4599875,7.663055e-10
78,./node_78_INORM,0.3079786,0.0000236
521,./node_521_INORM,0.3797980,0.0000001
85,./node_85_INORM,0.4192633,2.8338836e-08
803,./node_803_INORM,0.4053809,1.8948154e-08
205,./node_205_INORM,0.3702067,0.0000001
706,./node_706_INORM,0.3727930,0.0000004
422,./node_422_INORM,0.5019174,4.942751e-12
121,./node_121_INORM,0.4807998,7.0334495e-12
794,./node_794_INORM,0.4556873,2.482592e-09
769,./node_769_INORM,0.4972016,2.7891861e-11
297,./node_297_INORM,0.5292153,1.3325472e-13
891,./node_891_INORM,0.2992386,0.0000632
921,./node_921_INORM,0.4179735,0.0000001
327,./node_327_INORM,0.5356893,6.0750525e-14
624,./node_624_INORM,0.5263476,1.0258529e-10
59,./node_59_INORM,0.3833803,0.0000002
500,./node_500_INORM,0.4373960,4.5514226e-10
36,./node_36_INORM,0.3261139,0.0000127
592,./node_592_INORM,0.3999111,1.6640507e-08
348,./node_348_INORM,0.3578015,0.0000016
192,./node_192_INORM,0.3782449,0.0000001
491,./node_491_INORM,0.5367056,7.1364825e-14
748,./node_748_INORM,0.4220339,3.1916576e-08
224,./node_224_INORM,0.3875877,2.8731091e-08
727,./node_727_INORM,0.5126344,2.206357e-12
822,./node_822_INORM,0.3902328,0.0000001
403,./node_403_INORM,0.3646543,0.0000003
100,./node_100_INORM,0.3636153,0.0000004
460,./node_460_INORM,0.4484502,9.7794875e-09
163,./node_163_INORM,0.3898255,1.7761804e-08
841,./node_841_INORM,0.4642564,1.6090866e-09
247,./node_247_INORM,0.5007347,3.1124596e-12
744,./node_744_INORM,0.5025079,6.315433e-11
228,./node_228_INORM,0.3675827,0.0000001
628,./node_628_INORM,0.4588367,3.7520994e-11
55,./node_55_INORM,0.3202054,0.0000266
563,./node_563_INORM,0.5389274,3.0184671e-10
344,./node_344_INORM,0.5270500,1.1778189e-13
647,./node_647_INORM,0.4822156,1.5632014e-12
942,./node_942_INORM,0.3857049,0.0000003
209,./node_209_INORM,0.3790560,0.0000001
441,./node_441_INORM,0.5601657,1.1107637e-14
142,./node_142_INORM,0.3900929,1.8929718e-08
798,./node_798_INORM,0.4788721,6.875171e-11
266,./node_266_INORM,0.5375144,8.2448935e-14
765,./node_765_INORM,0.4917398,2.0430689e-11
860,./node_860_INORM,0.4641522,1.6662661e-10
542,./node_542_INORM,0.5031321,8.0479085e-12
963,./node_963_INORM,0.3964216,0.0000001
365,./node_365_INORM,0.3708176,0.0000008
666,./node_666_INORM,0.3831935,0.0000001
398,./node_398_INORM,0.5511432,4.3674903e-14
609,./node_609_INORM,0.5291099,2.6216168e-10
74,./node_74_INORM,0.3073098,0.0000292
89,./node_89_INORM,0.3993238,1.0239658e-08
1017,./node_1017_INORM,0.4048439,0.0000002
471,./node_471_INORM,0.4279956,6.455727e-10
172,./node_172_INORM,0.3839774,3.3530164e-08
256,./node_256_INORM,0.4416662,3.2519333e-10
755,./node_755_INORM,0.4801048,5.763369e-12
850,./node_850_INORM,0.3206396,0.0000190
239,./node_239_INORM,0.4140690,3.4825095e-09
639,./node_639_INORM,0.5147546,5.9544855e-11
44,./node_44_INORM,0.3145076,0.0000528
572,./node_572_INORM,0.5246709,2.9274064e-13
953,./node_953_INORM,0.3680010,0.0000014
355,./node_355_INORM,0.4133546,3.8091279e-09
656,./node_656_INORM,0.5055857,6.303502e-09
218,./node_218_INORM,0.4039318,6.3944215e-09
450,./node_450_INORM,0.4370242,2.4531366e-08
153,./node_153_INORM,0.4659641,2.3626969e-11
871,./node_871_INORM,0.3669511,0.0000008
789,./node_789_INORM,0.4795992,3.5835864e-10
277,./node_277_INORM,0.3640761,0.0000001
774,./node_774_INORM,0.4841384,2.6239658e-10
553,./node_553_INORM,0.5157492,1.2952659e-12
374,./node_374_INORM,0.4630420,3.0659275e-10
5,./node_5_INORM,0.3512240,0.0000038
677,./node_677_INORM,0.5248419,3.6613512e-13
389,./node_389_INORM,0.5362155,6.2581705e-14
972,./node_972_INORM,0.3437691,0.0000067
618,./node_618_INORM,0.5299528,8.2013495e-13
65,./node_65_INORM,0.3527254,0.0000013
1006,./node_1006_INORM,0.4020474,0.0000001
98,./node_98_INORM,0.4454123,2.670356e-10
686,./node_686_INORM,0.3774667,0.0000002
9,./node_9_INORM,0.3531094,0.0000040
378,./node_378_INORM,0.4529850,1.0573443e-09
385,./node_385_INORM,0.5281032,5.5145265e-13
983,./node_983_INORM,0.3290205,0.0000127
911,./node_911_INORM,0.3741528,0.0000009
317,./node_317_INORM,0.5147365,1.5327727e-12
614,./node_614_INORM,0.5420073,5.6466405e-10
530,./node_530_INORM,0.5167988,8.4212855e-13
69,./node_69_INORM,0.4399685,4.0498462e-09
94,./node_94_INORM,0.4682570,1.2165339e-10
214,./node_214_INORM,0.3786103,0.0000001
717,./node_717_INORM,0.4937473,7.1980145e-09
812,./node_812_INORM,0.4557374,2.5359606e-09
433,./node_433_INORM,0.4139849,0.0000001
130,./node_130_INORM,0.4524616,1.4376879e-10
880,./node_880_INORM,0.4242565,6.293098e-09
785,./node_785_INORM,0.4895864,9.0825365e-11
778,./node_778_INORM,0.3668106,0.0000006
286,./node_286_INORM,0.4009708,4.050348e-08
336,./node_336_INORM,0.5261426,2.7990931e-13
635,./node_635_INORM,0.5165513,5.501447e-14
930,./node_930_INORM,0.4263876,2.0224219e-08
511,./node_511_INORM,0.4502300,2.5787723e-08
48,./node_48_INORM,0.3086741,0.0000738
27,./node_27_INORM,0.3165954,0.0000317
583,./node_583_INORM,0.5488716,4.5426246e-15
359,./node_359_INORM,0.5325352,1.7091035e-13
183,./node_183_INORM,0.3831996,0.0000001
480,./node_480_INORM,0.4629684,3.9405391e-09
759,./node_759_INORM,0.4637460,2.7028987e-11
833,./node_833_INORM,0.4569656,1.0088049e-10
235,./node_235_INORM,0.4795300,9.415443e-12
736,./node_736_INORM,0.4953838,1.2866685e-10
412,./node_412_INORM,0.5253053,9.3240945e-14
111,./node_111_INORM,0.5007404,2.3999095e-12
429,./node_429_INORM,0.3724321,0.0000002
808,./node_808_INORM,0.3801042,0.0000003
261,./node_261_INORM,0.4362538,2.7826212e-09
762,./node_762_INORM,0.3610335,0.0000009
867,./node_867_INORM,0.3387884,0.0000065
446,./node_446_INORM,0.3752035,0.0000002
145,./node_145_INORM,0.4111907,2.4858294e-09
999,./node_999_INORM,0.3652481,0.0000012
964,./node_964_INORM,0.4386175,1.3835964e-08
362,./node_362_INORM,0.3795373,0.0000005
661,./node_661_INORM,0.5240134,7.032714e-13
545,./node_545_INORM,0.5047127,2.0808368e-10
73,./node_73_INORM,0.3110912,0.0000157
1010,./node_1010_INORM,0.4197128,2.5917409e-08
846,./node_846_INORM,0.4530856,4.9560588e-10
240,./node_240_INORM,0.4679099,1.9138555e-10
743,./node_743_INORM,0.4995309,1.4379896e-11
199,./node_199_INORM,0.4913271,3.7920274e-12
467,./node_467_INORM,0.3711710,0.0000002
164,./node_164_INORM,0.5064554,1.1927429e-12
408,./node_408_INORM,0.4743089,1.0614382e-11
829,./node_829_INORM,0.4638099,9.887741e-11
52,./node_52_INORM,0.3723505,0.0000012
343,./node_343_INORM,0.3597854,0.0000004
640,./node_640_INORM,0.5134031,7.750441e-11
945,./node_945_INORM,0.4221422,2.0214294e-08
564,./node_564_INORM,0.4970476,4.6593497e-11
599,./node_599_INORM,0.5044305,1.5877436e-13
507,./node_507_INORM,0.5297946,7.3210575e-14
926,./node_926_INORM,0.3899254,0.0000004
320,./node_320_INORM,0.4624518,4.7899688e-11
623,./node_623_INORM,0.3830132,0.0000001
949,./node_949_INORM,0.2653816,0.0003371
31,./node_31_INORM,0.3402596,0.0000075
568,./node_568_INORM,0.4902847,5.37317e-13
595,./node_595_INORM,0.4821198,2.6924915e-12
195,./node_195_INORM,0.4089409,1.5898057e-08
168,./node_168_INORM,0.4473856,1.3523262e-10
496,./node_496_INORM,0.4165798,2.5475122e-09
404,./node_404_INORM,0.3593007,0.0000005
107,./node_107_INORM,0.4228191,1.876482e-09
223,./node_223_INORM,0.3717137,0.0000001
720,./node_720_INORM,0.5004506,7.124032e-13
825,./node_825_INORM,0.3518854,0.0000018
995,./node_995_INORM,0.3487207,0.0000037
968,./node_968_INORM,0.4204753,0.0000001
690,./node_690_INORM,0.5155577,1.3557189e-10
393,./node_393_INORM,0.4800834,3.9800171e-11
10,./node_10_INORM,0.3318941,0.0000133
549,./node_549_INORM,0.5349854,5.4840205e-14
526,./node_526_INORM,0.5045625,1.8452845e-13
82,./node_82_INORM,0.3831278,0.0000001
301,./node_301_INORM,0.3790958,0.0000001
602,./node_602_INORM,0.5230913,5.7384705e-13
907,./node_907_INORM,0.3787752,0.0000004
425,./node_425_INORM,0.4094579,5.41686e-09
126,./node_126_INORM,0.4831836,1.7786762e-11
804,./node_804_INORM,0.4776523,2.961748e-10
202,./node_202_INORM,0.4288478,7.5313735e-10
701,./node_701_INORM,0.5239721,6.039473e-13
793,./node_793_INORM,0.4541798,1.2470629e-10
290,./node_290_INORM,0.4580392,5.7521245e-10
896,./node_896_INORM,0.4158262,1.3443617e-08
149,./node_149_INORM,0.4718186,1.4266155e-10
45,./node_45_INORM,0.3635600,0.0000022
638,./node_638_INORM,0.4497022,1.3189257e-10
657,./node_657_INORM,0.5128740,1.2356462e-13
354,./node_354_INORM,0.3794643,0.0000001
952,./node_952_INORM,0.4457172,5.8262635e-09
573,./node_573_INORM,0.5042268,1.6436099e-11
851,./node_851_INORM,0.3568950,0.0000014
754,./node_754_INORM,0.4931272,1.1651074e-10
257,./node_257_INORM,0.3911028,0.0000001
173,./node_173_INORM,0.4315592,2.663182e-09
470,./node_470_INORM,0.5035453,4.5882879e-12
238,./node_238_INORM,0.4317859,3.4406627e-09
973,./node_973_INORM,0.2638501,0.0003477
388,./node_388_INORM,0.4164352,2.4079935e-08
676,./node_676_INORM,0.5223300,9.357958e-13
375,./node_375_INORM,0.4827035,5.6837605e-12
4,./node_4_INORM,0.3005696,0.0001063
552,./node_552_INORM,0.5521351,7.4376105e-15
99,./node_99_INORM,0.3843852,0.0000003
1007,./node_1007_INORM,0.3349843,0.0000132
64,./node_64_INORM,0.3871852,0.0000004
619,./node_619_INORM,0.4230246,1.297158e-09
219,./node_219_INORM,0.4375132,3.8334262e-10
775,./node_775_INORM,0.4080010,0.0000002
276,./node_276_INORM,0.4753242,1.1698334e-10
788,./node_788_INORM,0.4977513,1.2563845e-11
870,./node_870_INORM,0.4632247,1.7157441e-10
152,./node_152_INORM,0.5119895,1.0689381e-12
451,./node_451_INORM,0.4281759,0.0000001
131,./node_131_INORM,0.4001549,8.4381145e-09
432,./node_432_INORM,0.4274992,3.7988208e-08
813,./node_813_INORM,0.3903050,0.0000002
716,./node_716_INORM,0.5098374,7.713766e-11
215,./node_215_INORM,0.5166196,1.0901618e-12
287,./node_287_INORM,0.4837630,6.9852875e-11
779,./node_779_INORM,0.4187707,3.869549e-09
784,./node_784_INORM,0.4531507,3.6750695e-09
881,./node_881_INORM,0.3860200,0.0000003
982,./node_982_INORM,0.4419137,4.7656321e-09
384,./node_384_INORM,0.4672990,1.5508143e-10
8,./node_8_INORM,0.3984494,0.0000001
379,./node_379_INORM,0.3549811,0.0000007
687,./node_687_INORM,0.5158594,1.1194509e-10
95,./node_95_INORM,0.4221977,1.3392416e-09
531,./node_531_INORM,0.4900738,1.1749213e-10
68,./node_68_INORM,0.3395086,0.0000052
615,./node_615_INORM,0.5085391,9.8938765e-11
316,./node_316_INORM,0.3905966,3.6584354e-08
910,./node_910_INORM,0.3782248,0.0000006
758,./node_758_INORM,0.4456381,2.055449e-10
481,./node_481_INORM,0.5345944,1.557585e-13
182,./node_182_INORM,0.3753603,0.0000001
110,./node_110_INORM,0.4121608,2.5837693e-09
413,./node_413_INORM,0.5441603,9.6876005e-14
737,./node_737_INORM,0.3983940,3.7038452e-08
234,./node_234_INORM,0.4415382,2.7303745e-10
832,./node_832_INORM,0.3665649,0.0000006
510,./node_510_INORM,0.5178923,9.6819715e-14
49,./node_49_INORM,0.3289385,0.0000071
931,./node_931_INORM,0.2792458,0.0001822
634,./node_634_INORM,0.3975167,3.3252655e-08
337,./node_337_INORM,0.3530731,0.0000007
358,./node_358_INORM,0.3820754,0.0000004
582,./node_582_INORM,0.5404945,2.445719e-14
26,./node_26_INORM,0.3153698,0.0000453
544,./node_544_INORM,0.5014193,6.8106875e-10
660,./node_660_INORM,0.3981893,3.8823854e-08
363,./node_363_INORM,0.4734890,8.5541575e-11
965,./node_965_INORM,0.4046385,0.0000001
998,./node_998_INORM,0.3765026,0.0000012
1011,./node_1011_INORM,0.3152948,0.0000381
72,./node_72_INORM,0.3066694,0.0000311
809,./node_809_INORM,0.3781705,0.0000005
428,./node_428_INORM,0.4432273,2.7894542e-09
144,./node_144_INORM,0.5133528,2.2169492e-12
447,./node_447_INORM,0.5478736,4.95048e-14
866,./node_866_INORM,0.3905183,0.0000003
763,./node_763_INORM,0.4382186,2.5785168e-08
260,./node_260_INORM,0.5218105,8.9006635e-13
53,./node_53_INORM,0.4355859,1.5698012e-09
598,./node_598_INORM,0.4284903,1.1837678e-09
565,./node_565_INORM,0.4982940,5.345276e-11
944,./node_944_INORM,0.4158227,4.3268781e-08
641,./node_641_INORM,0.5168053,1.5058802e-11
342,./node_342_INORM,0.4773843,8.2244685e-11
165,./node_165_INORM,0.3794707,4.4739333e-08
466,./node_466_INORM,0.4932251,8.5515515e-13
198,./node_198_INORM,0.3700863,0.0000002
742,./node_742_INORM,0.4642648,3.9517119e-09
241,./node_241_INORM,0.4669464,3.7958126e-11
847,./node_847_INORM,0.4707302,7.555197e-10
828,./node_828_INORM,0.4623065,1.5088685e-10
409,./node_409_INORM,0.3996985,0.0000002
497,./node_497_INORM,0.3783191,0.0000001
169,./node_169_INORM,0.4727924,2.389749e-11
194,./node_194_INORM,0.4005636,2.4350454e-08
824,./node_824_INORM,0.4790211,2.7485603e-10
721,./node_721_INORM,0.4323067,6.8105125e-10
222,./node_222_INORM,0.3929034,4.8141726e-08
106,./node_106_INORM,0.3214775,0.0000077
405,./node_405_INORM,0.3635565,0.0000004
622,./node_622_INORM,0.5325526,2.3807669e-10
321,./node_321_INORM,0.3636251,0.0000010
927,./node_927_INORM,0.4257306,2.527693e-08
506,./node_506_INORM,0.4821034,4.0408626e-10
594,./node_594_INORM,0.5077644,5.333626e-11
30,./node_30_INORM,0.3649352,0.0000014
569,./node_569_INORM,0.3851337,0.0000001
948,./node_948_INORM,0.3815810,0.0000005
700,./node_700_INORM,0.4854872,1.2481584e-12
203,./node_203_INORM,0.5160619,7.4992075e-13
805,./node_805_INORM,0.4796616,9.8602195e-11
127,./node_127_INORM,0.3550510,0.0000005
424,./node_424_INORM,0.5329770,3.0686901e-13
148,./node_148_INORM,0.4186936,6.882184e-09
897,./node_897_INORM,0.4380141,2.7147821e-09
291,./node_291_INORM,0.4210058,3.3673844e-09
792,./node_792_INORM,0.3802626,0.0000004
11,./node_11_INORM,0.3842930,0.0000003
548,./node_548_INORM,0.5005235,2.0121008e-11
392,./node_392_INORM,0.4826833,7.1761875e-12
691,./node_691_INORM,0.5362159,2.1607591e-14
969,./node_969_INORM,0.3725244,0.0000013
994,./node_994_INORM,0.4265404,2.3703732e-08
906,./node_906_INORM,0.4616089,2.1978675e-10
603,./node_603_INORM,0.5227588,3.0041709e-12
300,./node_300_INORM,0.4180348,1.3982665e-08
83,./node_83_INORM,0.3059076,0.0000203
527,./node_527_INORM,0.5327255,1.3368029e-13
275,./node_275_INORM,0.5339456,1.4429095e-13
288,./node_288_INORM,0.4100422,5.193066e-09
776,./node_776_INORM,0.4285186,3.9718218e-08
873,./node_873_INORM,0.3194191,0.0000203
452,./node_452_INORM,0.3992039,1.913133e-08
151,./node_151_INORM,0.3878627,0.0000001
719,./node_719_INORM,0.4990077,9.78356e-10
67,./node_67_INORM,0.3167200,0.0000178
1004,./node_1004_INORM,0.4041841,0.0000001
319,./node_319_INORM,0.5066647,6.5431845e-13
970,./node_970_INORM,0.3516429,0.0000041
376,./node_376_INORM,0.3984006,0.0000002
7,./node_7_INORM,0.3573079,0.0000027
688,./node_688_INORM,0.4051048,1.9610858e-08
675,./node_675_INORM,0.3925257,0.0000001
551,./node_551_INORM,0.4984413,2.5150853e-13
738,./node_738_INORM,0.3944545,0.0000001
852,./node_852_INORM,0.3348704,0.0000071
254,./node_254_INORM,0.3723307,0.0000001
757,./node_757_INORM,0.4007648,2.6363503e-08
473,./node_473_INORM,0.4284843,0.0000001
170,./node_170_INORM,0.4942934,3.0338592e-12
357,./node_357_INORM,0.5043920,5.85553e-13
654,./node_654_INORM,0.5112676,6.7813545e-11
951,./node_951_INORM,0.3250604,0.0000197
570,./node_570_INORM,0.5292538,1.3429154e-13
29,./node_29_INORM,0.4258626,5.012839e-09
46,./node_46_INORM,0.4332403,2.6604679e-09
338,./node_338_INORM,0.4996644,1.4917397e-12
658,./node_658_INORM,0.5284831,2.0342823e-13
25,./node_25_INORM,0.3779370,0.0000006
581,./node_581_INORM,0.4319176,4.2759255e-10
513,./node_513_INORM,0.4875025,2.250657e-09
932,./node_932_INORM,0.3931543,0.0000002
334,./node_334_INORM,0.3773372,0.0000005
637,./node_637_INORM,0.5391684,2.3839523e-14
410,./node_410_INORM,0.4283520,2.6624155e-08
113,./node_113_INORM,0.4699840,5.1288145e-11
237,./node_237_INORM,0.3853137,3.889319e-08
734,./node_734_INORM,0.3788424,0.0000002
831,./node_831_INORM,0.4759372,1.4978806e-10
258,./node_258_INORM,0.4969588,2.8132222e-12
181,./node_181_INORM,0.4098485,3.8057566e-09
482,./node_482_INORM,0.4800210,7.5795385e-10
532,./node_532_INORM,0.4907978,3.1854651e-09
1008,./node_1008_INORM,0.3712112,0.0000025
96,./node_96_INORM,0.4459821,4.4020843e-10
315,./node_315_INORM,0.5142231,1.635887e-12
616,./node_616_INORM,0.4734718,5.543924e-12
913,./node_913_INORM,0.4030552,0.0000001
981,./node_981_INORM,0.3009209,0.0000729
684,./node_684_INORM,0.4759147,2.9772935e-12
387,./node_387_INORM,0.4873259,2.1661711e-11
679,./node_679_INORM,0.5012169,1.7654375e-10
279,./node_279_INORM,0.4397660,5.4314835e-10
787,./node_787_INORM,0.4674111,8.4638285e-10
284,./node_284_INORM,0.5111572,1.3806089e-12
882,./node_882_INORM,0.4381461,1.2946622e-08
431,./node_431_INORM,0.5426339,2.4307807e-14
132,./node_132_INORM,0.3912471,1.8079325e-08
810,./node_810_INORM,0.3528682,0.0000021
216,./node_216_INORM,0.3825682,0.0000001
715,./node_715_INORM,0.4695481,6.238779e-12
109,./node_109_INORM,0.4754491,2.6921882e-11
465,./node_465_INORM,0.5519497,2.3934535e-14
498,./node_498_INORM,0.5064007,3.7374398e-13
166,./node_166_INORM,0.3991772,2.5691666e-08
242,./node_242_INORM,0.3874189,0.0000001
741,./node_741_INORM,0.3737430,0.0000003
844,./node_844_INORM,0.4174518,7.3042715e-09
566,./node_566_INORM,0.5143410,2.2707769e-10
947,./node_947_INORM,0.3053389,0.0000453
341,./node_341_INORM,0.4416317,6.4607885e-10
642,./node_642_INORM,0.5135189,3.0576776e-10
928,./node_928_INORM,0.3737134,0.0000009
50,./node_50_INORM,0.4287640,3.7742759e-09
509,./node_509_INORM,0.4604039,2.3674858e-11
444,./node_444_INORM,0.4679275,8.424859e-10
147,./node_147_INORM,0.3703289,0.0000002
898,./node_898_INORM,0.3103381,0.0000367
865,./node_865_INORM,0.4137162,0.0000001
263,./node_263_INORM,0.4558272,8.5898285e-11
760,./node_760_INORM,0.4614666,3.1743626e-09
128,./node_128_INORM,0.4709946,1.0519116e-10
909,./node_909_INORM,0.4015334,0.0000001
71,./node_71_INORM,0.4436870,6.766817e-10
528,./node_528_INORM,0.4705482,4.8408037e-09
1012,./node_1012_INORM,0.2867661,0.0001625
547,./node_547_INORM,0.4996737,4.9820015e-10
360,./node_360_INORM,0.4562663,9.4359055e-11
663,./node_663_INORM,0.5175679,3.5432195e-10
966,./node_966_INORM,0.3942120,0.0000002
905,./node_905_INORM,0.3943425,0.0000003
303,./node_303_INORM,0.5050902,4.7368126e-12
600,./node_600_INORM,0.5213171,6.192088e-14
524,./node_524_INORM,0.5405132,9.230166e-15
80,./node_80_INORM,0.3717051,0.0000011
12,./node_12_INORM,0.3402542,0.0000106
692,./node_692_INORM,0.5333601,7.1404855e-14
391,./node_391_INORM,0.4413877,2.348645e-10
997,./node_997_INORM,0.3963227,0.0000004
448,./node_448_INORM,0.5554546,1.3277155e-14
894,./node_894_INORM,0.4325492,1.8594647e-08
869,./node_869_INORM,0.3894059,0.0000001
791,./node_791_INORM,0.4323540,9.303263e-10
292,./node_292_INORM,0.5171851,8.138061e-13
200,./node_200_INORM,0.3892825,0.0000001
703,./node_703_INORM,0.4821754,2.7738964e-12
806,./node_806_INORM,0.4267730,2.0129688e-08
427,./node_427_INORM,0.4566434,6.796477e-11
124,./node_124_INORM,0.3776533,0.0000001
33,./node_33_INORM,0.3113082,0.0000447
597,./node_597_INORM,0.4884602,7.001013e-10
322,./node_322_INORM,0.5156385,1.6295978e-12
621,./node_621_INORM,0.5297606,1.7535293e-14
924,./node_924_INORM,0.3492887,0.0000047
505,./node_505_INORM,0.4921238,4.1384212e-11
827,./node_827_INORM,0.3653030,0.0000012
221,./node_221_INORM,0.4035194,2.4492246e-08
722,./node_722_INORM,0.4724853,5.2576435e-12
406,./node_406_INORM,0.3644758,0.0000003
105,./node_105_INORM,0.3439218,0.0000015
469,./node_469_INORM,0.5098877,1.7214218e-13
197,./node_197_INORM,0.4601063,4.74171e-11
494,./node_494_INORM,0.4407990,4.6589608e-08
848,./node_848_INORM,0.4291489,1.8083706e-08
318,./node_318_INORM,0.4830426,5.385116e-11
1005,./node_1005_INORM,0.3834936,0.0000007
66,./node_66_INORM,0.4290007,2.7870925e-09
550,./node_550_INORM,0.4282259,1.0956336e-09
674,./node_674_INORM,0.5082316,2.5214178e-13
689,./node_689_INORM,0.4247894,1.6072944e-09
377,./node_377_INORM,0.3881447,0.0000001
6,./node_6_INORM,0.2987614,0.0001243
971,./node_971_INORM,0.3068438,0.0000473
150,./node_150_INORM,0.5035254,3.1785576e-12
453,./node_453_INORM,0.5163344,1.7295671e-13
872,./node_872_INORM,0.3843685,0.0000003
777,./node_777_INORM,0.4497294,1.2927099e-10
289,./node_289_INORM,0.3689279,0.0000007
274,./node_274_INORM,0.4979760,1.237899e-11
718,./node_718_INORM,0.3876230,0.0000001
571,./node_571_INORM,0.5265223,1.6227289e-13
28,./node_28_INORM,0.3459456,0.0000056
950,./node_950_INORM,0.2675854,0.0002759
655,./node_655_INORM,0.3857016,0.0000001
356,./node_356_INORM,0.5188591,4.8142334e-13
339,./node_339_INORM,0.4162251,6.1748305e-09
1024,./node_1024_INORM,0.3696502,0.0000024
47,./node_47_INORM,0.3286541,0.0000245
739,./node_739_INORM,0.4847438,5.2076945e-09
171,./node_171_INORM,0.4225059,4.5700747e-09
472,./node_472_INORM,0.5287132,5.864383e-14
756,./node_756_INORM,0.4715761,1.8060024e-08
255,./node_255_INORM,0.4774244,1.2955987e-11
853,./node_853_INORM,0.4098060,1.3319262e-08
830,./node_830_INORM,0.3524592,0.0000022
735,./node_735_INORM,0.4141686,6.830171e-09
236,./node_236_INORM,0.4563911,5.321605e-10
112,./node_112_INORM,0.4370503,1.8891786e-09
411,./node_411_INORM,0.4590555,4.8386853e-10
483,./node_483_INORM,0.5335574,7.4224935e-14
180,./node_180_INORM,0.3730078,0.0000002
259,./node_259_INORM,0.3837408,3.3771273e-08
580,./node_580_INORM,0.4967168,7.774425e-10
24,./node_24_INORM,0.3044146,0.0000983
659,./node_659_INORM,0.5167158,4.2694287e-13
636,./node_636_INORM,0.5204424,2.1053517e-12
335,./node_335_INORM,0.3637198,0.0000011
933,./node_933_INORM,0.4553001,1.6269733e-09
512,./node_512_INORM,0.4925413,3.2469818e-11
883,./node_883_INORM,0.3627468,0.0000012
285,./node_285_INORM,0.3692407,0.0000001
786,./node_786_INORM,0.4089474,0.0000002
278,./node_278_INORM,0.3754621,0.0000003
714,./node_714_INORM,0.5130945,5.499782e-12
217,./node_217_INORM,0.3702267,0.0000001
811,./node_811_INORM,0.4635448,4.1944269e-11
133,./node_133_INORM,0.3645619,0.0000003
430,./node_430_INORM,0.4739077,2.2462562e-10
912,./node_912_INORM,0.3565389,0.0000026
617,./node_617_INORM,0.4949481,7.7318795e-10
314,./node_314_INORM,0.3580116,0.0000016
97,./node_97_INORM,0.3965230,1.1628344e-08
1009,./node_1009_INORM,0.3362299,0.0000154
533,./node_533_INORM,0.4266033,7.682887e-10
678,./node_678_INORM,0.3882810,0.0000001
386,./node_386_INORM,0.4916206,3.9563872e-12
685,./node_685_INORM,0.4969228,7.940549e-10
980,./node_980_INORM,0.4018257,0.0000002
643,./node_643_INORM,0.4891314,6.0603925e-13
340,./node_340_INORM,0.3817459,0.0000003
946,./node_946_INORM,0.4017895,0.0000001
567,./node_567_INORM,0.4948997,5.9548585e-13
51,./node_51_INORM,0.4258616,6.8698895e-09
508,./node_508_INORM,0.4925589,5.326098e-13
929,./node_929_INORM,0.3510101,0.0000039
108,./node_108_INORM,0.4886755,1.8235514e-11
845,./node_845_INORM,0.3450804,0.0000049
740,./node_740_INORM,0.4972326,3.6935433e-12
243,./node_243_INORM,0.4611848,4.6329612e-11
167,./node_167_INORM,0.4623719,2.5185428e-10
499,./node_499_INORM,0.4861613,9.2756045e-10
464,./node_464_INORM,0.5455508,5.0404665e-14
1013,./node_1013_INORM,0.4186126,4.0506325e-08
70,./node_70_INORM,0.4228853,8.141561e-09
529,./node_529_INORM,0.5438378,2.7115352e-14
908,./node_908_INORM,0.4516327,1.3364789e-09
967,./node_967_INORM,0.4223266,2.2162342e-08
662,./node_662_INORM,0.3887786,0.0000001
361,./node_361_INORM,0.4593603,7.4543285e-11
546,./node_546_INORM,0.3854077,0.0000001
761,./node_761_INORM,0.4535555,2.5901317e-08
262,./node_262_INORM,0.5121939,2.0821413e-12
864,./node_864_INORM,0.4042949,4.6500182e-08
899,./node_899_INORM,0.4198909,1.4485472e-08
146,./node_146_INORM,0.3916960,1.3829805e-08
445,./node_445_INORM,0.3999333,1.2336141e-08
129,./node_129_INORM,0.3576034,0.0000005
293,./node_293_INORM,0.5207962,8.801578e-13
790,./node_790_INORM,0.4851583,2.236004e-11
868,./node_868_INORM,0.3152295,0.0000229
895,./node_895_INORM,0.3398105,0.0000068
449,./node_449_INORM,0.4715639,1.1796389e-10
125,./node_125_INORM,0.3530556,0.0000008
426,./node_426_INORM,0.4060561,1.1928171e-08
807,./node_807_INORM,0.4790289,3.8977278e-10
702,./node_702_INORM,0.5181645,2.5281837e-11
201,./node_201_INORM,0.5173432,9.3644755e-13
81,./node_81_INORM,0.4745192,7.206929e-11
525,./node_525_INORM,0.4679348,8.6893115e-09
601,./node_601_INORM,0.4840032,1.1656992e-12
302,./node_302_INORM,0.5371017,7.5124955e-14
904,./node_904_INORM,0.4543374,9.759569e-10
996,./node_996_INORM,0.3364629,0.0000080
390,./node_390_INORM,0.4795306,6.4181385e-11
693,./node_693_INORM,0.4980701,7.970498e-09
13,./node_13_INORM,0.3668965,0.0000012
104,./node_104_INORM,0.4372304,4.2764063e-09
407,./node_407_INORM,0.4163243,0.0000001
723,./node_723_INORM,0.5117639,1.9627106e-12
220,./node_220_INORM,0.5005114,2.4958221e-12
826,./node_826_INORM,0.4707678,1.1086971e-10
849,./node_849_INORM,0.4678230,6.849275e-10
495,./node_495_INORM,0.3877635,0.0000001
196,./node_196_INORM,0.5104514,7.947936e-13
468,./node_468_INORM,0.4896627,3.9118428e-11
596,./node_596_INORM,0.4993945,1.4276386e-09
32,./node_32_INORM,0.2982706,0.0001301
504,./node_504_INORM,0.4721132,3.5031931e-09
925,./node_925_INORM,0.4042187,0.0000001
620,./node_620_INORM,0.4895704,7.474727e-13
323,./node_323_INORM,0.4627539,3.2569702e-10
