node,name,H2r,rp
536,./node_536_INORM,0.1527383,0.0254842
612,./node_612_INORM,0.2078874,0.0060584
311,./node_311_INORM,0.1310260,0.0517584
917,./node_917_INORM,0.1137807,0.0672217
978,./node_978_INORM,0.1613688,0.0172136
985,./node_985_INORM,0.1561438,0.0221853
383,./node_383_INORM,0.0977011,0.1116889
680,./node_680_INORM,0.0751801,0.1625428
559,./node_559_INORM,0.2270709,0.0018874
280,./node_280_INORM,0.1401141,0.0358300
783,./node_783_INORM,0.0689338,0.1799549
19,./node_19_INORM,0.1730199,0.0103444
886,./node_886_INORM,0.1563175,0.0190472
159,./node_159_INORM,0.1438373,0.0402472
136,./node_136_INORM,0.1902534,0.0114941
435,./node_435_INORM,0.1764227,0.0135060
76,./node_76_INORM,0.2798549,0.0002248
814,./node_814_INORM,0.0928920,0.1204733
711,./node_711_INORM,0.2059968,0.0028656
212,./node_212_INORM,0.1029238,0.0858182
959,./node_959_INORM,0.1647934,0.0158394
585,./node_585_INORM,0.1685780,0.0245336
578,./node_578_INORM,0.0996119,0.1031954
517,./node_517_INORM,0.2437080,0.0009899
936,./node_936_INORM,0.1190548,0.0761399
633,./node_633_INORM,0.0848776,0.1320088
330,./node_330_INORM,0.1397128,0.0406150
117,./node_117_INORM,0.1334791,0.0406567
414,./node_414_INORM,0.1735971,0.0112334
730,./node_730_INORM,0.2258567,0.0010795
233,./node_233_INORM,0.1035684,0.0982419
835,./node_835_INORM,0.0847158,0.1256464
57,./node_57_INORM,0.1643784,0.0147872
38,./node_38_INORM,0.1839869,0.0069803
178,./node_178_INORM,0.1287288,0.0436402
486,./node_486_INORM,0.1144551,0.0779213
185,./node_185_INORM,0.1106017,0.0673553
418,./node_418_INORM,0.1540978,0.0252907
839,./node_839_INORM,0.0738755,0.1609252
34,./node_34_INORM,0.2802656,0.0001466
856,./node_856_INORM,0.1005519,0.0947809
753,./node_753_INORM,0.0661900,0.2040673
250,./node_250_INORM,0.1033784,0.1028577
174,./node_174_INORM,0.1393892,0.0452038
189,./node_189_INORM,0.1126897,0.0761700
477,./node_477_INORM,0.1401732,0.0456792
650,./node_650_INORM,0.2981622,0.0000499
353,./node_353_INORM,0.1313980,0.0461938
955,./node_955_INORM,0.1265603,0.0580624
589,./node_589_INORM,0.1642548,0.0170458
574,./node_574_INORM,0.2685194,0.0003026
772,./node_772_INORM,0.0838605,0.1463570
271,./node_271_INORM,0.1477841,0.0271042
877,./node_877_INORM,0.1084247,0.0702446
15,./node_15_INORM,0.2670008,0.0002088
155,./node_155_INORM,0.2021722,0.0066535
456,./node_456_INORM,0.1041850,0.0970204
7,./node_7_INORM,0.2066655,0.0027546
439,./node_439_INORM,0.1042636,0.0975152
818,./node_818_INORM,0.1166440,0.0781600
87,./node_87_INORM,0.2470675,0.0008490
1013,./node_1013_INORM,0.1244793,0.0475269
974,./node_974_INORM,0.1198913,0.0540653
989,./node_989_INORM,0.1370596,0.0446003
671,./node_671_INORM,0.0999669,0.1025141
372,./node_372_INORM,0.1464477,0.0259732
555,./node_555_INORM,0.1830462,0.0098246
593,./node_593_INORM,0.2651987,0.0003932
349,./node_349_INORM,0.1367008,0.0366238
625,./node_625_INORM,0.1178840,0.0724855
326,./node_326_INORM,0.0879965,0.1383846
920,./node_920_INORM,0.1364372,0.0332897
501,./node_501_INORM,0.1686634,0.0161941
41,./node_41_INORM,0.1526553,0.0223778
823,./node_823_INORM,0.1401951,0.0280793
726,./node_726_INORM,0.1603469,0.0150541
225,./node_225_INORM,0.1183036,0.0752673
101,./node_101_INORM,0.1249022,0.0505601
402,./node_402_INORM,0.1522185,0.0280856
490,./node_490_INORM,0.1762388,0.0128602
193,./node_193_INORM,0.1911346,0.0089287
749,./node_749_INORM,0.0685138,0.1954581
901,./node_901_INORM,0.1109455,0.0701598
1009,./node_1009_INORM,0.1194216,0.0610151
604,./node_604_INORM,0.1815954,0.0148948
307,./node_307_INORM,0.1058601,0.0875912
520,./node_520_INORM,0.1013629,0.1032423
395,./node_395_INORM,0.1682305,0.0162168
696,./node_696_INORM,0.1097319,0.0816343
368,./node_368_INORM,0.0872730,0.1397052
993,./node_993_INORM,0.1614178,0.0152819
890,./node_890_INORM,0.1428526,0.0246874
768,./node_768_INORM,0.1341147,0.0400537
296,./node_296_INORM,0.1159824,0.0725105
795,./node_795_INORM,0.1051278,0.0994067
707,./node_707_INORM,0.1737691,0.0106818
204,./node_204_INORM,0.1245561,0.0653732
802,./node_802_INORM,0.0810470,0.1565310
60,./node_60_INORM,0.2503815,0.0010310
120,./node_120_INORM,0.1578044,0.0165380
423,./node_423_INORM,0.1399839,0.0457579
143,./node_143_INORM,0.1826654,0.0141663
440,./node_440_INORM,0.1024283,0.1020568
861,./node_861_INORM,0.1118702,0.0854717
764,./node_764_INORM,0.1673137,0.0125019
799,./node_799_INORM,0.1243496,0.0506305
267,./node_267_INORM,0.1242954,0.0456530
208,./node_208_INORM,0.1572846,0.0264464
91,./node_91_INORM,0.1482097,0.0225105
1005,./node_1005_INORM,0.1430462,0.0349868
608,./node_608_INORM,0.1105375,0.0818362
543,./node_543_INORM,0.1349753,0.0414187
667,./node_667_INORM,0.0799491,0.1534771
399,./node_399_INORM,0.0979587,0.1117192
364,./node_364_INORM,0.1374425,0.0326463
962,./node_962_INORM,0.1326528,0.0524271
229,./node_229_INORM,0.1218490,0.0677616
162,./node_162_INORM,0.1676094,0.0212912
461,./node_461_INORM,0.1494161,0.0367263
745,./node_745_INORM,0.0863819,0.1368527
246,./node_246_INORM,0.1120379,0.0860196
840,./node_840_INORM,0.0851604,0.1253976
22,./node_22_INORM,0.1743730,0.0096297
562,./node_562_INORM,0.1610005,0.0198126
943,./node_943_INORM,0.1221540,0.0490546
646,./node_646_INORM,0.1019357,0.0969555
345,./node_345_INORM,0.1177572,0.0622455
629,./node_629_INORM,0.1390649,0.0343469
1024,./node_1024_INORM,0.1412641,0.0301148
158,./node_158_INORM,0.0989886,0.0959349
887,./node_887_INORM,0.0977599,0.0914929
18,./node_18_INORM,0.2453326,0.0004691
782,./node_782_INORM,0.0940593,0.1250621
281,./node_281_INORM,0.1426086,0.0390949
213,./node_213_INORM,0.1442895,0.0378949
710,./node_710_INORM,0.0666595,0.1895137
815,./node_815_INORM,0.0878560,0.1336757
77,./node_77_INORM,0.1457539,0.0281798
434,./node_434_INORM,0.1827558,0.0106435
137,./node_137_INORM,0.1934859,0.0037516
916,./node_916_INORM,0.1296489,0.0405043
310,./node_310_INORM,0.1247847,0.0597912
613,./node_613_INORM,0.0946447,0.1135227
537,./node_537_INORM,0.2830639,0.0001769
558,./node_558_INORM,0.1242006,0.0558990
681,./node_681_INORM,0.0783776,0.1580518
382,./node_382_INORM,0.1577553,0.0239939
984,./node_984_INORM,0.1216873,0.0503953
979,./node_979_INORM,0.1178488,0.0694747
56,./node_56_INORM,0.1693660,0.0119027
834,./node_834_INORM,0.1009375,0.1105508
232,./node_232_INORM,0.1315414,0.0530767
731,./node_731_INORM,0.0902386,0.1277404
415,./node_415_INORM,0.1423435,0.0318184
116,./node_116_INORM,0.1267398,0.0491050
184,./node_184_INORM,0.1248527,0.0456876
487,./node_487_INORM,0.1926921,0.0074815
179,./node_179_INORM,0.1304690,0.0564508
39,./node_39_INORM,0.2081537,0.0022346
579,./node_579_INORM,0.1101010,0.0785523
584,./node_584_INORM,0.1174818,0.0658769
958,./node_958_INORM,0.1221009,0.0516599
331,./node_331_INORM,0.1341561,0.0473840
632,./node_632_INORM,0.0913022,0.1228477
937,./node_937_INORM,0.1576924,0.0159827
516,./node_516_INORM,0.0982008,0.1070068
575,./node_575_INORM,0.1019796,0.0995777
588,./node_588_INORM,0.2051195,0.0073597
954,./node_954_INORM,0.1232827,0.0473699
352,./node_352_INORM,0.1243887,0.0642025
651,./node_651_INORM,0.0800829,0.1484443
838,./node_838_INORM,0.0953775,0.1218268
419,./node_419_INORM,0.1650196,0.0207161
476,./node_476_INORM,0.1974552,0.0063118
188,./node_188_INORM,0.1475640,0.0356429
175,./node_175_INORM,0.1460864,0.0380841
251,./node_251_INORM,0.1083488,0.0749867
752,./node_752_INORM,0.0670144,0.1877668
857,./node_857_INORM,0.0875328,0.1195624
35,./node_35_INORM,0.2743184,0.0002121
1012,./node_1012_INORM,0.1305564,0.0466878
554,./node_554_INORM,0.1321750,0.0451362
373,./node_373_INORM,0.1436323,0.0334765
670,./node_670_INORM,0.1828982,0.0081522
988,./node_988_INORM,0.1530628,0.0183732
975,./node_975_INORM,0.1320318,0.0353712
457,./node_457_INORM,0.0998786,0.1037961
154,./node_154_INORM,0.1287963,0.0456771
14,./node_14_INORM,0.1883130,0.0055096
876,./node_876_INORM,0.0801241,0.1427730
270,./node_270_INORM,0.1034496,0.0857389
773,./node_773_INORM,0.0826949,0.1528667
86,./node_86_INORM,0.2308203,0.0008587
819,./node_819_INORM,0.1267351,0.0608499
438,./node_438_INORM,0.0985065,0.1085684
6,./node_6_INORM,0.2319561,0.0008927
403,./node_403_INORM,0.1779045,0.0127814
100,./node_100_INORM,0.2319249,0.0008502
224,./node_224_INORM,0.1284666,0.0592697
727,./node_727_INORM,0.1864021,0.0083339
822,./node_822_INORM,0.1086310,0.0722791
40,./node_40_INORM,0.1708218,0.0117667
748,./node_748_INORM,0.0780748,0.1655176
192,./node_192_INORM,0.1226127,0.0563563
491,./node_491_INORM,0.1057691,0.0909299
348,./node_348_INORM,0.1095694,0.0872025
592,./node_592_INORM,0.1112287,0.0782795
500,./node_500_INORM,0.1558324,0.0236841
921,./node_921_INORM,0.1466849,0.0235477
327,./node_327_INORM,0.1251305,0.0482769
624,./node_624_INORM,0.2560382,0.0004351
794,./node_794_INORM,0.0822284,0.1551850
297,./node_297_INORM,0.0965198,0.1167193
769,./node_769_INORM,0.0771634,0.1686372
891,./node_891_INORM,0.1221539,0.0606298
422,./node_422_INORM,0.1233830,0.0660025
121,./node_121_INORM,0.2507566,0.0009461
61,./node_61_INORM,0.1957309,0.0036763
803,./node_803_INORM,0.0899208,0.1360532
205,./node_205_INORM,0.1106484,0.0759787
706,./node_706_INORM,0.0966998,0.1070002
521,./node_521_INORM,0.2328544,0.0016841
306,./node_306_INORM,0.1252177,0.0470269
605,./node_605_INORM,0.0889601,0.1254162
1008,./node_1008_INORM,0.1502000,0.0210093
900,./node_900_INORM,0.1495953,0.0330606
992,./node_992_INORM,0.1343245,0.0461927
369,./node_369_INORM,0.1229605,0.0554912
697,./node_697_INORM,0.1273152,0.0492996
394,./node_394_INORM,0.1563373,0.0215767
609,./node_609_INORM,0.0882230,0.1275742
1004,./node_1004_INORM,0.1454421,0.0245307
963,./node_963_INORM,0.1365400,0.0300225
365,./node_365_INORM,0.1354055,0.0438023
398,./node_398_INORM,0.0970913,0.1146331
666,./node_666_INORM,0.0710420,0.1837294
542,./node_542_INORM,0.2416332,0.0009819
266,./node_266_INORM,0.1390174,0.0435581
798,./node_798_INORM,0.0917511,0.1264261
765,./node_765_INORM,0.0690770,0.1939587
860,./node_860_INORM,0.1170504,0.0564004
441,./node_441_INORM,0.0945307,0.1218594
142,./node_142_INORM,0.2193333,0.0029834
90,./node_90_INORM,0.2086235,0.0054198
209,./node_209_INORM,0.1405596,0.0429677
344,./node_344_INORM,0.1310247,0.0497163
647,./node_647_INORM,0.1055026,0.0879576
942,./node_942_INORM,0.1367251,0.0315838
563,./node_563_INORM,0.0920084,0.1224641
628,./node_628_INORM,0.2744781,0.0002139
228,./node_228_INORM,0.1568392,0.0260620
23,./node_23_INORM,0.2678237,0.0002215
841,./node_841_INORM,0.0994396,0.0995973
247,./node_247_INORM,0.1100238,0.0899988
744,./node_744_INORM,0.0874580,0.1368763
460,./node_460_INORM,0.1364781,0.0481121
163,./node_163_INORM,0.1746674,0.0165272
631,./node_631_INORM,0.2077129,0.0056109
332,./node_332_INORM,0.1485281,0.0317313
934,./node_934_INORM,0.1206831,0.0718445
515,./node_515_INORM,0.1687889,0.0160279
587,./node_587_INORM,0.0903874,0.1223906
484,./node_484_INORM,0.1664183,0.0244561
479,./node_479_INORM,0.1021887,0.1025298
187,./node_187_INORM,0.1015310,0.0995581
858,./node_858_INORM,0.1545253,0.0268793
55,./node_55_INORM,0.1530026,0.0213787
837,./node_837_INORM,0.0916380,0.1073947
732,./node_732_INORM,0.1236619,0.0561446
231,./node_231_INORM,0.1063638,0.0931772
115,./node_115_INORM,0.2560128,0.0007361
416,./node_416_INORM,0.1375335,0.0373557
381,./node_381_INORM,0.1007317,0.1052768
682,./node_682_INORM,0.2001864,0.0034564
987,./node_987_INORM,0.1092190,0.0762146
915,./node_915_INORM,0.1614056,0.0146450
610,./node_610_INORM,0.0950628,0.1125671
313,./node_313_INORM,0.1162089,0.0604409
534,./node_534_INORM,0.1506959,0.0382584
713,./node_713_INORM,0.0852641,0.1428146
210,./node_210_INORM,0.1597019,0.0254283
816,./node_816_INORM,0.0965722,0.1198277
74,./node_74_INORM,0.1788883,0.0074692
89,./node_89_INORM,0.2361274,0.0019969
134,./node_134_INORM,0.1968968,0.0092131
437,./node_437_INORM,0.1535907,0.0324205
9,./node_9_INORM,0.1882479,0.0056482
458,./node_458_INORM,0.1053634,0.0960256
879,./node_879_INORM,0.1582218,0.0146405
884,./node_884_INORM,0.1197556,0.0744973
282,./node_282_INORM,0.1261582,0.0614412
781,./node_781_INORM,0.1697986,0.0097591
78,./node_78_INORM,0.2581610,0.0003302
85,./node_85_INORM,0.2149297,0.0048506
138,./node_138_INORM,0.2236963,0.0015770
5,./node_5_INORM,0.2035382,0.0029493
157,./node_157_INORM,0.1687555,0.0213083
454,./node_454_INORM,0.1173815,0.0746185
17,./node_17_INORM,0.1856823,0.0062245
875,./node_875_INORM,0.1427324,0.0271766
888,./node_888_INORM,0.1531866,0.0197406
770,./node_770_INORM,0.0826695,0.1529820
273,./node_273_INORM,0.1274981,0.0581697
557,./node_557_INORM,0.1026306,0.0997951
673,./node_673_INORM,0.0763845,0.1654237
370,./node_370_INORM,0.0961903,0.1178321
976,./node_976_INORM,0.1334656,0.0348009
919,./node_919_INORM,0.1688170,0.0123815
1011,./node_1011_INORM,0.1518140,0.0235421
538,./node_538_INORM,0.2149804,0.0042397
488,./node_488_INORM,0.1941595,0.0063235
176,./node_176_INORM,0.1969870,0.0042164
475,./node_475_INORM,0.1716638,0.0148345
751,./node_751_INORM,0.0828120,0.1461564
252,./node_252_INORM,0.0980368,0.1071898
854,./node_854_INORM,0.1484615,0.0315122
36,./node_36_INORM,0.2800182,0.0001770
59,./node_59_INORM,0.1799401,0.0074083
119,./node_119_INORM,0.2305541,0.0010429
938,./node_938_INORM,0.1177147,0.0540701
519,./node_519_INORM,0.1935185,0.0067221
576,./node_576_INORM,0.1298512,0.0481265
957,./node_957_INORM,0.1425801,0.0259097
652,./node_652_INORM,0.1697902,0.0196398
351,./node_351_INORM,0.0912329,0.1301954
991,./node_991_INORM,0.1417463,0.0255685
397,./node_397_INORM,0.1698042,0.0166786
669,./node_669_INORM,0.1033853,0.0945687
694,./node_694_INORM,0.0701067,0.1777283
522,./node_522_INORM,0.1197059,0.0686712
606,./node_606_INORM,0.0913237,0.1199521
305,./node_305_INORM,0.1070637,0.0931745
903,./node_903_INORM,0.1046994,0.0780764
122,./node_122_INORM,0.1806022,0.0147934
421,./node_421_INORM,0.1063218,0.0956424
62,./node_62_INORM,0.2793768,0.0002338
800,./node_800_INORM,0.1252118,0.0482011
705,./node_705_INORM,0.2425897,0.0006247
206,./node_206_INORM,0.1459288,0.0371230
294,./node_294_INORM,0.0928860,0.1257190
269,./node_269_INORM,0.1099540,0.0854928
797,./node_797_INORM,0.0794438,0.1627954
892,./node_892_INORM,0.0922060,0.1241505
503,./node_503_INORM,0.1828757,0.0138438
922,./node_922_INORM,0.1567532,0.0159087
627,./node_627_INORM,0.1082043,0.0844281
324,./node_324_INORM,0.1282986,0.0460105
648,./node_648_INORM,0.1186279,0.0691893
591,./node_591_INORM,0.2853399,0.0001399
248,./node_248_INORM,0.0995978,0.1035713
492,./node_492_INORM,0.1195551,0.0685989
191,./node_191_INORM,0.1179725,0.0654697
103,./node_103_INORM,0.2330893,0.0010590
400,./node_400_INORM,0.1078095,0.0907928
724,./node_724_INORM,0.0699388,0.1770763
227,./node_227_INORM,0.1488863,0.0230673
821,./node_821_INORM,0.1187543,0.0749220
43,./node_43_INORM,0.2636512,0.0002535
20,./node_20_INORM,0.1697025,0.0118408
842,./node_842_INORM,0.0784874,0.1448656
747,./node_747_INORM,0.0854879,0.1422449
244,./node_244_INORM,0.1664165,0.0163197
160,./node_160_INORM,0.2240378,0.0016291
463,./node_463_INORM,0.1728427,0.0141809
728,./node_728_INORM,0.0946994,0.1116663
328,./node_328_INORM,0.1335135,0.0414496
644,./node_644_INORM,0.1129327,0.0810953
347,./node_347_INORM,0.1171801,0.0581085
941,./node_941_INORM,0.1162030,0.0751619
560,./node_560_INORM,0.1398453,0.0449068
93,./node_93_INORM,0.2736103,0.0002076
709,./node_709_INORM,0.0636190,0.2002631
298,./node_298_INORM,0.1040187,0.0949981
766,./node_766_INORM,0.0855008,0.1450367
265,./node_265_INORM,0.1054660,0.0972198
863,./node_863_INORM,0.1137394,0.0847343
141,./node_141_INORM,0.1748866,0.0173784
442,./node_442_INORM,0.1026916,0.1022703
960,./node_960_INORM,0.1459856,0.0229447
665,./node_665_INORM,0.0894789,0.1284720
366,./node_366_INORM,0.1464319,0.0329698
698,./node_698_INORM,0.0784544,0.1541330
541,./node_541_INORM,0.0971523,0.1102254
309,./node_309_INORM,0.0904206,0.1329213
1007,./node_1007_INORM,0.1439164,0.0333307
859,./node_859_INORM,0.1365227,0.0330652
186,./node_186_INORM,0.1819918,0.0122035
478,./node_478_INORM,0.1024701,0.0998361
485,./node_485_INORM,0.1922827,0.0076628
417,./node_417_INORM,0.1734183,0.0115014
114,./node_114_INORM,0.1273969,0.0479899
230,./node_230_INORM,0.1166077,0.0781439
733,./node_733_INORM,0.0734740,0.1770595
836,./node_836_INORM,0.1429855,0.0403275
54,./node_54_INORM,0.2784770,0.0001719
514,./node_514_INORM,0.1599285,0.0207563
935,./node_935_INORM,0.1284014,0.0392021
333,./node_333_INORM,0.1012250,0.1057478
630,./node_630_INORM,0.0912333,0.1237170
586,./node_586_INORM,0.0928775,0.1171035
8,./node_8_INORM,0.2556292,0.0003164
436,./node_436_INORM,0.1569369,0.0219547
135,./node_135_INORM,0.2222493,0.0030861
88,./node_88_INORM,0.2070772,0.0060060
75,./node_75_INORM,0.2536185,0.0008297
817,./node_817_INORM,0.0971055,0.1187664
211,./node_211_INORM,0.1785759,0.0133452
712,./node_712_INORM,0.0944718,0.1178132
780,./node_780_INORM,0.0839869,0.1493608
283,./node_283_INORM,0.1443609,0.0344229
885,./node_885_INORM,0.1382535,0.0346552
878,./node_878_INORM,0.1220322,0.0583338
459,./node_459_INORM,0.1567140,0.0288995
986,./node_986_INORM,0.1512234,0.0193606
683,./node_683_INORM,0.0872881,0.1340494
380,./node_380_INORM,0.1643881,0.0197392
535,./node_535_INORM,0.2412490,0.0011474
312,./node_312_INORM,0.1318528,0.0501154
611,./node_611_INORM,0.2124948,0.0048489
914,./node_914_INORM,0.1055092,0.0920613
977,./node_977_INORM,0.1609466,0.0161294
371,./node_371_INORM,0.1260618,0.0467119
672,./node_672_INORM,0.0936531,0.1188787
556,./node_556_INORM,0.1494022,0.0384857
539,./node_539_INORM,0.1333196,0.0432245
1010,./node_1010_INORM,0.1203970,0.0555394
918,./node_918_INORM,0.1567419,0.0236526
4,./node_4_INORM,0.2282351,0.0010764
139,./node_139_INORM,0.1679377,0.0103593
84,./node_84_INORM,0.1478876,0.0261103
79,./node_79_INORM,0.2730762,0.0001999
272,./node_272_INORM,0.1315337,0.0393108
771,./node_771_INORM,0.1931007,0.0040711
889,./node_889_INORM,0.1467698,0.0233532
874,./node_874_INORM,0.1135876,0.0844133
16,./node_16_INORM,0.2331576,0.0007799
455,./node_455_INORM,0.1824160,0.0107094
156,./node_156_INORM,0.1477162,0.0213091
518,./node_518_INORM,0.1740710,0.0132829
939,./node_939_INORM,0.1426979,0.0253605
350,./node_350_INORM,0.1273764,0.0439020
653,./node_653_INORM,0.1142010,0.0732816
956,./node_956_INORM,0.1245107,0.0448523
577,./node_577_INORM,0.2769363,0.0002062
37,./node_37_INORM,0.2774795,0.0002066
855,./node_855_INORM,0.1559204,0.0158183
253,./node_253_INORM,0.1571002,0.0260281
750,./node_750_INORM,0.1397471,0.0324800
474,./node_474_INORM,0.1618716,0.0201039
177,./node_177_INORM,0.1303537,0.0565249
489,./node_489_INORM,0.1993247,0.0046166
118,./node_118_INORM,0.2584947,0.0004386
58,./node_58_INORM,0.2202862,0.0012814
207,./node_207_INORM,0.1620172,0.0136910
704,./node_704_INORM,0.0908414,0.1249381
801,./node_801_INORM,0.1886793,0.0047758
63,./node_63_INORM,0.1535051,0.0220599
420,./node_420_INORM,0.1137862,0.0811196
123,./node_123_INORM,0.1128065,0.0690060
893,./node_893_INORM,0.1626964,0.0125421
796,./node_796_INORM,0.1042688,0.1002659
268,./node_268_INORM,0.1047207,0.0910038
295,./node_295_INORM,0.1192211,0.0690981
695,./node_695_INORM,0.0842921,0.1374987
668,./node_668_INORM,0.2483194,0.0006302
396,./node_396_INORM,0.1103660,0.0861497
990,./node_990_INORM,0.1411679,0.0386039
902,./node_902_INORM,0.1442193,0.0244329
304,./node_304_INORM,0.1114732,0.0709987
607,./node_607_INORM,0.1073789,0.0849952
523,./node_523_INORM,0.1277228,0.0579099
190,./node_190_INORM,0.2057876,0.0038624
493,./node_493_INORM,0.1886407,0.0080764
249,./node_249_INORM,0.1019316,0.0949694
42,./node_42_INORM,0.1849612,0.0059287
820,./node_820_INORM,0.1303375,0.0390364
226,./node_226_INORM,0.1000550,0.1044906
725,./node_725_INORM,0.0903637,0.1287300
401,./node_401_INORM,0.1547037,0.0260245
102,./node_102_INORM,0.2002066,0.0079156
325,./node_325_INORM,0.1141230,0.0741277
626,./node_626_INORM,0.2139934,0.0028152
923,./node_923_INORM,0.1454014,0.0255039
502,./node_502_INORM,0.1574164,0.0224867
590,./node_590_INORM,0.2973397,0.0000640
649,./node_649_INORM,0.0906880,0.1210767
329,./node_329_INORM,0.1007136,0.1050244
561,./node_561_INORM,0.2328151,0.0019985
940,./node_940_INORM,0.1253502,0.0453276
346,./node_346_INORM,0.0933895,0.1231833
645,./node_645_INORM,0.1479171,0.0267544
462,./node_462_INORM,0.1919412,0.0072943
161,./node_161_INORM,0.1077839,0.0834359
245,./node_245_INORM,0.1074424,0.0954201
746,./node_746_INORM,0.0863427,0.1264993
843,./node_843_INORM,0.1187822,0.0584226
21,./node_21_INORM,0.2790475,0.0001388
729,./node_729_INORM,0.0719321,0.1726330
540,./node_540_INORM,0.0974929,0.1098088
699,./node_699_INORM,0.0855242,0.1380262
367,./node_367_INORM,0.1381780,0.0390565
664,./node_664_INORM,0.1059602,0.0848062
961,./node_961_INORM,0.1564221,0.0165648
1006,./node_1006_INORM,0.1571825,0.0168611
308,./node_308_INORM,0.0904241,0.1323498
708,./node_708_INORM,0.1692539,0.0129555
92,./node_92_INORM,0.2139757,0.0016549
443,./node_443_INORM,0.1687466,0.0173765
140,./node_140_INORM,0.1215125,0.0517657
862,./node_862_INORM,0.1089695,0.0955147
264,./node_264_INORM,0.1123519,0.0836726
767,./node_767_INORM,0.0853262,0.1430609
299,./node_299_INORM,0.1397421,0.0399052
338,./node_338_INORM,0.1214759,0.0494553
570,./node_570_INORM,0.1151590,0.0691786
357,./node_357_INORM,0.1529811,0.0279172
654,./node_654_INORM,0.1413038,0.0390369
951,./node_951_INORM,0.1154230,0.0581974
473,./node_473_INORM,0.0985143,0.1070766
170,./node_170_INORM,0.1450650,0.0393065
852,./node_852_INORM,0.0712698,0.1717537
30,./node_30_INORM,0.1578585,0.0185223
254,./node_254_INORM,0.0985412,0.0985570
757,./node_757_INORM,0.0902876,0.1268121
738,./node_738_INORM,0.0878874,0.1290755
551,./node_551_INORM,0.1446472,0.0320665
970,./node_970_INORM,0.1419466,0.0388913
688,./node_688_INORM,0.0755053,0.1693565
376,./node_376_INORM,0.1539655,0.0212442
675,./node_675_INORM,0.0808885,0.1530459
319,./node_319_INORM,0.1364587,0.0475614
1017,./node_1017_INORM,0.1270681,0.0446493
83,./node_83_INORM,0.1891681,0.0047351
719,./node_719_INORM,0.0748650,0.1733433
3,./node_3_INORM,0.2092407,0.0024473
452,./node_452_INORM,0.1683153,0.0165833
151,./node_151_INORM,0.1308581,0.0445414
275,./node_275_INORM,0.0993077,0.1124022
776,./node_776_INORM,0.0846307,0.1492133
288,./node_288_INORM,0.1152865,0.0747019
11,./node_11_INORM,0.2505048,0.0003814
873,./node_873_INORM,0.1072618,0.0833602
810,./node_810_INORM,0.1078253,0.0928781
72,./node_72_INORM,0.1529719,0.0192421
216,./node_216_INORM,0.0934298,0.1130938
715,./node_715_INORM,0.1865074,0.0086286
431,./node_431_INORM,0.0972910,0.1156448
132,./node_132_INORM,0.1433489,0.0290043
787,./node_787_INORM,0.0815447,0.1552565
279,./node_279_INORM,0.1100498,0.0745384
284,./node_284_INORM,0.1120995,0.0791523
882,./node_882_INORM,0.1178402,0.0700681
981,./node_981_INORM,0.1258342,0.0439688
684,./node_684_INORM,0.1711185,0.0166857
679,./node_679_INORM,0.0688465,0.1815760
387,./node_387_INORM,0.1454151,0.0260589
315,./node_315_INORM,0.1378197,0.0367185
616,./node_616_INORM,0.2607854,0.0005443
913,./node_913_INORM,0.1132579,0.0651707
532,./node_532_INORM,0.1413512,0.0349643
181,./node_181_INORM,0.1714019,0.0114258
482,./node_482_INORM,0.2156650,0.0025123
258,./node_258_INORM,0.1123486,0.0811614
237,./node_237_INORM,0.1124404,0.0843902
734,./node_734_INORM,0.1633567,0.0173192
53,./node_53_INORM,0.2788885,0.0002397
831,./node_831_INORM,0.1012721,0.1095224
410,./node_410_INORM,0.1296435,0.0577701
113,./node_113_INORM,0.2200435,0.0041787
932,./node_932_INORM,0.1433940,0.0261298
334,./node_334_INORM,0.1152949,0.0769649
637,./node_637_INORM,0.0867461,0.1287185
513,./node_513_INORM,0.2175553,0.0026071
581,./node_581_INORM,0.1455489,0.0314328
658,./node_658_INORM,0.1021892,0.0932638
360,./node_360_INORM,0.1202672,0.0622584
663,./node_663_INORM,0.2184284,0.0033321
966,./node_966_INORM,0.1520276,0.0270289
547,./node_547_INORM,0.1401469,0.0364265
528,./node_528_INORM,0.2239722,0.0024513
1001,./node_1001_INORM,0.1266110,0.0554386
909,./node_909_INORM,0.1649395,0.0150756
128,./node_128_INORM,0.2241916,0.0033870
95,./node_95_INORM,0.1356421,0.0384081
68,./node_68_INORM,0.1386702,0.0327033
898,./node_898_INORM,0.1321692,0.0434525
865,./node_865_INORM,0.1075054,0.0834948
263,./node_263_INORM,0.1228225,0.0474904
760,./node_760_INORM,0.0700506,0.1886183
444,./node_444_INORM,0.1699270,0.0165142
147,./node_147_INORM,0.1173696,0.0662177
509,./node_509_INORM,0.1632532,0.0188364
1020,./node_1020_INORM,0.1286642,0.0449350
928,./node_928_INORM,0.1388211,0.0296019
947,./node_947_INORM,0.1385452,0.0439079
341,./node_341_INORM,0.0919659,0.1264337
642,./node_642_INORM,0.1454103,0.0290590
566,./node_566_INORM,0.1151148,0.0690808
242,./node_242_INORM,0.1634664,0.0186278
741,./node_741_INORM,0.0873753,0.1378734
26,./node_26_INORM,0.2703560,0.0001977
844,./node_844_INORM,0.1330132,0.0534669
465,./node_465_INORM,0.1131641,0.0806102
166,./node_166_INORM,0.1528722,0.0323794
498,./node_498_INORM,0.1697049,0.0156885
109,./node_109_INORM,0.2275904,0.0018863
49,./node_49_INORM,0.2214046,0.0012472
848,./node_848_INORM,0.1211606,0.0731045
197,./node_197_INORM,0.1797861,0.0140186
469,./node_469_INORM,0.1226574,0.0653128
494,./node_494_INORM,0.2381425,0.0010953
406,./node_406_INORM,0.1677080,0.0181496
105,./node_105_INORM,0.1489407,0.0236652
827,./node_827_INORM,0.0788837,0.1454551
45,./node_45_INORM,0.2417790,0.0005202
221,./node_221_INORM,0.0975067,0.1030476
722,./node_722_INORM,0.0699463,0.1780153
505,./node_505_INORM,0.2072927,0.0038060
322,./node_322_INORM,0.1257692,0.0559688
621,./node_621_INORM,0.1024648,0.0944855
924,./node_924_INORM,0.1118329,0.0759370
597,./node_597_INORM,0.1009979,0.0991334
427,./node_427_INORM,0.1730793,0.0116052
124,./node_124_INORM,0.2370748,0.0009522
200,./node_200_INORM,0.1636575,0.0229701
703,./node_703_INORM,0.0932495,0.1210747
99,./node_99_INORM,0.2036152,0.0027275
64,./node_64_INORM,0.2679595,0.0002940
806,./node_806_INORM,0.0891193,0.1294218
894,./node_894_INORM,0.1648604,0.0170686
869,./node_869_INORM,0.0888095,0.1149188
791,./node_791_INORM,0.0801781,0.1609519
292,./node_292_INORM,0.1180831,0.0737835
448,./node_448_INORM,0.1725403,0.0205271
692,./node_692_INORM,0.0724125,0.1714574
391,./node_391_INORM,0.1256544,0.0604176
997,./node_997_INORM,0.1488495,0.0297158
524,./node_524_INORM,0.2288342,0.0015433
905,./node_905_INORM,0.1390186,0.0379622
303,./node_303_INORM,0.1310652,0.0554563
600,./node_600_INORM,0.1593769,0.0201732
756,./node_756_INORM,0.1955487,0.0044795
255,./node_255_INORM,0.1074045,0.0909589
31,./node_31_INORM,0.1691017,0.0123027
853,./node_853_INORM,0.0910399,0.1144547
171,./node_171_INORM,0.1983629,0.0038037
472,./node_472_INORM,0.1020240,0.0980524
739,./node_739_INORM,0.0815263,0.1531229
339,./node_339_INORM,0.1352165,0.0380070
950,./node_950_INORM,0.1296487,0.0383514
655,./node_655_INORM,0.0813856,0.1504696
356,./node_356_INORM,0.1580060,0.0242342
571,./node_571_INORM,0.1233577,0.0576282
2,./node_2_INORM,0.2469556,0.0004568
718,./node_718_INORM,0.1213044,0.0608667
82,./node_82_INORM,0.1526439,0.0215849
872,./node_872_INORM,0.0892840,0.1166068
10,./node_10_INORM,0.1919149,0.0048226
289,./node_289_INORM,0.1293833,0.0528002
777,./node_777_INORM,0.1568263,0.0186949
274,./node_274_INORM,0.1535886,0.0267998
150,./node_150_INORM,0.1661206,0.0117872
453,./node_453_INORM,0.1803254,0.0114643
674,./node_674_INORM,0.0872508,0.1350962
377,./node_377_INORM,0.1421670,0.0397045
689,./node_689_INORM,0.1016675,0.0980174
971,./node_971_INORM,0.1107586,0.0726385
550,./node_550_INORM,0.2650314,0.0003298
1016,./node_1016_INORM,0.1264535,0.0519294
318,./node_318_INORM,0.1220194,0.0476523
386,./node_386_INORM,0.0904559,0.1309020
678,./node_678_INORM,0.0704960,0.1848709
685,./node_685_INORM,0.0886311,0.1267077
980,./node_980_INORM,0.1350776,0.0319538
533,./node_533_INORM,0.2487047,0.0008060
912,./node_912_INORM,0.1631977,0.0157005
617,./node_617_INORM,0.1690302,0.0217144
314,./node_314_INORM,0.1272408,0.0432299
133,./node_133_INORM,0.1702985,0.0200131
430,./node_430_INORM,0.1297317,0.0567284
714,./node_714_INORM,0.0753357,0.1713235
217,./node_217_INORM,0.1046919,0.0938718
73,./node_73_INORM,0.1367188,0.0370197
811,./node_811_INORM,0.0878988,0.1413168
883,./node_883_INORM,0.1403294,0.0315621
285,./node_285_INORM,0.1098525,0.0799331
278,./node_278_INORM,0.1339986,0.0501306
786,./node_786_INORM,0.1751683,0.0077325
512,./node_512_INORM,0.1100735,0.0840872
636,./node_636_INORM,0.0907314,0.1210523
335,./node_335_INORM,0.1192944,0.0555990
933,./node_933_INORM,0.1287516,0.0587088
659,./node_659_INORM,0.0759278,0.1582313
580,./node_580_INORM,0.2027515,0.0046179
259,./node_259_INORM,0.1494316,0.0217527
483,./node_483_INORM,0.1595433,0.0208029
180,./node_180_INORM,0.1460136,0.0230829
112,./node_112_INORM,0.2421112,0.0016406
411,./node_411_INORM,0.1360905,0.0449530
830,./node_830_INORM,0.1612114,0.0146099
52,./node_52_INORM,0.2491247,0.0005852
735,./node_735_INORM,0.0908574,0.1253637
236,./node_236_INORM,0.1274869,0.0584693
69,./node_69_INORM,0.2062833,0.0023065
94,./node_94_INORM,0.2538420,0.0009697
129,./node_129_INORM,0.1247294,0.0513057
146,./node_146_INORM,0.1264470,0.0512186
445,./node_445_INORM,0.1816882,0.0129581
761,./node_761_INORM,0.0889440,0.1332091
262,./node_262_INORM,0.1008846,0.1071537
864,./node_864_INORM,0.0963753,0.0943940
899,./node_899_INORM,0.1404930,0.0309899
546,./node_546_INORM,0.1389680,0.0372222
967,./node_967_INORM,0.1157594,0.0734150
662,./node_662_INORM,0.2768462,0.0001106
361,./node_361_INORM,0.1408634,0.0352531
908,./node_908_INORM,0.1290279,0.0389683
1000,./node_1000_INORM,0.1576934,0.0194841
529,./node_529_INORM,0.1469344,0.0305806
499,./node_499_INORM,0.1720846,0.0149114
167,./node_167_INORM,0.1022155,0.0936480
464,./node_464_INORM,0.1520640,0.0354983
845,./node_845_INORM,0.1289835,0.0548173
27,./node_27_INORM,0.2354012,0.0007034
740,./node_740_INORM,0.0737188,0.1770637
243,./node_243_INORM,0.1009242,0.0961936
48,./node_48_INORM,0.2011085,0.0029780
108,./node_108_INORM,0.2122500,0.0018988
929,./node_929_INORM,0.1212894,0.0488107
1021,./node_1021_INORM,0.1355365,0.0349395
508,./node_508_INORM,0.2202554,0.0025849
567,./node_567_INORM,0.0988261,0.1037121
643,./node_643_INORM,0.0714522,0.1805434
340,./node_340_INORM,0.1334025,0.0496764
946,./node_946_INORM,0.1136851,0.0737383
925,./node_925_INORM,0.1014585,0.1028206
620,./node_620_INORM,0.2091213,0.0033524
323,./node_323_INORM,0.1310678,0.0494103
504,./node_504_INORM,0.1670148,0.0169089
596,./node_596_INORM,0.1332712,0.0486948
495,./node_495_INORM,0.1780341,0.0116265
468,./node_468_INORM,0.1961982,0.0065416
196,./node_196_INORM,0.1107610,0.0717935
849,./node_849_INORM,0.1099990,0.0911895
723,./node_723_INORM,0.2417892,0.0005288
220,./node_220_INORM,0.1262523,0.0614261
44,./node_44_INORM,0.1911693,0.0049051
826,./node_826_INORM,0.1162449,0.0808022
104,./node_104_INORM,0.2772975,0.0002268
407,./node_407_INORM,0.1651521,0.0185464
996,./node_996_INORM,0.1161297,0.0682493
390,./node_390_INORM,0.1504659,0.0295321
693,./node_693_INORM,0.0722073,0.1718324
601,./node_601_INORM,0.0949545,0.1125289
302,./node_302_INORM,0.1077113,0.0925649
904,./node_904_INORM,0.1592538,0.0158430
525,./node_525_INORM,0.1534426,0.0254723
807,./node_807_INORM,0.0690078,0.1801002
65,./node_65_INORM,0.2396855,0.0018315
98,./node_98_INORM,0.1339477,0.0367250
702,./node_702_INORM,0.1541261,0.0245601
201,./node_201_INORM,0.1920615,0.0065534
125,./node_125_INORM,0.1967047,0.0092301
426,./node_426_INORM,0.0958139,0.1175203
449,./node_449_INORM,0.1678432,0.0147238
293,./node_293_INORM,0.1190503,0.0697119
790,./node_790_INORM,0.0962124,0.1154241
868,./node_868_INORM,0.1060658,0.1005681
895,./node_895_INORM,0.1636795,0.0175725
1015,./node_1015_INORM,0.1567335,0.0187718
618,./node_618_INORM,0.2019198,0.0077830
374,./node_374_INORM,0.1565318,0.0250371
389,./node_389_INORM,0.1287973,0.0566205
677,./node_677_INORM,0.1824113,0.0118139
972,./node_972_INORM,0.1378254,0.0289082
553,./node_553_INORM,0.1390552,0.0371362
871,./node_871_INORM,0.1560543,0.0244121
13,./node_13_INORM,0.2186455,0.0015900
277,./node_277_INORM,0.0968524,0.1180569
789,./node_789_INORM,0.1196982,0.0572225
774,./node_774_INORM,0.0803243,0.1598257
450,./node_450_INORM,0.1791005,0.0121928
153,./node_153_INORM,0.1294006,0.0459819
1,./node_1_INORM,0.2275495,0.0011144
218,./node_218_INORM,0.1675221,0.0131370
81,./node_81_INORM,0.1643769,0.0135906
953,./node_953_INORM,0.1619859,0.0148170
355,./node_355_INORM,0.1494194,0.0306619
656,./node_656_INORM,0.0913718,0.1204998
572,./node_572_INORM,0.1203448,0.0621485
639,./node_639_INORM,0.2752729,0.0001594
239,./node_239_INORM,0.1121937,0.0840881
256,./node_256_INORM,0.1345944,0.0348678
755,./node_755_INORM,0.0810848,0.1545212
32,./node_32_INORM,0.2103253,0.0022032
850,./node_850_INORM,0.1376890,0.0479623
471,./node_471_INORM,0.1233229,0.0651252
172,./node_172_INORM,0.1475782,0.0364610
412,./node_412_INORM,0.1623725,0.0220571
111,./node_111_INORM,0.2708346,0.0002510
833,./node_833_INORM,0.1129537,0.0836857
51,./node_51_INORM,0.2768598,0.0002575
235,./node_235_INORM,0.1406580,0.0411393
736,./node_736_INORM,0.1057152,0.0852496
759,./node_759_INORM,0.0861014,0.1384124
183,./node_183_INORM,0.2119944,0.0039592
480,./node_480_INORM,0.1748553,0.0136108
359,./node_359_INORM,0.1263197,0.0474701
583,./node_583_INORM,0.1053425,0.0942160
511,./node_511_INORM,0.1832227,0.0159374
336,./node_336_INORM,0.1122381,0.0747886
635,./node_635_INORM,0.0950595,0.1131918
930,./node_930_INORM,0.1446906,0.0358557
880,./node_880_INORM,0.0987486,0.1070424
785,./node_785_INORM,0.1006891,0.0973298
286,./node_286_INORM,0.1102406,0.0852654
778,./node_778_INORM,0.0757890,0.1720385
433,./node_433_INORM,0.1755510,0.0135713
130,./node_130_INORM,0.2369458,0.0013461
214,./node_214_INORM,0.1018516,0.1012064
717,./node_717_INORM,0.0802168,0.1540298
70,./node_70_INORM,0.1360893,0.0366374
812,./node_812_INORM,0.1169925,0.0781102
530,./node_530_INORM,0.1726010,0.0134994
1019,./node_1019_INORM,0.1524724,0.0211581
911,./node_911_INORM,0.1599204,0.0139446
317,./node_317_INORM,0.1353557,0.0353985
614,./node_614_INORM,0.1138135,0.0706588
378,./node_378_INORM,0.1154286,0.0768001
686,./node_686_INORM,0.0817921,0.1427586
385,./node_385_INORM,0.1290949,0.0499122
983,./node_983_INORM,0.1378394,0.0295450
564,./node_564_INORM,0.2030104,0.0079629
599,./node_599_INORM,0.1343436,0.0416460
343,./node_343_INORM,0.0906442,0.1304258
640,./node_640_INORM,0.1160388,0.0709389
945,./node_945_INORM,0.1267272,0.0614823
1022,./node_1022_INORM,0.1410492,0.0326980
829,./node_829_INORM,0.1348630,0.0334429
408,./node_408_INORM,0.1536785,0.0267979
467,./node_467_INORM,0.1631772,0.0196031
199,./node_199_INORM,0.1078661,0.0765589
164,./node_164_INORM,0.2087236,0.0048573
846,./node_846_INORM,0.1709032,0.0090241
24,./node_24_INORM,0.1976477,0.0036550
240,./node_240_INORM,0.1219290,0.0683229
743,./node_743_INORM,0.1265793,0.0489336
1003,./node_1003_INORM,0.1431964,0.0250221
545,./node_545_INORM,0.2015276,0.0050698
999,./node_999_INORM,0.1138801,0.0676425
964,./node_964_INORM,0.1447638,0.0345130
362,./node_362_INORM,0.1499923,0.0297430
661,./node_661_INORM,0.1457488,0.0341987
446,./node_446_INORM,0.1760435,0.0127712
145,./node_145_INORM,0.1926062,0.0101117
261,./node_261_INORM,0.1037595,0.0978192
762,./node_762_INORM,0.0733595,0.1808214
867,./node_867_INORM,0.1232360,0.0524935
97,./node_97_INORM,0.1724947,0.0091439
808,./node_808_INORM,0.0879039,0.1347143
429,./node_429_INORM,0.1754278,0.0138011
149,./node_149_INORM,0.1287037,0.0467698
793,./node_793_INORM,0.1438822,0.0257536
290,./node_290_INORM,0.1293937,0.0555795
896,./node_896_INORM,0.1325478,0.0491048
804,./node_804_INORM,0.0851487,0.1477461
66,./node_66_INORM,0.2566954,0.0008655
202,./node_202_INORM,0.1085791,0.0840301
701,./node_701_INORM,0.1358048,0.0388459
425,./node_425_INORM,0.1489820,0.0318216
126,./node_126_INORM,0.2316406,0.0025145
301,./node_301_INORM,0.1251727,0.0504600
602,./node_602_INORM,0.1251658,0.0542835
907,./node_907_INORM,0.1040689,0.0782870
526,./node_526_INORM,0.1490762,0.0290425
549,./node_549_INORM,0.1394680,0.0372770
995,./node_995_INORM,0.1587892,0.0171897
968,./node_968_INORM,0.1410940,0.0265996
690,./node_690_INORM,0.0751624,0.1704518
393,./node_393_INORM,0.1301490,0.0450086
223,./node_223_INORM,0.1250233,0.0642973
720,./node_720_INORM,0.0847296,0.1338226
47,./node_47_INORM,0.1624291,0.0144406
825,./node_825_INORM,0.1095331,0.0865798
404,./node_404_INORM,0.1745892,0.0145743
107,./node_107_INORM,0.1418037,0.0276901
195,./node_195_INORM,0.0983458,0.0962338
496,./node_496_INORM,0.0976643,0.1072748
168,./node_168_INORM,0.1467000,0.0380786
28,./node_28_INORM,0.1806608,0.0079034
568,./node_568_INORM,0.0971089,0.1092906
595,./node_595_INORM,0.2056539,0.0066822
949,./node_949_INORM,0.1342413,0.0506139
926,./node_926_INORM,0.1078643,0.0714638
320,./node_320_INORM,0.1213111,0.0685255
623,./node_623_INORM,0.2433651,0.0010342
507,./node_507_INORM,0.1668699,0.0170679
152,./node_152_INORM,0.1645273,0.0239081
451,./node_451_INORM,0.1795832,0.0119319
775,./node_775_INORM,0.1517678,0.0206439
788,./node_788_INORM,0.0905949,0.1317927
276,./node_276_INORM,0.0950567,0.1218089
12,./node_12_INORM,0.2116018,0.0020793
870,./node_870_INORM,0.1037475,0.1058433
80,./node_80_INORM,0.2624856,0.0005628
219,./node_219_INORM,0.1007206,0.1020156
619,./node_619_INORM,0.1301847,0.0570135
1014,./node_1014_INORM,0.1466539,0.0239681
552,./node_552_INORM,0.2699726,0.0002853
973,./node_973_INORM,0.1347537,0.0333690
676,./node_676_INORM,0.0821358,0.1476083
388,./node_388_INORM,0.1444106,0.0347212
375,./node_375_INORM,0.1380053,0.0376691
238,./node_238_INORM,0.1216760,0.0500954
173,./node_173_INORM,0.1704049,0.0093186
470,./node_470_INORM,0.1770771,0.0126754
851,./node_851_INORM,0.1631213,0.0133151
33,./node_33_INORM,0.2618491,0.0002999
754,./node_754_INORM,0.1716097,0.0102826
257,./node_257_INORM,0.1107438,0.0849984
573,./node_573_INORM,0.1032803,0.0929620
657,./node_657_INORM,0.0827493,0.1464499
354,./node_354_INORM,0.1046528,0.0994947
952,./node_952_INORM,0.1309008,0.0536786
638,./node_638_INORM,0.2937628,0.0000667
582,./node_582_INORM,0.0978944,0.1062079
358,./node_358_INORM,0.1553872,0.0261095
931,./node_931_INORM,0.1635218,0.0145235
634,./node_634_INORM,0.0850141,0.1384518
337,./node_337_INORM,0.1381862,0.0413406
510,./node_510_INORM,0.1618436,0.0264658
737,./node_737_INORM,0.0844471,0.1407969
234,./node_234_INORM,0.1395824,0.0293336
50,./node_50_INORM,0.1557019,0.0186083
832,./node_832_INORM,0.1031706,0.0952583
110,./node_110_INORM,0.1319967,0.0361040
413,./node_413_INORM,0.1921770,0.0066825
481,./node_481_INORM,0.1395820,0.0456905
182,./node_182_INORM,0.1228305,0.0469762
758,./node_758_INORM,0.1106678,0.0747728
615,./node_615_INORM,0.1451823,0.0410605
316,./node_316_INORM,0.1341831,0.0459537
910,./node_910_INORM,0.0964708,0.0950668
1018,./node_1018_INORM,0.1491521,0.0253111
531,./node_531_INORM,0.1949237,0.0065191
982,./node_982_INORM,0.1338585,0.0327801
384,./node_384_INORM,0.0955364,0.1177882
687,./node_687_INORM,0.1923043,0.0052984
379,./node_379_INORM,0.1629218,0.0210751
779,./node_779_INORM,0.0800541,0.1577712
287,./node_287_INORM,0.0956847,0.1203353
784,./node_784_INORM,0.0695685,0.1776958
881,./node_881_INORM,0.0997086,0.1086190
813,./node_813_INORM,0.1025833,0.1083541
71,./node_71_INORM,0.2360072,0.0008118
716,./node_716_INORM,0.0994659,0.1003780
215,./node_215_INORM,0.1418513,0.0264565
131,./node_131_INORM,0.1330102,0.0406815
432,./node_432_INORM,0.1699432,0.0173586
409,./node_409_INORM,0.1219330,0.0690894
828,./node_828_INORM,0.1022560,0.1091545
742,./node_742_INORM,0.0718599,0.1718319
241,./node_241_INORM,0.1410101,0.0311493
25,./node_25_INORM,0.2273406,0.0010030
847,./node_847_INORM,0.1386231,0.0442583
165,./node_165_INORM,0.1613228,0.0261911
198,./node_198_INORM,0.1963686,0.0079408
466,./node_466_INORM,0.1059492,0.0942028
944,./node_944_INORM,0.1242481,0.0455151
641,./node_641_INORM,0.0951165,0.1133375
342,./node_342_INORM,0.1340339,0.0444179
598,./node_598_INORM,0.0863963,0.1360848
565,./node_565_INORM,0.1896027,0.0133533
1023,./node_1023_INORM,0.1374321,0.0353400
866,./node_866_INORM,0.1077995,0.0772894
763,./node_763_INORM,0.2105052,0.0019558
260,./node_260_INORM,0.1043886,0.1007796
144,./node_144_INORM,0.2043603,0.0025716
447,./node_447_INORM,0.1794514,0.0144321
428,./node_428_INORM,0.1518139,0.0260875
809,./node_809_INORM,0.0834739,0.1424899
96,./node_96_INORM,0.1436523,0.0295890
1002,./node_1002_INORM,0.1318018,0.0370683
660,./node_660_INORM,0.0774442,0.1545235
363,./node_363_INORM,0.1334965,0.0456104
965,./node_965_INORM,0.1322126,0.0360702
998,./node_998_INORM,0.1191575,0.0661507
544,./node_544_INORM,0.1400163,0.0360526
527,./node_527_INORM,0.2030920,0.0065877
906,./node_906_INORM,0.1054847,0.0783574
603,./node_603_INORM,0.2424658,0.0009966
300,./node_300_INORM,0.1324193,0.0509338
392,./node_392_INORM,0.0980165,0.1127524
691,./node_691_INORM,0.0948845,0.1160895
969,./node_969_INORM,0.1645114,0.0132234
994,./node_994_INORM,0.1384462,0.0299166
548,./node_548_INORM,0.2572542,0.0006071
897,./node_897_INORM,0.1538335,0.0205906
291,./node_291_INORM,0.0990104,0.1113076
792,./node_792_INORM,0.0946038,0.1244921
148,./node_148_INORM,0.2251753,0.0020456
127,./node_127_INORM,0.1472426,0.0230464
424,./node_424_INORM,0.1429126,0.0422501
700,./node_700_INORM,0.0980534,0.1023604
203,./node_203_INORM,0.1121748,0.0738371
67,./node_67_INORM,0.2396660,0.0005533
805,./node_805_INORM,0.1051273,0.1014113
948,./node_948_INORM,0.1603768,0.0147958
594,./node_594_INORM,0.1003048,0.1017510
569,./node_569_INORM,0.1547370,0.0306012
506,./node_506_INORM,0.1804323,0.0106986
622,./node_622_INORM,0.0938586,0.1154829
321,./node_321_INORM,0.1154317,0.0675698
927,./node_927_INORM,0.1369661,0.0471237
106,./node_106_INORM,0.2559908,0.0003951
405,./node_405_INORM,0.1643546,0.0195301
824,./node_824_INORM,0.0806727,0.1599025
46,./node_46_INORM,0.1525282,0.0227875
721,./node_721_INORM,0.2259533,0.0014073
222,./node_222_INORM,0.1037680,0.0960137
29,./node_29_INORM,0.1985409,0.0037424
169,./node_169_INORM,0.1718733,0.0094683
497,./node_497_INORM,0.0955300,0.1124697
194,./node_194_INORM,0.1232526,0.0670811
