1.346769121093750073e+03
1.306058879394531232e+03
1.263146262207031214e+03
1.252103156738281314e+03
1.294122561035156195e+03
1.294306884765625000e+03
1.225137148437499945e+03
1.219990097656250100e+03
1.261485983886718714e+03
1.262394826660156241e+03
1.210506835937500000e+03
1.205212951660156250e+03
1.238264235839843650e+03
1.289208151855468714e+03
1.253785393066406186e+03
1.241307709960937473e+03
1.203401667480468859e+03
1.192860410156250055e+03
1.233296086425781141e+03
1.288582922363281341e+03
1.226088110351562591e+03
1.237531743164062391e+03
1.212111606445312418e+03
1.207335158691406150e+03
1.239714448242187473e+03
1.286365085449218668e+03
1.291327758789062500e+03
1.219595136718749927e+03
1.234645466308593768e+03
1.238754855957031168e+03
1.245721040039062473e+03
1.248843950195312573e+03
1.293860666503906259e+03
1.229691572265624927e+03
1.233785624999999982e+03
1.255708806152343641e+03
1.260717744140624973e+03
1.246526513671874909e+03
1.338945764160156159e+03
1.274715683593750100e+03
1.258997172851562482e+03
1.306638596191406350e+03
1.242282641601562545e+03
1.310758378906250073e+03
1.434806469726562455e+03
1.135000224609374982e+03
1.158433469238281305e+03
1.223435029296874973e+03
1.316258669433593695e+03
1.339403459472656323e+03
1.347518339843750027e+03
1.167547795410156141e+03
1.238707272949218805e+03
1.293979765625000027e+03
1.306200327148437509e+03
1.299086196289062400e+03
1.301411464843750082e+03
1.312963359374999982e+03
1.223724548339843750e+03
1.243838513183593705e+03
1.267560998535156159e+03
1.269615881347656341e+03
1.261693391113281223e+03
1.266371901855468650e+03
1.281513586425781341e+03
1.224974509277343714e+03
1.220451254882812464e+03
1.242113552246093832e+03
1.229221225585937418e+03
1.229966889648437473e+03
1.239307204589843650e+03
1.260007770996093768e+03
1.277981464843750018e+03
1.115587670898437409e+03
1.187991337890624891e+03
1.174577836914062573e+03
1.215423352050781205e+03
1.198251645507812555e+03
1.204103852539062473e+03
1.214542707519531177e+03
1.230910666503906214e+03
1.253492102050781341e+03
1.296421975097656286e+03
1.143167194824218768e+03
1.184753381347656159e+03
1.156369462890625073e+03
1.177253320312499909e+03
1.163303803710937473e+03
1.171452534179687518e+03
1.190153127441406241e+03
1.212813303222656259e+03
1.235570717773437536e+03
1.270466257324218759e+03
1.080139313964843723e+03
1.161385239257812600e+03
1.154455830078125018e+03
1.156745256347656323e+03
1.144258476562499936e+03
1.140520021972656195e+03
1.161281511230468823e+03
1.187967304687500018e+03
1.218355915527343768e+03
1.246963154296875018e+03
1.080026853027343805e+03
1.097648104248046820e+03
1.124554172363281168e+03
1.128939155273437564e+03
1.114562556152343859e+03
1.113092653808593695e+03
1.127205417480468668e+03
1.164183410644531250e+03
1.204870659179687436e+03
1.237675305175781205e+03
1.209628208007812418e+03
1.127003343505859448e+03
1.109739866943359402e+03
1.110981142578124945e+03
1.092298239746093714e+03
1.089775501708984393e+03
1.114021538085937436e+03
1.165562714843749973e+03
1.212598994140625109e+03
1.255878459472656232e+03
1.204259389648437491e+03
1.129359921875000055e+03
1.112694274902343750e+03
1.127193234863281305e+03
1.129732846679687555e+03
1.130312724609374982e+03
1.157517604980468832e+03
1.205691484375000073e+03
1.252509255371093786e+03
1.349217131347656277e+03
1.155766870117187409e+03
1.129721892089843777e+03
1.115478911132812527e+03
1.133915747070312591e+03
1.158933122558593823e+03
1.145289741210937564e+03
1.187579257812499918e+03
1.284242204589843823e+03
1.135414833984375036e+03
1.124258962402343741e+03
1.132205710449218714e+03
1.147592436523437527e+03
1.218917202148437582e+03
1.361098581542968759e+03
1.362976008300781359e+03
1.353561923828124918e+03
1.107641997070312527e+03
1.205003645019531177e+03
1.264128532714843686e+03
1.306187963867187591e+03
1.313835451660156195e+03
1.310052778320312427e+03
1.322390307617187545e+03
1.092832888183593695e+03
1.144882802734374991e+03
1.205549006347656359e+03
1.263326396484374982e+03
1.276120991210937518e+03
1.274379248046875091e+03
1.274160087890624936e+03
1.109147272949218859e+03
1.157243713378906250e+03
1.198034943847656223e+03
1.235658764648437455e+03
1.248072170410156332e+03
1.247405234374999964e+03
1.242631057128906150e+03
1.241997292480468786e+03
1.144369653320312409e+03
1.155811948242187555e+03
1.184528029785156150e+03
1.219484501953124891e+03
1.225378596191406359e+03
1.236340451660156305e+03
1.226122729492187545e+03
1.219855991210937418e+03
1.219878664550781195e+03
1.039935187988281314e+03
1.132992375488281141e+03
1.131936547851562409e+03
1.173427019042968823e+03
1.203448591308593677e+03
1.206141530761718741e+03
1.213681137695312600e+03
1.209357478027343859e+03
1.204177326660156268e+03
1.190724802246093759e+03
1.021971549072265589e+03
1.106549641113281268e+03
1.096941494140625082e+03
1.161490681152343768e+03
1.186655400390624891e+03
1.183158620605468741e+03
1.179650468750000073e+03
1.183082683105468732e+03
1.179796494140625100e+03
1.181447839355468659e+03
1.204119348144531159e+03
9.976266442871093432e+02
1.088470303955078180e+03
1.089250405273437536e+03
1.125512611083984439e+03
1.142025373535156177e+03
1.149592006835937582e+03
1.152083691406249955e+03
1.147582658691406323e+03
1.145751320800781286e+03
1.169581560058593823e+03
1.181929487304687427e+03
9.710455688476562273e+02
1.047601236572265634e+03
1.103821213378906350e+03
1.128193708496093677e+03
1.125818720703125109e+03
1.117703828124999973e+03
1.113243176269531205e+03
1.107580185546875100e+03
1.119474106445312600e+03
1.148324367675781332e+03
1.166607429199218814e+03
1.010024125976562459e+03
1.014515136718750000e+03
1.051642105712890725e+03
1.092780007324218786e+03
1.102766477050781305e+03
1.096198594970703198e+03
1.084218627929687500e+03
1.080524306640624900e+03
1.105376550292968659e+03
1.143912658691406250e+03
1.199505283203124918e+03
1.071440046386718677e+03
1.061057270507812518e+03
1.045003577880859439e+03
1.055589627685546930e+03
1.063368098144531359e+03
1.068268021240234475e+03
1.060953377685546911e+03
1.066157935791015689e+03
1.111890153808593823e+03
1.142970395507812555e+03
1.080401425781250055e+03
1.072681585693359466e+03
1.057529440917968714e+03
1.075939702148437391e+03
1.080208162841796820e+03
1.072814851074218723e+03
1.063643360595703143e+03
1.082854965820312600e+03
1.118616965332031214e+03
1.233562890624999909e+03
1.036436335449218859e+03
1.020656175537109334e+03
1.016458576660156268e+03
1.046755335693359484e+03
1.091893591308593841e+03
1.085645397949218705e+03
1.063273222656250027e+03
1.083016403808593850e+03
1.222145310058593850e+03
1.033927464599609266e+03
9.968568383789062182e+02
9.973160095214843750e+02
1.029436525878906195e+03
1.043335908203124973e+03
1.106620343017578080e+03
1.095357740478515552e+03
1.139347988281250082e+03
1.446295410156250000e+03
1.339629484863281277e+03
1.334714609375000009e+03
1.362174833984375027e+03
1.188702697753906250e+03
1.323706328125000027e+03
1.327927182617187555e+03
1.316944567871093795e+03
1.308449982910156223e+03
1.314734985351562500e+03
1.189591347656250036e+03
1.278680639648437591e+03
1.304069802246093786e+03
1.301053029785156241e+03
1.301522685546874982e+03
1.300200517578125073e+03
1.287156853027343686e+03
1.132300114746093641e+03
1.186303730468750018e+03
1.212123342285156241e+03
1.238851672363281295e+03
1.259825546875000100e+03
1.271509475097656150e+03
1.264187312011718859e+03
1.075952387695312609e+03
1.113346372070312555e+03
1.133236179199218668e+03
1.171275012207031295e+03
1.207165087890625045e+03
1.222104072265625064e+03
1.227404165039062491e+03
1.219333630371093705e+03
1.030221027832031268e+03
1.069836032714843668e+03
1.089963890380859311e+03
1.105346152343749964e+03
1.143784143066406159e+03
1.174602731933593759e+03
1.186628593749999936e+03
1.187898542480468677e+03
1.181235122070312400e+03
1.186979980468750000e+03
1.055955410156250082e+03
1.086405808105468850e+03
1.078966921386718695e+03
1.084701092529296830e+03
1.131976363525390525e+03
1.169456933593749909e+03
1.181201311035156323e+03
1.171987998046874964e+03
1.159980468750000000e+03
1.155168183593749973e+03
1.189675500488281159e+03
1.073883200683593714e+03
1.066680784912109402e+03
1.082683027343749927e+03
1.126181784667968714e+03
1.160857121582031141e+03
1.173583088378906268e+03
1.165047412109375045e+03
1.157386040039062436e+03
1.147705886230468650e+03
1.151161135253906195e+03
1.044173262939453025e+03
1.054142672119140570e+03
1.084864851074218677e+03
1.113777956542968695e+03
1.129370041503906350e+03
1.136028190917968686e+03
1.141905288085937400e+03
1.143260471191406168e+03
1.140051237792968777e+03
1.140076655273437609e+03
1.017654476318359343e+03
1.049149854736328052e+03
1.082851267089843759e+03
1.098835681152343795e+03
1.099776662597656241e+03
1.108322114257812473e+03
1.112452702636718641e+03
1.122295822753906350e+03
1.135633830566406232e+03
1.129957626953125100e+03
9.810636706542968568e+02
1.037861468505859420e+03
1.090962243652343659e+03
1.110168627929687545e+03
1.106735971679687509e+03
1.100313278808593850e+03
1.101681384277343795e+03
1.108062575683593650e+03
1.118142116699218832e+03
1.111307332763671866e+03
9.854054772949218659e+02
1.017907655029296848e+03
1.070637050781250082e+03
1.106081860351562455e+03
1.112863513183593795e+03
1.102371352539062400e+03
1.101566292724609411e+03
1.098648011474609348e+03
1.096670456542968850e+03
1.105791788330078134e+03
9.978734313964844205e+02
1.014806972656249968e+03
1.057935954589843732e+03
1.080584653320312555e+03
1.096039020996093768e+03
1.100651665039062436e+03
1.091216472167968732e+03
1.080303974609375018e+03
1.067878355712890652e+03
1.243530273437500000e+03
9.838527600097655750e+02
1.009514926757812532e+03
1.051193945312500091e+03
1.072738790283203116e+03
1.080362723388671839e+03
1.088877756347656259e+03
1.069320262451171857e+03
1.048534146728515680e+03
1.088556325683593741e+03
9.596662658691406023e+02
9.737771691894531614e+02
1.000292872314453120e+03
1.041952287597656323e+03
1.066222314453124909e+03
1.061307885742187409e+03
1.030331024169921875e+03
1.060318079833984484e+03
9.562112512207031614e+02
9.750761291503906705e+02
9.953586132812499727e+02
1.007381350097656195e+03
1.075165122070312464e+03
9.848310400390624864e+02
1.114330035400390670e+03
1.353950258789062445e+03
1.322616115722656332e+03
1.335621635742187436e+03
1.358862951660156341e+03
1.272726223144531332e+03
1.290313745117187409e+03
1.286913303222656168e+03
1.285011201171874973e+03
1.319404826660156232e+03
1.199874128417968677e+03
1.262656079101562455e+03
1.273926293945312409e+03
1.273071247558593768e+03
1.266284367675781141e+03
1.243578015136718705e+03
1.250448681640624955e+03
1.213588059082031350e+03
1.240263491210937445e+03
1.249539726562499936e+03
1.271483500976562482e+03
1.273498911132812509e+03
1.275330920410156295e+03
1.253771123046874891e+03
1.233136987304687409e+03
1.233720488281250027e+03
1.070453597412109275e+03
1.137344677734374955e+03
1.175744086914062564e+03
1.208825974121093850e+03
1.234370683593750073e+03
1.246432702636718659e+03
1.248294299316406295e+03
1.237770952148437573e+03
1.221855368652343714e+03
1.017084249267578116e+03
1.069258666992187500e+03
1.116589583740234275e+03
1.127347082519531341e+03
1.151466694335937518e+03
1.176481333007812509e+03
1.186287141113281223e+03
1.194478093261718641e+03
1.199221110839843732e+03
1.197557624511718814e+03
1.050015090332031150e+03
1.050687993164062391e+03
1.064379056396484430e+03
1.072647556152343668e+03
1.086522246093750027e+03
1.104953825683593777e+03
1.123090964355468714e+03
1.136615153808593732e+03
1.147354145507812518e+03
1.170897590332031314e+03
1.174277180175781268e+03
1.026336164550781177e+03
1.056730308837890561e+03
1.043192343749999964e+03
1.046894759521484275e+03
1.067031043701171939e+03
1.094324899902343759e+03
1.105352922363281323e+03
1.111164663085937491e+03
1.116507687988281305e+03
1.138171599121093777e+03
1.150210310058593677e+03
1.249012226562500018e+03
1.035671862792968795e+03
1.051388374023437564e+03
1.048097225341796957e+03
1.073510020751953107e+03
1.101350788574218768e+03
1.109441376953124973e+03
1.109432111816406177e+03
1.111521352539062491e+03
1.119454296874999955e+03
1.132073273925781223e+03
1.161138974609375055e+03
1.005003637695312477e+03
1.041121549072265680e+03
1.052586520996093668e+03
1.072979067382812445e+03
1.095435262451171866e+03
1.113545297851562509e+03
1.118281967773437600e+03
1.116370063476562564e+03
1.115856252441406241e+03
1.122747854003906241e+03
1.134989177246093732e+03
9.756032495117187864e+02
1.021486437988281295e+03
1.048172683105468650e+03
1.072559138183593859e+03
1.089075695800781205e+03
1.109120338134765689e+03
1.110020644531249900e+03
1.117260764160156214e+03
1.114694632568359339e+03
1.114699541015625073e+03
1.155870788574218750e+03
9.805149841308593750e+02
1.026994439697265534e+03
1.071738289794921911e+03
1.092432565917968759e+03
1.099532155761718741e+03
1.104549617919921957e+03
1.109332949218749945e+03
1.108076589355468741e+03
1.105352294921875000e+03
1.224765590820312582e+03
9.636400451660156250e+02
1.005776114501953089e+03
1.054875426025390652e+03
1.085882940673828216e+03
1.095176210937499945e+03
1.095204460449218686e+03
1.099664195556640607e+03
1.096882767333984475e+03
1.073005399169921930e+03
9.591017321777343341e+02
1.004292138671875023e+03
1.036942977294921775e+03
1.061739052734375036e+03
1.079978543701171930e+03
1.080382918701171775e+03
1.084357947998046939e+03
1.064238641357421784e+03
1.068946335449218850e+03
9.849438098144531750e+02
1.017452795410156227e+03
1.035102313232421920e+03
1.056449680175781168e+03
1.056619564208984457e+03
1.038680939941406223e+03
1.026034255371093650e+03
1.243900949707031259e+03
9.380596069335937273e+02
9.743283312988281750e+02
1.004063818359374977e+03
1.013639418945312514e+03
1.005199567871093791e+03
9.902514477539062909e+02
1.140351923828125109e+03
9.559144091796874818e+02
9.615281262207031432e+02
9.719816906738280977e+02
1.265921440429687436e+03
1.271990878906249918e+03
1.279298864746093841e+03
1.291558693847656286e+03
1.210136955566406186e+03
1.227658937988281195e+03
1.247180151367187591e+03
1.247181623535156177e+03
1.227808544921874955e+03
1.224373564453125027e+03
1.190223037109374900e+03
1.269689328613281305e+03
1.169521843261718686e+03
1.207631140136718841e+03
1.224615085449218668e+03
1.237126599121093705e+03
1.224408400878906150e+03
1.194659003906250064e+03
1.193646718749999991e+03
1.198564006347656232e+03
1.221296245117187482e+03
1.210922561035156150e+03
1.205879838867187573e+03
1.221313491210937400e+03
1.232192285156249909e+03
1.232657934570312591e+03
1.210241616210937536e+03
1.187443557128906150e+03
1.186325166015624973e+03
1.226381513671874927e+03
1.089032045898437445e+03
1.109500676269531141e+03
1.147120117187500000e+03
1.181528378906250055e+03
1.201956130371093650e+03
1.212838823242187573e+03
1.213459350585937500e+03
1.210124499511718795e+03
1.195419714355468841e+03
1.176219064941406259e+03
1.036195788574218795e+03
1.039518348388671939e+03
1.093417989501953116e+03
1.118789946289062527e+03
1.137900925292968850e+03
1.149445085449218823e+03
1.169826225585937436e+03
1.186453718261718677e+03
1.191100646972656250e+03
1.182477441406249909e+03
1.159137902832031159e+03
1.067626407470703043e+03
1.045955228271484430e+03
1.057333391113281323e+03
1.068037224121093686e+03
1.075210850830078016e+03
1.085450139160156141e+03
1.106562755126953107e+03
1.127209089355468677e+03
1.136043195800781177e+03
1.152579641113281241e+03
1.149078916015625055e+03
1.273545737304687464e+03
1.003295056152343705e+03
1.030163621826171948e+03
1.026171093749999955e+03
1.033824123535156332e+03
1.045586407470703080e+03
1.061508530273437600e+03
1.077037103271484284e+03
1.095715235595703234e+03
1.104945352783203134e+03
1.115312631835937509e+03
1.131070400390625082e+03
1.145133774414062600e+03
9.927716003417968977e+02
1.024475925292968668e+03
1.031501762695312436e+03
1.047032890624999936e+03
1.066040513916015698e+03
1.082359687500000064e+03
1.093273631591796857e+03
1.099486826171875009e+03
1.096216257324218759e+03
1.106971931152343814e+03
1.096167435302734475e+03
1.018790350341796852e+03
1.033486494140624927e+03
1.055797872314453116e+03
1.073264445800781232e+03
1.084380122070312609e+03
1.093437226562499973e+03
1.098728708496093759e+03
1.091964331054687591e+03
1.094284255371093650e+03
1.076526892089843841e+03
9.888732470703124591e+02
1.013836910400390593e+03
1.044443321533203061e+03
1.068560195312499900e+03
1.093396462402343786e+03
1.100336186523437391e+03
1.103634923095703016e+03
1.093105195312499973e+03
1.087652524414062555e+03
1.064894862060546984e+03
9.788129748535155841e+02
1.019633485107421848e+03
1.063016291503906359e+03
1.086234183349609339e+03
1.094709096679687491e+03
1.101540957031249945e+03
1.093521230468749991e+03
1.067360987548828234e+03
1.052404995117187582e+03
9.614553881835937545e+02
1.001009956054687450e+03
1.041682927246093641e+03
1.064736134033203143e+03
1.072456684570312518e+03
1.082329311523437582e+03
1.075847977294921975e+03
1.029944497070312536e+03
1.106032768554687436e+03
9.469781347656249864e+02
9.820740808105468886e+02
1.008916298828125036e+03
1.038311909179687518e+03
1.048509373779296766e+03
1.046626414794921857e+03
1.024751826171875109e+03
9.988424365234375273e+02
9.493062084960937455e+02
9.737260229492187591e+02
1.000486009521484334e+03
1.010664362792968745e+03
9.977812792968750273e+02
9.764600000000000364e+02
1.080581673583984411e+03
9.433380932617187682e+02
9.599811694335937773e+02
9.654666955566406159e+02
9.570715747070312318e+02
1.009037502441406218e+03
1.391304169921874973e+03
1.284964719238281305e+03
1.233392158203125064e+03
1.230413061523437591e+03
1.219596301269531295e+03
1.237268820800781214e+03
1.464957438964843732e+03
1.183197329101562445e+03
1.192800336914062427e+03
1.210254965820312464e+03
1.201055285644531295e+03
1.179083603515625100e+03
1.170102441406249909e+03
1.153120112304687609e+03
1.192034345703124927e+03
1.130049912109375100e+03
1.153040058593750018e+03
1.176549252929687555e+03
1.195439951171875009e+03
1.188360358886718814e+03
1.162829223632812500e+03
1.151806589355468759e+03
1.167283852539062536e+03
1.178377934570312391e+03
1.141483603515624964e+03
1.148698154296874918e+03
1.165516635742187418e+03
1.187886999511718841e+03
1.200587451171875045e+03
1.183449301757812464e+03
1.167509748535156177e+03
1.167334489746093823e+03
1.143742768554687473e+03
1.083993173828125009e+03
1.076620853271484293e+03
1.108652440185546766e+03
1.138428962402343814e+03
1.152400424804687418e+03
1.174208869628906314e+03
1.182947802734375045e+03
1.182086623535156150e+03
1.180303906249999955e+03
1.149531011962890716e+03
1.141178376464843723e+03
1.019947496337890584e+03
1.015994664306640630e+03
1.049249694824218750e+03
1.081085823974609411e+03
1.096668942871093805e+03
1.113820098876953125e+03
1.144676965332031159e+03
1.154284750976562464e+03
1.163247282714843777e+03
1.159621003417968723e+03
1.116745777587890643e+03
1.370379777832031323e+03
1.036647722167968823e+03
1.023480312499999968e+03
1.029712915039062409e+03
1.040559995117187555e+03
1.050067812499999945e+03
1.061060201416015616e+03
1.085247984619140652e+03
1.102939406738281150e+03
1.114608022460937491e+03
1.124044431152343805e+03
1.124469138183593714e+03
1.143462176513671920e+03
1.001481605224609325e+03
1.014662109375000000e+03
1.018645107421874968e+03
1.026794665527343795e+03
1.036509638671875109e+03
1.056427591552734384e+03
1.075087875976562600e+03
1.085924520263671866e+03
1.091549543457031177e+03
1.102320756835937573e+03
1.074787938232421766e+03
9.993570434570312955e+02
1.012515843505859380e+03
1.022564229736328116e+03
1.033882934570312500e+03
1.053082890624999891e+03
1.069782839355468695e+03
1.082540960693359466e+03
1.079404840087890534e+03
1.073434951171874900e+03
1.046181827392578043e+03
9.948882446289062500e+02
1.014495981445312509e+03
1.031340274658203043e+03
1.038816768798828207e+03
1.056455394287109357e+03
1.067236547851562591e+03
1.075485644531250045e+03
1.073767639160156250e+03
1.059023940429687400e+03
1.020077200927734339e+03
9.870230993652344296e+02
1.010890117187499982e+03
1.037725399169921957e+03
1.059936809082031232e+03
1.069778625488281250e+03
1.075789818115234311e+03
1.069023413085937591e+03
1.043893200683593705e+03
9.975530871582030841e+02
9.479492712402343386e+02
9.742780749511719023e+02
1.019917867431640616e+03
1.050952933349609339e+03
1.065123757324218786e+03
1.067856279296875073e+03
1.054352280273437600e+03
1.013245501708984420e+03
9.479766467285156750e+02
9.814732312011718705e+02
1.014656624755859411e+03
1.028569420166015561e+03
1.034202807617187545e+03
1.019458205566406264e+03
9.780992944335937409e+02
9.459414416503906295e+02
9.730068872070312409e+02
9.909764477539062000e+02
9.912660559082031568e+02
9.746846032714843204e+02
9.428813891601562318e+02
9.569134118652343659e+02
9.532083740234375000e+02
1.217104511718750018e+03
1.198449650878906141e+03
1.183384902343749900e+03
1.167266020507812527e+03
1.163136677246093768e+03
1.265716750488281150e+03
1.163941433105468832e+03
1.166060913085937500e+03
1.176872382812500064e+03
1.161133493652343759e+03
1.137538859863281232e+03
1.131200541992187482e+03
1.155445063476562609e+03
1.113983435058593841e+03
1.114515402832031214e+03
1.141098437500000045e+03
1.150961398925781168e+03
1.144244323730468750e+03
1.128928825683593686e+03
1.132408261718750055e+03
1.118741999511718859e+03
1.092461542968750109e+03
1.072076213378906232e+03
1.091247449951171802e+03
1.114251479492187400e+03
1.137614392089843705e+03
1.152798002929687527e+03
1.147389636230468795e+03
1.148925305175781205e+03
1.142974348144531177e+03
1.087747196044921793e+03
1.216286120605468795e+03
1.049985308837890670e+03
1.041644240722656150e+03
1.057573947753906168e+03
1.089472261962890570e+03
1.100993662109375009e+03
1.123885029296875018e+03
1.150986682128906295e+03
1.156754182128906223e+03
1.160870026855468723e+03
1.122130994873046802e+03
1.062515891113281214e+03
1.001437746582031195e+03
9.984584033203125273e+02
1.018885250244140593e+03
1.040953233642578198e+03
1.051791995849609293e+03
1.061732847900390652e+03
1.090652502441406341e+03
1.116105992431640516e+03
1.132985002441406323e+03
1.125562590332031277e+03
1.071582225341796857e+03
1.168293223876953107e+03
1.004581551513671911e+03
1.002344667968749945e+03
1.014250494384765602e+03
1.022413382568359339e+03
1.026342769775390707e+03
1.025019591064453152e+03
1.042699719238281205e+03
1.060369359130859266e+03
1.079164603271484339e+03
1.092401768798828016e+03
1.076144611816406268e+03
1.056182608642578089e+03
9.858902050781249500e+02
9.969561279296874545e+02
1.009734855957031300e+03
1.008569802246093786e+03
1.013652076416015575e+03
1.026523582763671811e+03
1.038807023925781323e+03
1.053570484619140643e+03
1.063472343749999936e+03
1.050251126708984430e+03
1.017099713134765580e+03
9.876433691406250546e+02
9.978698217773437591e+02
1.007188187255859361e+03
1.021081754150390680e+03
1.035355301513671975e+03
1.047575820312499900e+03
1.050954754638671830e+03
1.022860598144531195e+03
9.754099133300780977e+02
9.926423901367187455e+02
1.002790227050781255e+03
1.015375323486328170e+03
1.029815792236328207e+03
1.034443391113281223e+03
1.025703962402343677e+03
1.000327821044921848e+03
9.644351867675781023e+02
9.870583239746093795e+02
1.002129658203125018e+03
1.012937084960937455e+03
1.015108908691406214e+03
1.007460047607421870e+03
9.789527124023437636e+02
9.556777416992187000e+02
9.763509814453125273e+02
9.898395825195312909e+02
9.906355334472656295e+02
9.831274780273437273e+02
9.353107189941406432e+02
9.540040490722656159e+02
9.542530554199219068e+02
9.543877563476562500e+02
1.274879223632812455e+03
1.180284072265624900e+03
1.149635903320312536e+03
1.127095395507812555e+03
1.115535516357421784e+03
1.178220891113281141e+03
1.137071352539062445e+03
1.135874294433593832e+03
1.126984089355468768e+03
1.106358461914062445e+03
1.098410664062500018e+03
1.145288571777343805e+03
1.099524592285156359e+03
1.089266547851562564e+03
1.098728690185546839e+03
1.100373605957031259e+03
1.096901604003906186e+03
1.094234890136718832e+03
1.108719151611328016e+03
1.076544948730468832e+03
1.022982607421874945e+03
1.031572554931640525e+03
1.065496281738281141e+03
1.092558179931640552e+03
1.100678635253906350e+03
1.105263356933593741e+03
1.127484406738281223e+03
1.117939976806640516e+03
1.052464005126953225e+03
9.908999243164062136e+02
1.008227152099609384e+03
1.040649859619140670e+03
1.056394218749999936e+03
1.075929827880859420e+03
1.101456967773437555e+03
1.120558168945312445e+03
1.123359921875000055e+03
1.080787698974609384e+03
9.809253405761718341e+02
9.958505322265624500e+02
1.011890885009765611e+03
1.019986364746093727e+03
1.030836328124999909e+03
1.052704422607421975e+03
1.073583315429687445e+03
1.087361303710937591e+03
1.073760378417968695e+03
1.012780333251953152e+03
9.741351782226562364e+02
9.883766418457031477e+02
1.001041120605468791e+03
1.006743303222656209e+03
1.007103546142578125e+03
1.016711911621093805e+03
1.028488698730468741e+03
1.037929228515625027e+03
1.032517419433593659e+03
9.987211584472656796e+02
9.753899291992187273e+02
9.854300476074218977e+02
9.882078381347656659e+02
9.912108801269531568e+02
1.001805712890625045e+03
1.005217310791015620e+03
1.009842072753906223e+03
1.003291229248046875e+03
9.663862792968750455e+02
9.710833569335937909e+02
9.801907629394531796e+02
9.853062060546875500e+02
9.919152502441406796e+02
9.852687731933593795e+02
9.530482385253906159e+02
9.609481494140625273e+02
9.687489990234374773e+02
9.715243664550781659e+02
1.274848391113281195e+03
1.161654843750000055e+03
1.097518125000000055e+03
1.072107589111328025e+03
1.117881752929687536e+03
1.094922869873046920e+03
1.085738106689453161e+03
1.074540976562499964e+03
1.061393457031249909e+03
1.105963408203125027e+03
1.082278096923828116e+03
1.069678968505859302e+03
1.062027276611328034e+03
1.053832930908203025e+03
1.052733144531249991e+03
1.062964073486328061e+03
1.022158675537109389e+03
1.008612807617187514e+03
1.020075122070312545e+03
1.038237747802734475e+03
1.047506568603515689e+03
1.064824698486328089e+03
1.088195117187500045e+03
1.068482803955078225e+03
9.959633337402343614e+02
1.019843963623046875e+03
1.035925701904296830e+03
1.052629106445312573e+03
1.068183143310546939e+03
1.054575963134765516e+03
9.917271997070312182e+02
1.002089654541015648e+03
1.004863201904296830e+03
1.011355252685546930e+03
1.020440880126953175e+03
1.010408205566406195e+03
9.730902734374999454e+02
9.780943261718749682e+02
9.782085388183593295e+02
9.759521813964843204e+02
9.784775036621093705e+02
9.720563806152343886e+02
9.582488769531249773e+02
9.609554699707031205e+02
9.629699841308594159e+02
1.159883754882812582e+03
1.048191718750000064e+03
1.058572031250000009e+03
1.029269379882812473e+03
1.030782589111328207e+03
1.036597962646484348e+03
1.040876623535156341e+03
1.029138302001953207e+03
