1.162073068847656259e+03
1.155305357666015652e+03
1.050077169189453116e+03
1.032770091552734357e+03
1.030360860595703116e+03
1.024091763916015680e+03
1.050258864746093650e+03
1.033187060546875045e+03
1.037119700927734357e+03
1.039447617187500100e+03
1.028277185058593659e+03
1.015133242187499945e+03
1.003381347656250000e+03
1.001049011230468750e+03
9.919449438476563046e+02
9.867958862304687955e+02
9.657634326171875045e+02
9.753011279296874818e+02
9.828923901367187455e+02
9.863145373535156750e+02
9.585186047363281432e+02
9.715193701171874636e+02
9.698286035156249909e+02
9.650999682617188000e+02
9.636058142089843841e+02
9.451394824218749591e+02
9.494081481933593523e+02
9.507482678222655750e+02
1.212103522949218814e+03
1.197535742187500091e+03
1.186940854492187555e+03
1.210439372558593732e+03
1.098761538085937445e+03
1.088605086669921775e+03
1.084069001464843723e+03
1.071460106201171811e+03
1.060952468261718650e+03
1.134039609375000055e+03
1.078690620117187564e+03
1.073190651855468786e+03
1.076047579345703070e+03
1.074173895263671966e+03
1.056709711914062609e+03
1.045761961669921902e+03
1.039206024169921875e+03
1.090313717041015707e+03
1.038181809082031350e+03
1.013341323242187514e+03
1.033796312255859448e+03
1.039843063964843850e+03
1.034753930664062409e+03
1.033373109130859348e+03
1.044033845214843723e+03
1.039469000244140716e+03
9.721449194335937136e+02
9.631128894042968795e+02
9.866222753906249636e+02
1.009727619628906268e+03
1.029181320800781350e+03
1.036110477294921793e+03
1.052366617431640634e+03
1.061092272949218795e+03
1.028367663574218795e+03
9.587855895996093523e+02
9.745754895019531432e+02
9.928500158691406341e+02
1.008379775390625014e+03
1.020350091552734398e+03
1.034376356201171802e+03
1.047483026123046784e+03
1.029672561035156150e+03
9.546575659179687818e+02
9.705204199218750318e+02
9.762581469726562773e+02
9.815669873046874727e+02
9.952221997070312227e+02
1.001955196533203093e+03
1.002694797363281282e+03
9.890302587890624864e+02
9.558282446289063046e+02
9.713840710449218250e+02
9.724532836914062273e+02
9.767589025878905886e+02
9.781165502929687818e+02
9.700410217285156023e+02
9.612873144531249636e+02
9.617567016601562955e+02
1.213077475585937464e+03
1.212722792968749900e+03
1.223733669433593832e+03
1.277970715332031205e+03
1.141612609863281250e+03
1.129138562011718705e+03
1.133965546874999973e+03
1.114223774414062518e+03
1.105015904541015516e+03
1.091804377441406359e+03
1.225045983886718659e+03
1.105799194335937500e+03
1.092074974365234311e+03
1.107468303222656232e+03
1.113354743652343814e+03
1.096872425537109393e+03
1.084219688720703061e+03
1.084022612304687527e+03
1.088285434570312418e+03
1.049738575439453143e+03
1.035468448486328043e+03
1.065962379150390689e+03
1.082713245849609393e+03
1.077926365966796766e+03
1.072143227539062536e+03
1.074293172607421866e+03
1.081325960693359320e+03
1.068234011230468695e+03
1.000363876953124986e+03
1.009424993896484352e+03
1.036652766113281359e+03
1.058972257080078180e+03
1.073548748779296830e+03
1.081090284423828052e+03
1.091635230712890689e+03
1.103337233886718650e+03
1.080875985107421911e+03
1.034611346435546920e+03
9.738691564941406114e+02
9.854088488769531295e+02
1.004099923095703161e+03
1.025356890869140670e+03
1.036153181152343677e+03
1.055669337158203234e+03
1.078333702392578061e+03
1.099225902099609357e+03
1.096848659667968832e+03
1.029496810302734275e+03
9.617656164550780886e+02
9.737852246093749500e+02
9.890952905273437636e+02
9.981683740234375364e+02
1.003128859863281264e+03
1.017010284423828125e+03
1.040417987060546920e+03
1.058291743164062609e+03
1.060032471923828098e+03
1.026922307128906141e+03
9.697400146484375227e+02
9.851638269042969114e+02
9.963043408203125182e+02
9.944152746582030886e+02
9.990059594726562864e+02
1.012392215576171907e+03
1.023031715087890575e+03
1.028431353759765670e+03
1.008214888916015639e+03
9.670459997558593841e+02
9.819259875488281750e+02
9.932584301757812000e+02
9.955597204589844296e+02
1.003554797363281295e+03
1.010872286376953070e+03
1.011410659179687514e+03
9.920043359374999454e+02
9.665097277832031750e+02
9.814469116210937045e+02
9.893443664550781023e+02
1.001641684570312464e+03
1.006443306884765661e+03
1.009474414062500045e+03
9.791868334960937545e+02
9.544533386230468750e+02
9.698568371582031205e+02
9.794430114746094205e+02
9.887888854980468523e+02
9.927978051757812636e+02
9.912180786132812500e+02
9.429443750000000364e+02
9.604573571777343659e+02
9.689139562988281114e+02
9.739477416992187955e+02
9.677450683593749545e+02
1.242816645507812609e+03
1.255086562499999900e+03
1.200127639160156150e+03
1.155960263671875055e+03
1.171139284667968695e+03
1.161422136230468823e+03
1.149680864257812573e+03
1.162211843261718741e+03
1.119087735595703180e+03
1.347500544433593859e+03
1.111922158203125036e+03
1.120875612792968695e+03
1.140626779785156259e+03
1.151468815917968641e+03
1.138829035644531359e+03
1.118626301269531268e+03
1.118246579589843805e+03
1.130142061767578070e+03
1.127864980468749991e+03
1.076831807861328116e+03
1.091852310791015725e+03
1.112614062500000045e+03
1.129875697021484484e+03
1.127497568359375009e+03
1.119432263183593705e+03
1.105839160156250045e+03
1.106861113281250027e+03
1.133069049072265670e+03
1.082775964355468659e+03
1.056587807617187536e+03
1.072087908935546920e+03
1.093904010009765670e+03
1.110650734863281286e+03
1.118590841064453116e+03
1.128091855468750055e+03
1.130626582031250109e+03
1.127919514160156268e+03
1.111555856933593759e+03
1.147034306640624891e+03
1.002440864257812450e+03
9.927072900390625136e+02
1.013611558837890584e+03
1.048243828124999936e+03
1.067699281005859348e+03
1.078113609619140561e+03
1.102043942871093805e+03
1.122451710205078143e+03
1.135687067871093859e+03
1.133067780761718723e+03
1.083724024658203234e+03
1.007553328857421889e+03
9.843782910156249955e+02
9.934531250000000000e+02
1.006796842041015680e+03
1.019400202636718745e+03
1.022236522216796857e+03
1.046363311767578125e+03
1.079019561767578125e+03
1.102979478759765698e+03
1.112382163085937464e+03
1.086018493652343750e+03
1.102521597900390589e+03
9.844451733398437909e+02
9.871684167480468659e+02
9.960675415039062273e+02
1.003702917480468727e+03
1.006824516601562550e+03
1.020216040039062477e+03
1.038672526855468732e+03
1.057746968994140616e+03
1.072635605468750100e+03
1.074046767578124900e+03
1.035994721679687473e+03
9.743412170410156250e+02
9.882136206054688046e+02
9.954423657226562909e+02
1.006816130371093777e+03
1.018043334960937500e+03
1.030293360595703234e+03
1.046217379150390570e+03
1.051486301269531168e+03
1.049617637939453061e+03
1.017726168212890570e+03
9.877226794433594250e+02
1.000589427490234357e+03
1.014959069824218773e+03
1.024050314941406214e+03
1.040790720214843759e+03
1.051731889648437573e+03
1.052701766357421775e+03
1.039625776367187427e+03
1.000091528320312477e+03
9.851803308105468204e+02
9.994363964843749955e+02
1.013597763671874986e+03
1.029441402587890707e+03
1.042875803222656259e+03
1.049855051269531259e+03
1.055444113769531214e+03
1.032916520996093823e+03
9.531798413085937227e+02
9.765870764160156341e+02
1.002994772949218714e+03
1.027620438232421975e+03
1.040117396240234484e+03
1.046266036376953025e+03
1.042214578857421884e+03
1.012338382568359407e+03
9.501500170898438000e+02
9.824458276367187182e+02
1.009738806152343727e+03
1.024895054931640516e+03
1.029092850341796975e+03
1.017062740478515593e+03
9.816290844726562455e+02
9.484099462890625318e+02
9.772235241699219159e+02
9.929447656249999454e+02
9.924237951660156796e+02
9.794380847167968795e+02
9.550989135742187273e+02
9.566521643066406568e+02
1.287646791992187445e+03
1.306577004394531286e+03
1.192281662597656350e+03
1.201297995605468714e+03
1.204039572753906214e+03
1.201827092285156141e+03
1.246899299316406314e+03
1.101951135253906159e+03
1.155311728515624964e+03
1.177384545898437409e+03
1.185330058593749982e+03
1.177798420410156268e+03
1.161287692871093668e+03
1.159756518554687545e+03
1.139927070312500064e+03
1.197194155273437445e+03
1.137646218261718786e+03
1.155891533203124936e+03
1.161443320312499964e+03
1.171406911621093741e+03
1.174771928710937573e+03
1.167010461425781159e+03
1.140063371582031323e+03
1.139054890136718768e+03
1.170546164550781214e+03
1.118039522705078070e+03
1.110421096191406150e+03
1.120601870117187445e+03
1.142032764892578143e+03
1.153141740722656323e+03
1.164481999511718641e+03
1.171144675292968714e+03
1.161208281250000027e+03
1.149815087890624909e+03
1.148004340820312564e+03
1.015987626953124959e+03
1.013601751708984352e+03
1.039656759033203116e+03
1.083527326660156177e+03
1.106307777099609439e+03
1.125969733886718814e+03
1.146932796630859457e+03
1.159595297851562464e+03
1.164801076660156241e+03
1.162023713378906223e+03
1.152164371337890543e+03
1.036048519287109457e+03
1.010603109130859366e+03
1.018092287597656195e+03
1.035390047607421820e+03
1.051614973144531177e+03
1.061412148437500036e+03
1.090913242187499918e+03
1.119542397460937536e+03
1.137756427001953170e+03
1.153000761718750027e+03
1.128039353027343850e+03
9.986355615234374454e+02
1.007706594238281241e+03
1.007078425292968745e+03
1.012512476806640620e+03
1.025447283935546920e+03
1.033011966552734293e+03
1.049346077880859411e+03
1.074518006591796848e+03
1.093049724121093732e+03
1.108227412109375109e+03
1.124284337158203016e+03
1.116424385986328161e+03
9.922467053222655977e+02
1.009139637451171893e+03
1.018279422607421907e+03
1.029467769775390707e+03
1.046607659912109284e+03
1.059783903808593777e+03
1.067004238281250082e+03
1.076310783691406186e+03
1.092146055908203152e+03
1.069039184570312500e+03
1.000237435302734411e+03
1.010608244628906277e+03
1.023948376464843705e+03
1.037850528564453043e+03
1.054029559326171920e+03
1.065687452392578052e+03
1.069122416992187482e+03
1.070559870605468859e+03
1.071695616455078152e+03
1.048921520996093705e+03
9.933492687988281205e+02
1.014710000000000036e+03
1.029057393798828116e+03
1.038413465576171802e+03
1.057849952392578189e+03
1.073485568847656168e+03
1.079329722900390607e+03
1.077406986083984293e+03
1.071286224365234375e+03
1.037026463623046766e+03
9.893930468749999818e+02
1.019546198730468745e+03
1.048003493652343650e+03
1.065701175537109293e+03
1.079787114257812391e+03
1.078950648193359484e+03
1.076011497802734311e+03
1.060215769042968759e+03
1.011614421386718732e+03
9.582026269531249909e+02
9.985382995605468750e+02
1.035094870605468714e+03
1.061736206054687500e+03
1.075778538818359266e+03
1.080972659912109293e+03
1.074871520996093750e+03
1.038956204833984430e+03
9.762756799316406386e+02
1.010422430419921852e+03
1.040302746582031205e+03
1.061408637695312564e+03
1.057841363525390534e+03
1.045464376220703116e+03
9.966429077148437727e+02
9.798149096679687773e+02
1.003149447021484320e+03
1.021293975830078125e+03
1.012783283691406268e+03
9.839033142089843977e+02
9.610669360351562318e+02
9.710463647460937864e+02
9.631647204589843341e+02
1.252007089843750009e+03
1.245958540039062427e+03
1.250744482421875091e+03
1.259164980468749945e+03
1.122975072021484266e+03
1.189962246093750082e+03
1.215527482910156323e+03
1.225008154296875091e+03
1.217924238281249927e+03
1.211735163574218859e+03
1.222953115234374991e+03
1.193376743164062418e+03
1.212404660644531305e+03
1.209685041503906177e+03
1.216789799804687391e+03
1.210972517089843677e+03
1.199641494140624900e+03
1.176589333496093786e+03
1.180719111328125109e+03
1.137869655761718832e+03
1.161628273925781286e+03
1.183142258300781350e+03
1.198558937988281286e+03
1.204270256347656186e+03
1.200741108398437518e+03
1.185255131835937391e+03
1.178451862792968768e+03
1.193567014160156305e+03
1.016662913818359357e+03
1.037019588623046957e+03
1.081174693603515607e+03
1.114492000732421957e+03
1.137627836914062527e+03
1.165721801757812500e+03
1.182243571777343732e+03
1.189765634765625009e+03
1.188397934570312600e+03
1.187578859863281195e+03
1.037785627441406177e+03
1.023985607910156205e+03
1.045802418212890643e+03
1.064825634765624955e+03
1.080405866699218677e+03
1.096475683593750091e+03
1.123009179687499909e+03
1.144166608886718677e+03
1.163134260253906177e+03
1.174437858886718686e+03
1.170014254150390570e+03
1.014446379394531277e+03
1.031255997314453225e+03
1.020659388427734370e+03
1.032671180419921939e+03
1.043975219726562500e+03
1.053296971435546766e+03
1.069552305908203152e+03
1.088009763183593805e+03
1.107814306640625091e+03
1.134479423828124936e+03
1.149301567382812436e+03
1.001605627441406227e+03
1.021471397705078175e+03
1.028469420166015652e+03
1.036015904541015516e+03
1.046493990478515570e+03
1.063220528564453161e+03
1.071554880371093759e+03
1.081353861083984384e+03
1.096653845214843841e+03
1.120497014160156141e+03
1.028878289794921784e+03
1.032624283447265725e+03
1.047770382080078207e+03
1.070746351318359302e+03
1.083324890136718750e+03
1.083620311279296857e+03
1.086727148437500091e+03
1.088551894531249900e+03
1.100796975097656286e+03
1.086836020507812464e+03
1.017405085449218745e+03
1.036363692626953025e+03
1.055195357666015525e+03
1.072636269531250036e+03
1.088227305908203107e+03
1.100953854980468805e+03
1.096887421874999973e+03
1.093979218749999973e+03
1.099483974609375082e+03
1.075685684814453225e+03
9.803928906249999500e+02
1.023263253173828161e+03
1.055994339599609475e+03
1.073184197998046784e+03
1.087989877929687509e+03
1.103075584716796811e+03
1.097038811035156186e+03
1.098382900390625082e+03
1.097672470703125100e+03
1.066660241699218659e+03
9.941128845214843750e+02
1.043484392089843823e+03
1.068692423095703134e+03
1.083614822998046975e+03
1.093092462158203034e+03
1.094587827148437555e+03
1.097742517089843659e+03
1.085192548828124927e+03
1.097198780517578143e+03
9.874580017089843977e+02
1.029866945800781195e+03
1.060982802734374900e+03
1.073340515136718750e+03
1.083145396728515607e+03
1.093690905761718795e+03
1.089496420898437464e+03
1.045962021484375100e+03
9.726571301269531205e+02
1.013389842529296857e+03
1.040776655273437427e+03
1.055288988037109448e+03
1.064420200195312418e+03
1.062107534179687491e+03
1.036270051269531223e+03
1.041255206298828170e+03
9.702383996582030932e+02
1.005510985107421902e+03
1.022145384521484402e+03
1.019049741210937555e+03
1.005224431152343755e+03
1.000705581054687514e+03
9.614545300292968477e+02
9.725533886718750409e+02
9.684359179687500045e+02
9.811877026367187682e+02
1.318439306640625091e+03
1.305746022949218741e+03
1.181858200683593850e+03
1.243221914062499991e+03
1.272326171875000000e+03
1.269810903320312491e+03
1.266147197265624982e+03
1.277806530761718705e+03
1.175247976074218741e+03
1.251098654785156214e+03
1.266044243164062436e+03
1.259365151367187536e+03
1.248500778808593850e+03
1.244002368164062545e+03
1.234593920898437545e+03
1.137078559570312564e+03
1.194791926269531359e+03
1.215078400878906223e+03
1.227268867187500064e+03
1.238530332031250055e+03
1.243158898925781159e+03
1.231707070312500036e+03
1.228155822753906250e+03
1.053195482177734448e+03
1.112542198486328061e+03
1.127345219726562391e+03
1.153790693359374927e+03
1.188021381835937518e+03
1.210475288085937564e+03
1.219703862304687391e+03
1.217605676269531159e+03
1.232592951660156359e+03
1.030920924072265734e+03
1.061577362060546875e+03
1.080360377197265734e+03
1.101392907714843659e+03
1.127622253417968750e+03
1.148545324707031341e+03
1.167707407226562509e+03
1.181115251464843823e+03
1.190637819824218695e+03
1.024997823486328116e+03
1.050469838867187491e+03
1.040660909423828116e+03
1.051742701416015734e+03
1.068398897705078070e+03
1.092418378906249927e+03
1.110298518066406359e+03
1.118373957519531359e+03
1.130481132812499936e+03
1.150125175781249936e+03
1.186991257324218850e+03
1.052473492431640580e+03
1.049985075683593777e+03
1.049106730957031232e+03
1.066767211914062500e+03
1.101630445556640552e+03
1.119168879394531359e+03
1.113316562499999918e+03
1.111707644042968695e+03
1.123294309082031305e+03
1.145458627929687509e+03
1.016368466796875055e+03
1.043656619873046793e+03
1.048254294433593714e+03
1.077054696044921911e+03
1.111417005615234302e+03
1.125625932617187573e+03
1.122825363769531350e+03
1.117708972167968795e+03
1.118594848632812500e+03
1.124882202148437500e+03
9.949404589843750273e+02
1.034978720703124964e+03
1.054109796142578034e+03
1.078152791748046866e+03
1.096433041992187555e+03
1.107758093261718841e+03
1.123818779296874936e+03
1.124193850097656195e+03
1.118374240722656168e+03
1.119028749999999945e+03
1.161990422363281141e+03
1.020080041503906273e+03
1.060288554687499982e+03
1.080985059814453052e+03
1.093183994140624918e+03
1.099248706054687545e+03
1.107529426269531314e+03
1.117020131835937491e+03
1.119154189453124900e+03
1.123006372070312409e+03
1.214350391845703143e+03
1.003907337646484393e+03
1.060387539062500082e+03
1.088577983398437482e+03
1.089855646972656359e+03
1.094353818359375055e+03
1.098157365722656323e+03
1.108915029296874991e+03
1.110389448242187427e+03
1.105410667724609311e+03
1.006743359374999955e+03
1.049846895751953070e+03
1.082416612548828198e+03
1.093096617431640652e+03
1.094535483398437464e+03
1.094252734375000045e+03
1.104099177246093859e+03
1.097458869628906314e+03
1.085003194580078116e+03
1.000426500244140584e+03
1.041661107177734266e+03
1.067780234374999964e+03
1.085100065917968777e+03
1.089778491210937545e+03
1.087991674804687591e+03
1.081969587402343677e+03
1.061855219726562609e+03
1.190452629394531186e+03
1.009387573242187500e+03
1.045719571533203180e+03
1.064121588134765716e+03
1.066279257812499964e+03
1.057069117431640734e+03
1.035967917480468714e+03
1.080229296875000045e+03
9.964056042480468705e+02
1.015420756835937482e+03
1.020345512695312550e+03
1.010820880126953170e+03
1.071379331054687555e+03
9.801634448242188000e+02
1.091275531005859420e+03
1.339759436035156341e+03
1.348386647949218741e+03
1.286601245117187545e+03
1.351176791992187418e+03
1.315699726562500018e+03
1.302838789062499927e+03
1.193466203613281323e+03
1.255039260253906150e+03
1.267638342285156341e+03
1.280033105468749909e+03
1.283708984375000000e+03
1.282957739257812591e+03
1.060554241943359330e+03
1.116756137695312418e+03
1.154994602050781168e+03
1.203207045898437400e+03
1.227899082031249918e+03
1.240160900878906205e+03
1.252931716308593650e+03
1.265283693847656195e+03
1.055391016845703234e+03
1.099180158691406177e+03
1.124810715332031350e+03
1.172852351074218859e+03
1.193846442871093814e+03
1.202988999023437600e+03
1.213847905273437391e+03
1.213854914550781359e+03
1.089758970947265652e+03
1.100564874267578034e+03
1.111355339355468686e+03
1.148978645019531314e+03
1.178254409179687400e+03
1.191167475585937609e+03
1.192941469726562445e+03
1.187289604492187436e+03
1.189599016113281323e+03
1.093771568603515561e+03
1.089135623779296793e+03
1.101521564941406268e+03
1.144818723144531305e+03
1.175725974121093714e+03
1.192297402343750036e+03
1.195527207031250100e+03
1.181702524414062509e+03
1.165819384765625045e+03
9.867586596679688000e+02
1.066879035644531314e+03
1.070757982177734448e+03
1.111030839843750073e+03
1.148747072753906195e+03
1.158344208984374973e+03
1.170868393554687600e+03
1.182348171386718832e+03
1.178418701171875000e+03
1.158911176757812427e+03
1.167925478515624945e+03
9.743181640625000455e+02
1.046601361083984330e+03
1.065765100097656159e+03
1.106285989990234384e+03
1.127423894042968641e+03
1.134991452636718805e+03
1.142122861328125055e+03
1.156634624023437482e+03
1.156716845703125045e+03
1.148724272460937527e+03
1.151498117675781259e+03
1.022727552490234416e+03
1.076585445556640707e+03
1.106102198486328234e+03
1.113279448242187527e+03
1.116795703125000045e+03
1.116284597167968741e+03
1.121537888183593850e+03
1.129666164550781332e+03
1.136807312011718750e+03
1.132965644531250064e+03
1.001451142578124973e+03
1.064253051757812500e+03
1.114822573242187445e+03
1.121962290039062509e+03
1.108640573730468759e+03
1.102271308593750064e+03
1.099229074707031259e+03
1.104828935546875073e+03
1.122515947265625073e+03
1.121459965820312391e+03
1.027177312011718641e+03
1.045065882568359484e+03
1.086745795898437564e+03
1.104977066650390725e+03
1.102471295166015580e+03
1.100480689697265689e+03
1.086215541992187582e+03
1.089968552246093850e+03
1.106131896972656250e+03
1.179151435546875064e+03
1.054737510986328061e+03
1.063898659667968786e+03
1.081526273193359430e+03
1.084128172607421902e+03
1.081426020507812609e+03
1.078001937255859275e+03
1.066973068847656350e+03
1.071611098632812400e+03
1.088385502929687391e+03
1.019556036376953102e+03
1.031530415039062518e+03
1.064454324951171884e+03
1.093865333251953189e+03
1.083521512451171930e+03
1.055408072509765589e+03
1.055744584960937573e+03
1.057997967529296830e+03
1.285055661621093805e+03
9.809071826171874591e+02
1.004713326416015661e+03
1.050343948974609475e+03
1.059059548339843786e+03
1.029722803955078234e+03
1.056529367675781259e+03
1.276241545410156277e+03
9.895822766113280977e+02
1.020952154541015602e+03
1.104164809570312400e+03
1.270265710449218659e+03
1.126666247558593795e+03
1.198370017089843714e+03
1.291434960937499909e+03
1.311536398925781214e+03
1.312762014160156241e+03
1.092500446777343768e+03
1.152130610351562609e+03
1.225684914550781286e+03
1.274584934082031168e+03
1.274597797851562518e+03
1.278745598144531186e+03
1.288306130371093786e+03
1.150980834960937500e+03
1.188178532714843641e+03
1.223275812988281359e+03
1.253625278320312418e+03
1.248555156249999982e+03
1.252118427734375018e+03
1.261673073730468786e+03
1.270038725585937527e+03
1.171231989746093859e+03
1.175155754394531186e+03
1.207017751464843741e+03
1.227311425781249909e+03
1.225049509277343759e+03
1.239307302246093741e+03
1.253552968749999991e+03
1.251979975585937609e+03
1.053807260742187509e+03
1.145850366210937409e+03
1.141593210449218759e+03
1.196874167480468714e+03
1.209569980468749918e+03
1.196687800292968859e+03
1.206380449218750073e+03
1.228198383789062518e+03
1.236636806640625082e+03
1.218842543945312400e+03
1.062898798828125109e+03
1.131403801269531186e+03
1.123717268066406177e+03
1.167466347656250036e+03
1.172354130859374891e+03
1.170424465332031332e+03
1.183827160644531205e+03
1.203246938476562491e+03
1.207889262695312482e+03
1.204544206542968823e+03
1.025423721923828225e+03
1.124808945312500100e+03
1.137092211914062545e+03
1.136088068847656359e+03
1.135686730957031159e+03
1.141591218261718723e+03
1.155463681640625055e+03
1.171051857910156286e+03
1.178710734863281232e+03
1.198217934570312536e+03
1.015735566406249973e+03
1.058774393310546884e+03
1.115911536865234439e+03
1.123648693847656205e+03
1.116430588378906350e+03
1.118595998535156241e+03
1.122284536132812491e+03
1.134914592285156232e+03
1.161775593261718768e+03
1.197280759277343805e+03
1.120565518798828180e+03
1.071589172363281250e+03
1.071032248535156214e+03
1.083912257080078234e+03
1.082292232666015707e+03
1.078395528564453116e+03
1.081137928466796893e+03
1.108290808105468841e+03
1.154717871093750091e+03
1.185240676269531150e+03
1.163620170898437436e+03
1.114550231933593750e+03
1.090361723632812527e+03
1.087337478027343650e+03
1.071207403564453216e+03
1.055466933593749900e+03
1.064018684082031314e+03
1.115044992675781259e+03
1.160285107421874955e+03
1.197107888183593786e+03
1.102539710693359439e+03
1.078390093994140670e+03
1.073964248046874900e+03
1.094143363037109339e+03
1.104972385253906168e+03
1.076652258300781341e+03
1.087396540527343859e+03
1.141260747070312391e+03
1.176395935058593750e+03
1.062753664550781195e+03
1.032693712158203198e+03
1.051991182861328070e+03
1.091195316162109293e+03
1.076528653564453180e+03
1.102612714843749927e+03
1.210992609863281359e+03
1.147559350585937409e+03
1.109973312988281350e+03
1.141216179199218686e+03
1.243463532714843723e+03
1.343056647949218814e+03
1.265552993164062400e+03
1.326420356445312564e+03
1.279536513671874900e+03
1.340775373535156177e+03
1.288709931640624973e+03
1.309430842285156359e+03
1.261318071289062573e+03
1.309991567382812491e+03
1.303973857421874982e+03
1.274501057128906268e+03
1.265343796386718850e+03
1.302390651855468832e+03
1.265364318847656250e+03
1.267112431640624891e+03
1.265471171874999982e+03
1.235755878906250018e+03
1.234879157714843814e+03
1.271697009277343795e+03
1.238157751464843841e+03
1.233473840332031159e+03
1.237400793457031341e+03
1.208446445312499918e+03
1.208207131347656286e+03
1.237108874511718795e+03
1.288235073242187582e+03
1.234509506835937600e+03
1.221226511230468759e+03
1.210494045410156332e+03
1.220167851562499891e+03
1.187580234374999918e+03
1.182254733886718668e+03
1.218104799804687445e+03
1.261227128906250073e+03
1.215352102050781241e+03
1.230356628417968750e+03
1.195471213378906214e+03
1.192317836914062582e+03
1.164483010253906286e+03
1.169092370605468659e+03
1.213180534667968686e+03
1.249658435058593795e+03
1.159754753417968686e+03
1.188089968261718695e+03
1.173308505859374918e+03
1.172737827148437418e+03
1.160492241210937436e+03
1.167449409179687564e+03
1.201207001953124973e+03
1.221980224609375000e+03
1.250764418945312400e+03
1.178176086425781250e+03
1.153968645019531323e+03
1.156200927734375000e+03
1.150201774902343686e+03
1.158294196777343814e+03
1.180759497070312591e+03
1.194742187500000000e+03
1.233347956542968859e+03
1.290025092773437564e+03
1.191362619628906259e+03
1.156329084472656177e+03
1.154548449707031295e+03
1.149597414550781195e+03
1.156396115722656305e+03
1.178167927246093768e+03
1.188655322265625045e+03
1.237649960937500055e+03
1.290126840820312509e+03
1.255132404785156268e+03
1.210658693847656195e+03
1.199154631347656277e+03
1.184438222656249991e+03
1.181816953125000055e+03
1.206689956054687400e+03
1.244494970703125091e+03
1.225384421386718714e+03
1.221890817871093759e+03
1.195379860839843786e+03
1.228763684082031205e+03
1.349355073242187473e+03
1.276679406738281159e+03
1.255460258789062436e+03
1.319625710449218786e+03
1.274966406250000091e+03
1.257480734863281214e+03
1.310622365722656241e+03
1.298286328124999955e+03
1.296095168457031150e+03
1.323018742675781141e+03
1.336670378417968777e+03
1.334291130371093686e+03
