node,name,H2r,rp
1074,./node_1074_INORM,0.4030804,0.0000001
655,./node_655_INORM,0.4886408,2.9621792e-11
356,./node_356_INORM,0.3971004,0.0000025
1577,./node_1577_INORM,0.2259426,0.0028491
1089,./node_1089_INORM,0.2109912,0.0048689
950,./node_950_INORM,0.2478818,0.0013335
48,./node_48_INORM,0.4347966,2.7226653e-08
1653,./node_1653_INORM,0.4270994,5.160324e-10
1350,./node_1350_INORM,0.4970385,6.3816075e-11
571,./node_571_INORM,0.4717625,2.3790015e-10
1956,./node_1956_INORM,0.1726075,0.0122164
1939,./node_1939_INORM,0.3414017,0.0000110
27,./node_27_INORM,0.3865299,0.0000002
339,./node_339_INORM,0.4073111,0.0000005
1518,./node_1518_INORM,0.3024087,0.0000707
739,./node_739_INORM,0.5092672,2.5067631e-11
1118,./node_1118_INORM,0.2562893,0.0011961
853,./node_853_INORM,0.5338159,1.7004532e-11
756,./node_756_INORM,0.3800482,0.0000049
1489,./node_1489_INORM,0.4806533,1.0299711e-11
1177,./node_1177_INORM,0.2657249,0.0004703
1474,./node_1474_INORM,0.2668004,0.0002975
255,./node_255_INORM,0.4495199,2.5980133e-09
1855,./node_1855_INORM,0.1463775,0.0331486
2006,./node_2006_INORM,0.2988817,0.0000899
1750,./node_1750_INORM,0.3052907,0.0000848
171,./node_171_INORM,0.3749639,0.0000010
472,./node_472_INORM,0.4573327,1.6958985e-08
1253,./node_1253_INORM,0.2755535,0.0010368
1918,./node_1918_INORM,0.2610430,0.0002223
318,./node_318_INORM,0.3859222,0.0000008
1539,./node_1539_INORM,0.2454546,0.0008594
971,./node_971_INORM,0.5106350,2.1397049e-11
69,./node_69_INORM,0.4414498,3.8694017e-09
94,./node_94_INORM,0.4256471,1.7853221e-08
1055,./node_1055_INORM,0.2088574,0.0057504
674,./node_674_INORM,0.5088082,2.0601288e-10
689,./node_689_INORM,0.4937644,5.709494e-11
377,./node_377_INORM,0.5767489,3.0140155e-13
1556,./node_1556_INORM,0.2303665,0.0017085
1977,./node_1977_INORM,0.2911146,0.0001613
1672,./node_1672_INORM,0.1951442,0.0079576
1371,./node_1371_INORM,0.2683973,0.0015046
550,./node_550_INORM,0.4936737,3.053304e-11
777,./node_777_INORM,0.5860856,3.2667741e-15
289,./node_289_INORM,0.4715396,9.328964e-10
1156,./node_1156_INORM,0.4693698,8.1641085e-09
1455,./node_1455_INORM,0.3845370,0.0000009
274,./node_274_INORM,0.4668811,3.7675439e-10
872,./node_872_INORM,0.5147907,4.7232048e-11
1771,./node_1771_INORM,0.3661771,0.0000001
150,./node_150_INORM,0.4821990,6.819399e-10
453,./node_453_INORM,0.4074530,0.0000001
1272,./node_1272_INORM,0.3607646,0.0000005
1874,./node_1874_INORM,0.3626008,0.0000034
1889,./node_1889_INORM,0.2934058,0.0000856
2027,./node_2027_INORM,0.1578569,0.0231332
2048,./node_2048_INORM,0.2408447,0.0012743
718,./node_718_INORM,0.4809332,3.254665e-09
1139,./node_1139_INORM,0.4916615,2.1235883e-09
285,./node_285_INORM,0.3603782,0.0000060
786,./node_786_INORM,0.5884232,5.19244e-16
278,./node_278_INORM,0.4652444,8.8022815e-11
1459,./node_1459_INORM,0.5125720,5.622116e-09
883,./node_883_INORM,0.4969071,1.5633392e-11
1283,./node_1283_INORM,0.3891571,0.0000004
1780,./node_1780_INORM,0.1603348,0.0214736
1878,./node_1878_INORM,0.1524418,0.0289692
1885,./node_1885_INORM,0.1796688,0.0116557
1817,./node_1817_INORM,0.1602489,0.0217731
2044,./node_2044_INORM,0.2341874,0.0015726
133,./node_133_INORM,0.5697504,1.3447625e-14
1712,./node_1712_INORM,0.4067233,0.0000002
1211,./node_1211_INORM,0.4702379,4.1103064e-09
430,./node_430_INORM,0.4661909,9.923828e-10
811,./node_811_INORM,0.5154230,5.644415e-11
1135,./node_1135_INORM,0.2783011,0.0003336
714,./node_714_INORM,0.5530660,5.023547e-13
217,./node_217_INORM,0.3831974,0.0000011
1436,./node_1436_INORM,0.3532821,0.0000050
1611,./node_1611_INORM,0.4420515,2.3907722e-10
533,./node_533_INORM,0.4322275,6.705195e-09
1312,./node_1312_INORM,0.4943375,3.7013202e-11
1914,./node_1914_INORM,0.2037789,0.0047548
617,./node_617_INORM,0.4806397,7.623918e-11
1036,./node_1036_INORM,0.3598992,0.0000359
1535,./node_1535_INORM,0.4128649,3.955834e-08
314,./node_314_INORM,0.4611991,1.1136294e-10
912,./node_912_INORM,0.5754903,7.1350375e-15
65,./node_65_INORM,0.5638526,2.3346595e-14
980,./node_980_INORM,0.4947911,2.0654711e-10
98,./node_98_INORM,0.5462947,1.0551268e-13
678,./node_678_INORM,0.5507015,7.274898e-14
386,./node_386_INORM,0.4534152,1.3087341e-10
1059,./node_1059_INORM,0.2022154,0.0064554
685,./node_685_INORM,0.4938611,2.7760155e-11
1986,./node_1986_INORM,0.3285926,0.0000361
1380,./node_1380_INORM,0.3949995,0.0000006
1683,./node_1683_INORM,0.3900056,0.0000002
112,./node_112_INORM,0.3474144,0.0000035
1733,./node_1733_INORM,0.1691053,0.0167667
1230,./node_1230_INORM,0.4930074,9.320925e-10
411,./node_411_INORM,0.5060060,2.7901359e-11
1836,./node_1836_INORM,0.1308548,0.0497562
1114,./node_1114_INORM,0.2439373,0.0014525
735,./node_735_INORM,0.5502970,4.7236557e-13
236,./node_236_INORM,0.3847033,0.0000004
1417,./node_1417_INORM,0.3662656,0.0000007
830,./node_830_INORM,0.3996558,0.0000017
1485,./node_1485_INORM,0.4752943,0.0000001
259,./node_259_INORM,0.4426348,6.68883e-09
1478,./node_1478_INORM,0.5055869,3.2680878e-09
1186,./node_1186_INORM,0.5212299,1.9240275e-09
1859,./node_1859_INORM,0.3556612,0.0000027
483,./node_483_INORM,0.4632289,1.4955819e-09
180,./node_180_INORM,0.4307342,2.3645606e-08
659,./node_659_INORM,0.4368075,0.0000002
1586,./node_1586_INORM,0.2746311,0.0002012
1078,./node_1078_INORM,0.2060047,0.0053270
1085,./node_1085_INORM,0.2144884,0.0046682
44,./node_44_INORM,0.4379620,3.3672736e-09
580,./node_580_INORM,0.5620462,1.9558647e-13
1935,./node_1935_INORM,0.2322792,0.0025532
1630,./node_1630_INORM,0.3666929,0.0000013
512,./node_512_INORM,0.4312282,1.2682316e-08
1333,./node_1333_INORM,0.3203402,0.0000127
933,./node_933_INORM,0.4943762,1.955069e-10
636,./node_636_INORM,0.4591293,5.5488665e-11
1017,./node_1017_INORM,0.4910530,8.2045735e-10
1514,./node_1514_INORM,0.3975926,0.0000002
335,./node_335_INORM,0.4406385,1.3101497e-08
10,./node_10_INORM,0.4721388,1.1907646e-10
908,./node_908_INORM,0.5670875,9.719018e-14
529,./node_529_INORM,0.3871534,0.0000083
1308,./node_1308_INORM,0.4004958,0.0000008
1664,./node_1664_INORM,0.2146015,0.0043372
546,./node_546_INORM,0.5563552,1.1897672e-12
1367,./node_1367_INORM,0.3201030,0.0000147
1699,./node_1699_INORM,0.4121353,0.0000001
1961,./node_1961_INORM,0.1399924,0.0328989
662,./node_662_INORM,0.4556224,0.0000001
1043,./node_1043_INORM,0.2013281,0.0064557
1540,./node_1540_INORM,0.2445044,0.0012501
361,./node_361_INORM,0.4869594,1.2530033e-11
967,./node_967_INORM,0.5556692,1.062621e-13
82,./node_82_INORM,0.4465075,2.6871009e-09
1862,./node_1862_INORM,0.1677797,0.0171805
2031,./node_2031_INORM,0.2179897,0.0035742
146,./node_146_INORM,0.5075523,9.167281e-12
1299,./node_1299_INORM,0.4581898,2.5692116e-08
1767,./node_1767_INORM,0.1634945,0.0198017
1264,./node_1264_INORM,0.3951687,0.0000014
445,./node_445_INORM,0.4431185,7.418551e-09
864,./node_864_INORM,0.3423092,0.0000313
899,./node_899_INORM,0.5278543,2.1828239e-11
1140,./node_1140_INORM,0.2635304,0.0006555
761,./node_761_INORM,0.5401201,6.150762e-13
262,./node_262_INORM,0.5392524,4.1648379e-13
1443,./node_1443_INORM,0.4890572,1.1473014e-08
129,./node_129_INORM,0.5791928,4.2877022e-15
1708,./node_1708_INORM,0.4215951,2.2683271e-08
1940,./node_1940_INORM,0.2490280,0.0015183
1645,./node_1645_INORM,0.3778823,0.0000006
567,./node_567_INORM,0.3824870,0.0000097
1346,./node_1346_INORM,0.4753465,4.9876625e-09
946,./node_946_INORM,0.4655244,2.2933954e-09
8,./node_8_INORM,0.4456216,1.5839495e-09
643,./node_643_INORM,0.5151625,1.8481745e-11
1062,./node_1062_INORM,0.2831516,0.0006389
1561,./node_1561_INORM,0.3669954,0.0000017
340,./node_340_INORM,0.3774156,0.0000024
31,./node_31_INORM,0.3818144,0.0000003
929,./node_929_INORM,0.5290388,2.2019375e-11
508,./node_508_INORM,0.5220871,4.267501e-12
1329,./node_1329_INORM,0.3198744,0.0000154
108,./node_108_INORM,0.4264026,2.8903903e-08
1729,./node_1729_INORM,0.1722610,0.0160247
167,./node_167_INORM,0.5717619,1.0290629e-14
499,./node_499_INORM,0.5305852,2.262717e-12
1746,./node_1746_INORM,0.1704437,0.0158265
1245,./node_1245_INORM,0.5095045,4.0486461e-08
464,./node_464_INORM,0.4709096,3.0443238e-11
1843,./node_1843_INORM,0.2361316,0.0011483
2010,./node_2010_INORM,0.2436832,0.0014575
1161,./node_1161_INORM,0.4389812,0.0000001
740,./node_740_INORM,0.5422945,2.2614515e-13
243,./node_243_INORM,0.4735683,1.249458e-10
1462,./node_1462_INORM,0.3440003,0.0000115
845,./node_845_INORM,0.5920066,5.344756e-15
826,./node_826_INORM,0.3669132,0.0000098
723,./node_723_INORM,0.5762914,3.5771271e-15
1102,./node_1102_INORM,0.4960756,2.8045627e-09
1401,./node_1401_INORM,0.3683819,0.0000004
220,./node_220_INORM,0.4613033,3.3063806e-09
1820,./node_1820_INORM,0.1888104,0.0100312
1725,./node_1725_INORM,0.1600098,0.0227899
104,./node_104_INORM,0.3452505,0.0000069
407,./node_407_INORM,0.5600377,1.7339514e-12
1226,./node_1226_INORM,0.5207238,1.3101645e-08
495,./node_495_INORM,0.5528041,3.7053486e-12
196,./node_196_INORM,0.4022910,0.0000001
468,./node_468_INORM,0.3906922,0.0000003
1249,./node_1249_INORM,0.3197961,0.0000434
1493,./node_1493_INORM,0.3777873,0.0000172
1190,./node_1190_INORM,0.5092456,7.116186e-11
849,./node_849_INORM,0.5810403,5.686492e-13
596,./node_596_INORM,0.5442827,1.1939483e-13
1649,./node_1649_INORM,0.2303734,0.0021905
52,./node_52_INORM,0.5202638,2.7923786e-12
1590,./node_1590_INORM,0.2299646,0.0024162
4,./node_4_INORM,0.4662603,1.6128772e-10
1093,./node_1093_INORM,0.3582126,0.0000341
1001,./node_1001_INORM,0.5306537,1.7633973e-12
620,./node_620_INORM,0.5010412,1.7835577e-11
323,./node_323_INORM,0.4252058,0.0000001
1502,./node_1502_INORM,0.4029160,0.0000001
925,./node_925_INORM,0.5338455,1.5790525e-11
1626,./node_1626_INORM,0.4141663,0.0000001
1325,./node_1325_INORM,0.4147103,0.0000002
504,./node_504_INORM,0.3898325,0.0000068
1923,./node_1923_INORM,0.1788871,0.0094933
1893,./node_1893_INORM,0.1575215,0.0251664
1295,./node_1295_INORM,0.3357018,0.0000036
449,./node_449_INORM,0.3881660,0.0000006
1268,./node_1268_INORM,0.3252294,0.0000517
1796,./node_1796_INORM,0.3942880,0.0000002
868,./node_868_INORM,0.5969302,1.0514985e-13
895,./node_895_INORM,0.4918778,3.8938296e-10
293,./node_293_INORM,0.4647444,8.0046075e-11
790,./node_790_INORM,0.5221081,9.855265e-12
702,./node_702_INORM,0.4850308,1.0093028e-11
1123,./node_1123_INORM,0.2545035,0.0008892
1420,./node_1420_INORM,0.2771755,0.0001821
201,./node_201_INORM,0.4670913,4.1756542e-09
807,./node_807_INORM,0.4983823,2.4245431e-09
1704,./node_1704_INORM,0.4036162,0.0000002
125,./node_125_INORM,0.5000169,2.1228041e-11
426,./node_426_INORM,0.4410571,0.0000003
1207,./node_1207_INORM,0.5090900,6.4431895e-10
1801,./node_1801_INORM,0.1506498,0.0291407
904,./node_904_INORM,0.5988629,4.2569802e-15
1020,./node_1020_INORM,0.4951479,6.847926e-10
601,./node_601_INORM,0.5554947,9.5121705e-14
302,./node_302_INORM,0.4766488,1.0102423e-10
1523,./node_1523_INORM,0.4016666,0.0000003
1902,./node_1902_INORM,0.2090446,0.0030465
1607,./node_1607_INORM,0.3225969,0.0000384
1304,./node_1304_INORM,0.3169310,0.0000137
525,./node_525_INORM,0.5510160,1.6571114e-12
1396,./node_1396_INORM,0.4866001,0.0000001
1668,./node_1668_INORM,0.3492456,0.0000038
1695,./node_1695_INORM,0.1939273,0.0079861
1990,./node_1990_INORM,0.2792996,0.0004691
390,./node_390_INORM,0.5391675,1.1098603e-11
693,./node_693_INORM,0.5696415,1.8121608e-14
73,./node_73_INORM,0.4988622,2.8503863e-11
996,./node_996_INORM,0.5175558,2.0945047e-12
738,./node_738_INORM,0.5800968,3.8538138e-15
1119,./node_1119_INORM,0.4814562,2.2438885e-09
473,./node_473_INORM,0.5142976,1.0105592e-11
1252,./node_1252_INORM,0.5067789,3.2746129e-09
1751,./node_1751_INORM,0.3781165,0.0000006
170,./node_170_INORM,0.5547048,4.3502529e-14
2007,./node_2007_INORM,0.2880756,0.0001877
1854,./node_1854_INORM,0.2987508,0.0000802
1475,./node_1475_INORM,0.3783373,0.0000011
254,./node_254_INORM,0.4694242,9.8202615e-10
757,./node_757_INORM,0.6009479,1.0827813e-16
1176,./node_1176_INORM,0.2794337,0.0000972
1488,./node_1488_INORM,0.4130423,0.0000001
852,./node_852_INORM,0.5335539,1.4788349e-11
1957,./node_1957_INORM,0.3150949,0.0000424
1351,./node_1351_INORM,0.3917631,0.0000003
570,./node_570_INORM,0.4136711,0.0000015
1652,./node_1652_INORM,0.3148569,0.0000330
951,./node_951_INORM,0.4986502,8.154311e-11
49,./node_49_INORM,0.4458665,1.5284891e-09
357,./node_357_INORM,0.5219779,7.2710155e-12
1088,./node_1088_INORM,0.5321158,7.356469e-12
1576,./node_1576_INORM,0.3154847,0.0000320
1075,./node_1075_INORM,0.4189176,2.9501717e-08
654,./node_654_INORM,0.4455524,0.0000002
338,./node_338_INORM,0.5133722,1.4972643e-11
1519,./node_1519_INORM,0.2933920,0.0000767
26,./node_26_INORM,0.4938019,2.4696756e-11
1938,./node_1938_INORM,0.2668034,0.0002472
2026,./node_2026_INORM,0.1293846,0.0512540
1888,./node_1888_INORM,0.3343336,0.0000059
1875,./node_1875_INORM,0.3294152,0.0000200
452,./node_452_INORM,0.5301839,2.4977987e-12
1273,./node_1273_INORM,0.2433294,0.0029596
1770,./node_1770_INORM,0.3103769,0.0000398
151,./node_151_INORM,0.4074353,0.0000001
873,./node_873_INORM,0.5419416,2.2332301e-12
1454,./node_1454_INORM,0.3433017,0.0000027
275,./node_275_INORM,0.4711600,6.0821975e-10
288,./node_288_INORM,0.4401339,0.0000001
776,./node_776_INORM,0.5394990,1.8803972e-11
1157,./node_1157_INORM,0.4922270,0.0000001
719,./node_719_INORM,0.5628828,2.2139756e-14
1138,./node_1138_INORM,0.4272089,0.0000001
319,./node_319_INORM,0.3494619,0.0000090
1538,./node_1538_INORM,0.4504815,4.4717259e-10
1919,./node_1919_INORM,0.1999694,0.0044801
1370,./node_1370_INORM,0.4170047,0.0000003
551,./node_551_INORM,0.4775709,3.5861751e-11
1673,./node_1673_INORM,0.2336772,0.0018958
1976,./node_1976_INORM,0.2770530,0.0004711
376,./node_376_INORM,0.3666741,0.0000117
688,./node_688_INORM,0.5003490,2.5165553e-11
1557,./node_1557_INORM,0.3182891,0.0000211
1054,./node_1054_INORM,0.5412267,6.017473e-13
675,./node_675_INORM,0.5811298,5.9497955e-15
95,./node_95_INORM,0.5436215,4.6949134e-13
970,./node_970_INORM,0.4794750,5.7354695e-10
68,./node_68_INORM,0.3872485,0.0000001
913,./node_913_INORM,0.3216809,0.0000944
1534,./node_1534_INORM,0.2728169,0.0002395
315,./node_315_INORM,0.5299114,7.741061e-12
616,./node_616_INORM,0.5298836,2.5529148e-13
1037,./node_1037_INORM,0.5117293,1.6700077e-10
1915,./node_1915_INORM,0.2041494,0.0063568
532,./node_532_INORM,0.5486956,6.73924e-13
1313,./node_1313_INORM,0.4751187,3.8879821e-09
1610,./node_1610_INORM,0.3394954,0.0000285
1682,./node_1682_INORM,0.2638378,0.0006923
1381,./node_1381_INORM,0.3607028,0.0000013
1987,./node_1987_INORM,0.3027880,0.0000971
684,./node_684_INORM,0.4930105,5.133071e-11
387,./node_387_INORM,0.5432667,2.3423961e-12
679,./node_679_INORM,0.5314588,3.2107864e-12
1058,./node_1058_INORM,0.4914268,9.2492575e-09
981,./node_981_INORM,0.3824536,0.0000092
99,./node_99_INORM,0.3415829,0.0000049
64,./node_64_INORM,0.4663394,3.3421936e-10
1884,./node_1884_INORM,0.1751971,0.0149720
1879,./node_1879_INORM,0.1626083,0.0214297
1781,./node_1781_INORM,0.1612525,0.0210032
1282,./node_1282_INORM,0.5456651,4.7369818e-12
882,./node_882_INORM,0.6033865,1.2861332e-15
279,./node_279_INORM,0.4915150,1.0217499e-10
787,./node_787_INORM,0.4924464,1.9029141e-11
1458,./node_1458_INORM,0.4000628,0.0000002
284,./node_284_INORM,0.3621732,0.0000027
216,./node_216_INORM,0.4148785,0.0000001
1437,./node_1437_INORM,0.2679826,0.0004156
1134,./node_1134_INORM,0.2734143,0.0005622
715,./node_715_INORM,0.4531090,2.9559257e-08
810,./node_810_INORM,0.4322358,0.0000002
1210,./node_1210_INORM,0.4200375,0.0000003
431,./node_431_INORM,0.5243330,4.8533267e-12
132,./node_132_INORM,0.4059950,0.0000001
1713,./node_1713_INORM,0.1988270,0.0074489
2045,./node_2045_INORM,0.2430350,0.0013174
1816,./node_1816_INORM,0.1532987,0.0267066
581,./node_581_INORM,0.5554560,7.5845645e-13
45,./node_45_INORM,0.4802323,9.5342135e-11
1084,./node_1084_INORM,0.4649680,0.0000005
658,./node_658_INORM,0.5287710,1.300354e-12
1079,./node_1079_INORM,0.2198924,0.0041941
1587,./node_1587_INORM,0.3348578,0.0000132
1515,./node_1515_INORM,0.4676833,0.0000001
334,./node_334_INORM,0.5397903,1.5550248e-11
637,./node_637_INORM,0.5024161,1.0538278e-11
1016,./node_1016_INORM,0.2035399,0.0061222
932,./node_932_INORM,0.4953060,9.8566575e-11
513,./node_513_INORM,0.4213788,1.9354943e-08
1332,./node_1332_INORM,0.4843147,7.052627e-09
1631,./node_1631_INORM,0.3638416,0.0000007
1934,./node_1934_INORM,0.2241249,0.0034439
831,./node_831_INORM,0.3685403,0.0000083
237,./node_237_INORM,0.4267402,0.0000001
1416,./node_1416_INORM,0.4026843,0.0000002
1115,./node_1115_INORM,0.4792763,2.8490227e-09
734,./node_734_INORM,0.5661364,1.3135317e-14
1837,./node_1837_INORM,0.2476800,0.0007183
1231,./node_1231_INORM,0.2481609,0.0024354
410,./node_410_INORM,0.5167409,8.255343e-12
113,./node_113_INORM,0.3388264,0.0000083
1732,./node_1732_INORM,0.2821824,0.0003295
181,./node_181_INORM,0.4363015,1.5767052e-08
482,./node_482_INORM,0.3819134,0.0000090
1858,./node_1858_INORM,0.2144562,0.0027065
258,./node_258_INORM,0.5500170,6.953544e-13
1187,./node_1187_INORM,0.4054289,0.0000006
1479,./node_1479_INORM,0.4735502,6.7000465e-10
1484,./node_1484_INORM,0.3514235,0.0000046
263,./node_263_INORM,0.4304072,2.7856263e-08
1442,./node_1442_INORM,0.3906999,0.0000009
1141,./node_1141_INORM,0.4196002,0.0000002
760,./node_760_INORM,0.6027533,1.9158107e-16
898,./node_898_INORM,0.5676125,2.0558883e-14
865,./node_865_INORM,0.3740439,0.0000080
1265,./node_1265_INORM,0.4191795,0.0000003
444,./node_444_INORM,0.5357320,3.2992489e-12
147,./node_147_INORM,0.5392276,1.9406776e-13
1766,./node_1766_INORM,0.2004063,0.0071096
1298,./node_1298_INORM,0.3940179,0.0000014
2030,./node_2030_INORM,0.3034012,0.0000644
1863,./node_1863_INORM,0.2686934,0.0000744
128,./node_128_INORM,0.3385226,0.0000078
1709,./node_1709_INORM,0.3213640,0.0000217
528,./node_528_INORM,0.4482276,0.0000001
1309,./node_1309_INORM,0.4844455,6.6331855e-09
11,./node_11_INORM,0.4255090,1.1340213e-08
909,./node_909_INORM,0.5701553,2.3446129e-13
83,./node_83_INORM,0.4574557,8.421635e-10
966,./node_966_INORM,0.3506898,0.0000339
1541,./node_1541_INORM,0.3108282,0.0000256
360,./node_360_INORM,0.5445872,7.3074405e-12
663,./node_663_INORM,0.5718681,1.1454752e-14
1042,./node_1042_INORM,0.2408995,0.0023929
1960,./node_1960_INORM,0.1633530,0.0160042
547,./node_547_INORM,0.4400040,0.0000003
1698,./node_1698_INORM,0.2918478,0.0001590
1366,./node_1366_INORM,0.4216491,0.0000003
1665,./node_1665_INORM,0.3283379,0.0000163
109,./node_109_INORM,0.4103535,0.0000001
1728,./node_1728_INORM,0.3911134,1.1106283e-08
844,./node_844_INORM,0.5765780,5.5393705e-15
242,./node_242_INORM,0.4279606,1.3763633e-08
1463,./node_1463_INORM,0.4573101,2.0099964e-09
1160,./node_1160_INORM,0.2934463,0.0000663
741,./node_741_INORM,0.5887059,4.3121871e-15
2011,./node_2011_INORM,0.2493959,0.0010932
1842,./node_1842_INORM,0.2643302,0.0000834
1244,./node_1244_INORM,0.5332137,3.4645223e-11
465,./node_465_INORM,0.4829067,3.059779e-11
498,./node_498_INORM,0.4446701,3.7259891e-09
166,./node_166_INORM,0.4353006,4.3365859e-09
1747,./node_1747_INORM,0.2847478,0.0000338
1560,./node_1560_INORM,0.4329196,3.9371208e-08
341,./node_341_INORM,0.4761324,4.4707402e-10
642,./node_642_INORM,0.5821448,1.5619817e-15
9,./node_9_INORM,0.4383611,4.0308435e-09
1063,./node_1063_INORM,0.4548442,8.7714365e-09
947,./node_947_INORM,0.5487309,3.1476414e-13
566,./node_566_INORM,0.3872577,0.0000083
1347,./node_1347_INORM,0.3720800,0.0000020
1644,./node_1644_INORM,0.4468136,1.0403437e-08
1941,./node_1941_INORM,0.1860067,0.0079466
509,./node_509_INORM,0.4192071,3.1570877e-08
1328,./node_1328_INORM,0.4009376,0.0000002
30,./node_30_INORM,0.4368059,1.1769715e-08
928,./node_928_INORM,0.5724423,3.7466387e-13
1092,./node_1092_INORM,0.2540330,0.0015738
1591,./node_1591_INORM,0.3904043,0.0000003
5,./node_5_INORM,0.4610920,5.06015e-10
53,./node_53_INORM,0.5590106,3.6088401e-14
597,./node_597_INORM,0.4775779,1.2624561e-10
1648,./node_1648_INORM,0.2985053,0.0001392
1922,./node_1922_INORM,0.2962138,0.0000761
1324,./node_1324_INORM,0.4101647,0.0000002
505,./node_505_INORM,0.5117042,6.0176095e-12
1627,./node_1627_INORM,0.4341825,5.2442795e-09
924,./node_924_INORM,0.5641108,8.076914e-14
322,./node_322_INORM,0.3940625,0.0000009
1503,./node_1503_INORM,0.3875894,0.0000005
1000,./node_1000_INORM,0.5202920,4.2772728e-12
621,./node_621_INORM,0.4828852,7.290664e-11
406,./node_406_INORM,0.5602105,8.9213195e-13
1227,./node_1227_INORM,0.3469205,0.0000023
1724,./node_1724_INORM,0.3148368,0.0000735
105,./node_105_INORM,0.5583229,5.3779455e-14
1821,./node_1821_INORM,0.1459730,0.0340761
1400,./node_1400_INORM,0.3880407,0.0000004
221,./node_221_INORM,0.5542471,4.2747647e-14
722,./node_722_INORM,0.5466943,2.0139039e-12
1103,./node_1103_INORM,0.2321735,0.0026752
827,./node_827_INORM,0.3336085,0.0000478
848,./node_848_INORM,0.5900652,5.0419255e-15
1191,./node_1191_INORM,0.5596874,2.1307054e-13
1492,./node_1492_INORM,0.3058377,0.0000299
469,./node_469_INORM,0.5074349,1.9860791e-11
197,./node_197_INORM,0.4485489,1.5819449e-09
1248,./node_1248_INORM,0.3930755,0.0000031
494,./node_494_INORM,0.5402858,1.2799295e-11
1305,./node_1305_INORM,0.4579053,3.2595059e-08
524,./node_524_INORM,0.3739858,0.0000150
1606,./node_1606_INORM,0.2358655,0.0014463
1903,./node_1903_INORM,0.2096547,0.0042156
303,./node_303_INORM,0.5275790,5.1096855e-13
1522,./node_1522_INORM,0.3243218,0.0000128
1021,./node_1021_INORM,0.5100255,7.2847575e-11
600,./node_600_INORM,0.5581389,3.1467405e-13
905,./node_905_INORM,0.3560896,0.0000187
997,./node_997_INORM,0.5334775,3.8187757e-11
72,./node_72_INORM,0.3987317,0.0000004
692,./node_692_INORM,0.5641239,1.3550284e-14
391,./node_391_INORM,0.5651980,6.976622e-13
1991,./node_1991_INORM,0.2089294,0.0048738
1694,./node_1694_INORM,0.1840894,0.0100006
1669,./node_1669_INORM,0.2799547,0.0002804
1397,./node_1397_INORM,0.3833857,0.0000016
791,./node_791_INORM,0.6058917,5.4016435e-16
292,./node_292_INORM,0.5004699,1.1282872e-10
894,./node_894_INORM,0.5258874,4.0863514e-11
869,./node_869_INORM,0.5102227,1.1904842e-10
448,./node_448_INORM,0.5027565,2.4561739e-11
1797,./node_1797_INORM,0.3279889,0.0000230
1269,./node_1269_INORM,0.4916623,7.6950605e-10
1294,./node_1294_INORM,0.4483654,1.2403718e-08
1892,./node_1892_INORM,0.3217980,0.0000221
1800,./node_1800_INORM,0.1664897,0.0184901
427,./node_427_INORM,0.5432577,7.535687e-12
1206,./node_1206_INORM,0.2799713,0.0008713
1705,./node_1705_INORM,0.2924109,0.0001113
124,./node_124_INORM,0.4418643,2.9457481e-08
806,./node_806_INORM,0.5297400,1.7703278e-12
1421,./node_1421_INORM,0.4896783,4.8991247e-10
200,./node_200_INORM,0.5069559,3.1357812e-11
703,./node_703_INORM,0.5725046,6.490188e-15
1122,./node_1122_INORM,0.2261362,0.0042216
1670,./node_1670_INORM,0.4276143,4.6143142e-08
552,./node_552_INORM,0.5224068,1.5868969e-11
1373,./node_1373_INORM,0.5148879,1.3612681e-08
1975,./node_1975_INORM,0.1570521,0.0220576
1988,./node_1988_INORM,0.2973625,0.0000779
388,./node_388_INORM,0.3958425,0.0000012
676,./node_676_INORM,0.5767725,5.9475465e-15
1057,./node_1057_INORM,0.4706336,1.1023667e-09
1554,./node_1554_INORM,0.3244359,0.0000143
375,./node_375_INORM,0.4495370,1.6452908e-10
973,./node_973_INORM,0.5176805,6.924478e-11
96,./node_96_INORM,0.5572050,7.0177e-14
619,./node_619_INORM,0.4076891,0.0000021
1038,./node_1038_INORM,0.4944399,4.7963725e-10
219,./node_219_INORM,0.4338289,1.1158694e-08
1438,./node_1438_INORM,0.4241596,0.0000001
1819,./node_1819_INORM,0.1325941,0.0473054
1876,./node_1876_INORM,0.1401502,0.0394128
2025,./node_2025_INORM,0.3126999,0.0000428
152,./node_152_INORM,0.4131353,0.0000001
1773,./node_1773_INORM,0.3336477,0.0000119
1270,./node_1270_INORM,0.4090900,0.0000006
451,./node_451_INORM,0.4079513,0.0000015
870,./node_870_INORM,0.5711374,6.6723295e-15
1154,./node_1154_INORM,0.2704279,0.0003916
775,./node_775_INORM,0.5844557,1.0183177e-15
276,./node_276_INORM,0.3615945,0.0000024
788,./node_788_INORM,0.5593234,1.8494051e-12
1457,./node_1457_INORM,0.4229495,3.9228929e-08
638,./node_638_INORM,0.4622459,3.6131075e-11
1019,./node_1019_INORM,0.3964773,0.0000033
25,./node_25_INORM,0.5089294,5.441508e-12
1954,./node_1954_INORM,0.1911079,0.0072112
1651,./node_1651_INORM,0.2087625,0.0048186
573,./node_573_INORM,0.5686504,2.2823886e-13
1352,./node_1352_INORM,0.5134654,1.4645154e-08
952,./node_952_INORM,0.5252842,2.105118e-11
657,./node_657_INORM,0.5730682,1.3910513e-14
1076,./node_1076_INORM,0.5408954,2.0410922e-12
1588,./node_1588_INORM,0.2732905,0.0002091
1575,./node_1575_INORM,0.2526040,0.0007582
354,./node_354_INORM,0.4586342,1.1411328e-10
173,./node_173_INORM,0.5789433,7.0635975e-15
1752,./node_1752_INORM,0.1596539,0.0229239
1251,./node_1251_INORM,0.2938037,0.0000906
470,./node_470_INORM,0.4732768,4.1574894e-11
1857,./node_1857_INORM,0.2515897,0.0009645
2004,./node_2004_INORM,0.1880889,0.0097260
1175,./node_1175_INORM,0.5116147,6.587215e-11
754,./node_754_INORM,0.5401665,1.062637e-12
257,./node_257_INORM,0.5263941,1.7996577e-12
1188,./node_1188_INORM,0.3331306,0.0000090
1476,./node_1476_INORM,0.3675423,0.0000018
851,./node_851_INORM,0.5684685,4.8652559e-15
238,./node_238_INORM,0.4084867,0.0000002
1419,./node_1419_INORM,0.5031906,5.5726285e-09
1838,./node_1838_INORM,0.2396933,0.0009654
481,./node_481_INORM,0.3811531,0.0000097
182,./node_182_INORM,0.4220697,3.8714167e-08
2008,./node_2008_INORM,0.1181198,0.0655034
758,./node_758_INORM,0.5908021,2.260264e-15
1179,./node_1179_INORM,0.2720529,0.0003304
1487,./node_1487_INORM,0.4513824,6.81362e-09
1184,./node_1184_INORM,0.3923505,0.0000129
832,./node_832_INORM,0.5793605,2.6852866e-15
737,./node_737_INORM,0.4996700,1.6519522e-09
1116,./node_1116_INORM,0.2745820,0.0007016
1415,./node_1415_INORM,0.5179419,1.4866311e-12
234,./node_234_INORM,0.5089573,3.1977507e-12
1834,./node_1834_INORM,0.1592778,0.0231053
1731,./node_1731_INORM,0.2844326,0.0001465
110,./node_110_INORM,0.4429620,2.2119935e-09
413,./node_413_INORM,0.5349641,3.6889477e-12
1232,./node_1232_INORM,0.3071043,0.0001485
1015,./node_1015_INORM,0.4585298,2.4520672e-09
634,./node_634_INORM,0.4940014,2.3754891e-10
337,./node_337_INORM,0.4683272,3.829832e-09
1516,./node_1516_INORM,0.3892943,0.0000004
931,./node_931_INORM,0.2968671,0.0002486
29,./node_29_INORM,0.4163144,1.8482801e-08
1632,./node_1632_INORM,0.2220162,0.0030048
1331,./node_1331_INORM,0.3391546,0.0000050
510,./node_510_INORM,0.4841346,3.9848024e-11
1937,./node_1937_INORM,0.3512512,0.0000079
1958,./node_1958_INORM,0.2686004,0.0007304
582,./node_582_INORM,0.5139577,3.3503956e-12
46,./node_46_INORM,0.4184171,1.6511576e-08
1584,./node_1584_INORM,0.3395360,0.0000190
358,./node_358_INORM,0.5281506,1.4219325e-11
1087,./node_1087_INORM,0.5045697,4.9070086e-10
1579,./node_1579_INORM,0.3086545,0.0000539
716,./node_716_INORM,0.5377560,1.1393323e-11
1137,./node_1137_INORM,0.2895061,0.0003885
1434,./node_1434_INORM,0.3219675,0.0000916
215,./node_215_INORM,0.4737438,1.8445791e-10
813,./node_813_INORM,0.5398284,2.8268081e-12
1710,./node_1710_INORM,0.2911345,0.0001136
131,./node_131_INORM,0.4278495,3.3472203e-08
432,./node_432_INORM,0.3730466,0.0000124
1213,./node_1213_INORM,0.3272524,0.0000033
1815,./node_1815_INORM,0.1505001,0.0289073
2046,./node_2046_INORM,0.2811960,0.0002576
1887,./node_1887_INORM,0.1764591,0.0147710
2029,./node_2029_INORM,0.2607887,0.0005220
1281,./node_1281_INORM,0.4325369,0.0000001
1782,./node_1782_INORM,0.2515612,0.0003689
881,./node_881_INORM,0.5597352,1.5765678e-12
287,./node_287_INORM,0.3704704,0.0000039
779,./node_779_INORM,0.5995787,6.579531e-16
1158,./node_1158_INORM,0.2823649,0.0002147
784,./node_784_INORM,0.4693205,8.7182255e-09
1382,./node_1382_INORM,0.5018294,1.5277107e-09
1681,./node_1681_INORM,0.2078584,0.0048744
1979,./node_1979_INORM,0.1440378,0.0316431
1984,./node_1984_INORM,0.2534585,0.0008829
384,./node_384_INORM,0.4200404,0.0000001
379,./node_379_INORM,0.3648853,0.0000127
687,./node_687_INORM,0.4380172,0.0000004
1558,./node_1558_INORM,0.4606253,3.0940145e-11
67,./node_67_INORM,0.5325269,8.308404e-13
982,./node_982_INORM,0.5245750,2.0935769e-11
910,./node_910_INORM,0.5683862,1.1966434e-14
1034,./node_1034_INORM,0.5429064,3.7117292e-12
615,./node_615_INORM,0.4639650,3.7957631e-10
316,./node_316_INORM,0.4567729,4.1205417e-08
1537,./node_1537_INORM,0.4379240,0.0000007
1916,./node_1916_INORM,0.1925834,0.0046110
1613,./node_1613_INORM,0.3332790,0.0000127
1310,./node_1310_INORM,0.4563589,3.7518879e-08
531,./node_531_INORM,0.5585297,2.2017795e-12
1628,./node_1628_INORM,0.4222471,6.307476e-10
33,./node_33_INORM,0.4513234,6.443487e-10
1060,./node_1060_INORM,0.3283780,0.0001024
641,./node_641_INORM,0.5705527,2.6960087e-14
342,./node_342_INORM,0.4020339,0.0000004
1563,./node_1563_INORM,0.4774934,6.096693e-09
944,./node_944_INORM,0.4813730,1.0992929e-09
598,./node_598_INORM,0.4873346,4.9691289e-11
1647,./node_1647_INORM,0.4195889,3.062682e-08
1344,./node_1344_INORM,0.4779781,1.4740327e-09
565,./node_565_INORM,0.5117943,2.3167457e-11
1942,./node_1942_INORM,0.2480112,0.0012231
847,./node_847_INORM,0.5677878,9.9287495e-14
742,./node_742_INORM,0.5951915,3.2677147e-16
1163,./node_1163_INORM,0.5148390,7.7831395e-11
1460,./node_1460_INORM,0.4700975,2.8922116e-10
241,./node_241_INORM,0.5193264,5.3712485e-12
1841,./node_1841_INORM,0.1365291,0.0422745
2012,./node_2012_INORM,0.3189811,0.0000348
1744,./node_1744_INORM,0.4174691,1.4270355e-08
165,./node_165_INORM,0.3678190,0.0000040
466,./node_466_INORM,0.4524661,2.3120562e-09
198,./node_198_INORM,0.4821190,8.6033865e-11
1247,./node_1247_INORM,0.3163552,0.0002429
409,./node_409_INORM,0.5130774,2.4584295e-11
1228,./node_1228_INORM,0.5440240,4.243651e-13
828,./node_828_INORM,0.5067461,1.8489055e-11
965,./node_965_INORM,0.5372382,9.9298595e-12
80,./node_80_INORM,0.4050346,3.9108725e-08
998,./node_998_INORM,0.5030595,9.385999e-11
1041,./node_1041_INORM,0.1927659,0.0079892
660,./node_660_INORM,0.4746788,1.5657904e-08
363,./node_363_INORM,0.5480104,1.7506582e-12
1542,./node_1542_INORM,0.2801379,0.0002028
1963,./node_1963_INORM,0.2827689,0.0002284
1666,./node_1666_INORM,0.3015353,0.0000657
1398,./node_1398_INORM,0.4213488,0.0000002
1365,./node_1365_INORM,0.3943742,0.0000009
544,./node_544_INORM,0.4109019,0.0000023
1609,./node_1609_INORM,0.3564286,0.0000028
12,./node_12_INORM,0.4817115,5.153916e-11
428,./node_428_INORM,0.4389040,3.5328125e-08
1209,./node_1209_INORM,0.3788546,0.0000179
809,./node_809_INORM,0.5814755,2.7509237e-15
763,./node_763_INORM,0.4584049,0.0000001
1142,./node_1142_INORM,0.3364003,0.0000953
1441,./node_1441_INORM,0.4679615,2.5795345e-09
260,./node_260_INORM,0.5548868,4.7366812e-14
866,./node_866_INORM,0.3470173,0.0000258
1765,./node_1765_INORM,0.3457371,0.0000004
144,./node_144_INORM,0.3656885,0.0000012
447,./node_447_INORM,0.4907480,2.1702353e-11
1798,./node_1798_INORM,0.3415738,0.0000073
1266,./node_1266_INORM,0.4907302,8.2032605e-10
1860,./node_1860_INORM,0.1871610,0.0105297
2033,./node_2033_INORM,0.3227269,0.0000316
1803,./node_1803_INORM,0.3809822,0.0000007
127,./node_127_INORM,0.4095823,0.0000001
1706,./node_1706_INORM,0.1784216,0.0132161
1205,./node_1205_INORM,0.5216583,1.5854491e-08
424,./node_424_INORM,0.4955741,7.552997e-11
805,./node_805_INORM,0.6119127,5.0454575e-17
1121,./node_1121_INORM,0.4357436,3.8291598e-08
700,./node_700_INORM,0.4363440,0.0000001
203,./node_203_INORM,0.4954815,1.4096248e-11
1422,./node_1422_INORM,0.4730243,4.5853083e-09
291,./node_291_INORM,0.5641618,3.7336647e-13
792,./node_792_INORM,0.5426586,1.3738959e-12
897,./node_897_INORM,0.6060080,7.43143e-16
148,./node_148_INORM,0.3404809,0.0000110
1769,./node_1769_INORM,0.1841418,0.0124372
1297,./node_1297_INORM,0.3731291,0.0000003
1794,./node_1794_INORM,0.1877334,0.0099124
1891,./node_1891_INORM,0.1855665,0.0109683
71,./node_71_INORM,0.3755865,0.0000011
969,./node_969_INORM,0.5120865,1.2115075e-10
994,./node_994_INORM,0.2771143,0.0005632
392,./node_392_INORM,0.5513105,2.4394776e-12
691,./node_691_INORM,0.5895399,6.8812485e-16
1992,./node_1992_INORM,0.1900564,0.0081809
1394,./node_1394_INORM,0.2880298,0.0001311
548,./node_548_INORM,0.4059108,0.0000001
1697,./node_1697_INORM,0.3259719,0.0000197
1369,./node_1369_INORM,0.5404511,5.1904635e-13
1605,./node_1605_INORM,0.4410008,1.2947577e-10
527,./node_527_INORM,0.4875543,3.4254859e-11
1306,./node_1306_INORM,0.3424499,0.0000025
1900,./node_1900_INORM,0.1772444,0.0146506
603,./node_603_INORM,0.4853904,6.753905e-11
1022,./node_1022_INORM,0.5419537,3.6282232e-13
1521,./node_1521_INORM,0.3282504,0.0000450
300,./node_300_INORM,0.5572586,2.6146135e-12
906,./node_906_INORM,0.5292438,7.1783905e-10
1491,./node_1491_INORM,0.2812783,0.0002114
1192,./node_1192_INORM,0.3565502,0.0000347
497,./node_497_INORM,0.4052453,0.0000001
169,./node_169_INORM,0.3585874,0.0000032
1748,./node_1748_INORM,0.1813189,0.0133750
194,./node_194_INORM,0.3700219,0.0000018
106,./node_106_INORM,0.5590849,2.7730598e-14
1727,./node_1727_INORM,0.3887775,0.0000010
1224,./node_1224_INORM,0.4777332,2.6799047e-09
405,./node_405_INORM,0.4509168,8.9171105e-09
1822,./node_1822_INORM,0.2370263,0.0010098
1100,./node_1100_INORM,0.2220492,0.0029339
721,./node_721_INORM,0.5558997,1.656212e-14
222,./node_222_INORM,0.4920436,2.6605694e-10
1403,./node_1403_INORM,0.2989917,0.0000567
824,./node_824_INORM,0.4940754,1.8034648e-11
1921,./node_1921_INORM,0.1822569,0.0081306
1624,./node_1624_INORM,0.4488676,8.7874205e-11
506,./node_506_INORM,0.4598155,1.5819076e-09
1327,./node_1327_INORM,0.3552765,0.0000070
927,./node_927_INORM,0.5526008,8.63558e-14
622,./node_622_INORM,0.5085446,8.4507045e-12
1003,./node_1003_INORM,0.2023498,0.0061160
1500,./node_1500_INORM,0.3781851,0.0000011
321,./node_321_INORM,0.3777066,0.0000028
6,./node_6_INORM,0.4693251,1.4627522e-10
1592,./node_1592_INORM,0.2439091,0.0010298
1091,./node_1091_INORM,0.5179386,1.7171698e-10
50,./node_50_INORM,0.5399826,1.9978257e-13
948,./node_948_INORM,0.4896048,6.2929475e-10
594,./node_594_INORM,0.4655743,3.23977e-10
569,./node_569_INORM,0.4020794,0.0000039
1348,./node_1348_INORM,0.4749579,1.208908e-09
1818,./node_1818_INORM,0.3372194,0.0000015
218,./node_218_INORM,0.4177433,0.0000001
1439,./node_1439_INORM,0.4891212,1.6664071e-11
789,./node_789_INORM,0.5305260,4.6387669e-12
277,./node_277_INORM,0.3559875,0.0000039
1456,./node_1456_INORM,0.3082657,0.0000394
1155,./node_1155_INORM,0.4822345,4.4673024e-09
774,./node_774_INORM,0.5450818,1.799476e-12
871,./node_871_INORM,0.4998754,2.0162115e-11
1271,./node_1271_INORM,0.3293192,0.0000035
450,./node_450_INORM,0.5176986,3.8725458e-11
153,./node_153_INORM,0.4932063,3.2473769e-11
1772,./node_1772_INORM,0.2893831,0.0002020
2024,./node_2024_INORM,0.1155196,0.0706238
1877,./node_1877_INORM,0.1732085,0.0154847
97,./node_97_INORM,0.5301771,8.908279e-13
972,./node_972_INORM,0.5009954,1.6786281e-11
1555,./node_1555_INORM,0.3458976,0.0000064
374,./node_374_INORM,0.4248712,0.0000001
677,./node_677_INORM,0.4534378,4.5161039e-08
389,./node_389_INORM,0.4876873,4.655356e-10
1056,./node_1056_INORM,0.4609672,3.4593718e-09
1989,./node_1989_INORM,0.3005430,0.0001866
1974,./node_1974_INORM,0.3056494,0.0000686
553,./node_553_INORM,0.4819827,5.2123695e-11
1372,./node_1372_INORM,0.4905654,2.6177855e-08
1671,./node_1671_INORM,0.4216127,8.8659245e-10
618,./node_618_INORM,0.5462658,4.8629635e-13
1039,./node_1039_INORM,0.1932743,0.0075163
850,./node_850_INORM,0.5538418,1.4269077e-14
256,./node_256_INORM,0.5305684,1.1573454e-12
1477,./node_1477_INORM,0.2499224,0.0006691
1189,./node_1189_INORM,0.3066737,0.0001255
1174,./node_1174_INORM,0.2583308,0.0003214
755,./node_755_INORM,0.5698003,1.9319977e-13
2005,./node_2005_INORM,0.3084216,0.0000514
1856,./node_1856_INORM,0.1808988,0.0109490
1250,./node_1250_INORM,0.4837586,6.7328725e-10
471,./node_471_INORM,0.3957771,0.0000002
172,./node_172_INORM,0.5137124,2.9551037e-12
1753,./node_1753_INORM,0.3742027,0.0000007
1839,./node_1839_INORM,0.2334610,0.0005320
239,./node_239_INORM,0.4803529,2.9318997e-11
1418,./node_1418_INORM,0.4668974,1.6383462e-09
24,./node_24_INORM,0.4158354,3.0784675e-08
639,./node_639_INORM,0.5694647,4.5209992e-14
1018,./node_1018_INORM,0.2287982,0.0029449
1574,./node_1574_INORM,0.4365974,3.1803896e-09
355,./node_355_INORM,0.4600382,2.6476385e-09
656,./node_656_INORM,0.5285596,6.857427e-13
1589,./node_1589_INORM,0.3517614,0.0000047
1077,./node_1077_INORM,0.2277997,0.0035291
953,./node_953_INORM,0.5061250,1.1452995e-11
572,./node_572_INORM,0.4155607,0.0000019
1353,./node_1353_INORM,0.4681584,3.9323467e-08
1650,./node_1650_INORM,0.3902030,0.0000005
1955,./node_1955_INORM,0.3013343,0.0000606
1936,./node_1936_INORM,0.1731874,0.0106856
1330,./node_1330_INORM,0.5134314,7.153258e-09
511,./node_511_INORM,0.4523568,0.0000001
1633,./node_1633_INORM,0.3595177,0.0000030
930,./node_930_INORM,0.5686024,5.0891035e-13
28,./node_28_INORM,0.4495180,1.01802e-09
336,./node_336_INORM,0.5254546,3.3202147e-12
1517,./node_1517_INORM,0.3252313,0.0000110
1014,./node_1014_INORM,0.5242566,6.5690695e-11
635,./node_635_INORM,0.4907075,3.6993072e-11
359,./node_359_INORM,0.3738762,0.0000041
1578,./node_1578_INORM,0.4664958,3.1716266e-11
1086,./node_1086_INORM,0.2867490,0.0006068
1585,./node_1585_INORM,0.2283414,0.0018310
47,./node_47_INORM,0.4899855,1.5289825e-10
583,./node_583_INORM,0.5493905,2.6763749e-13
1959,./node_1959_INORM,0.3289557,0.0000214
1185,./node_1185_INORM,0.3136685,0.0000119
759,./node_759_INORM,0.3925935,0.0000022
1486,./node_1486_INORM,0.3196504,0.0000274
1178,./node_1178_INORM,0.4653408,0.0000001
2009,./node_2009_INORM,0.2951798,0.0001976
183,./node_183_INORM,0.3861910,0.0000003
480,./node_480_INORM,0.5418572,8.890668e-12
412,./node_412_INORM,0.4699486,1.3015781e-09
1233,./node_1233_INORM,0.3534908,0.0000008
1730,./node_1730_INORM,0.1683563,0.0173570
111,./node_111_INORM,0.5655216,2.2118286e-14
1835,./node_1835_INORM,0.2785755,0.0002437
1414,./node_1414_INORM,0.3867580,0.0000235
235,./node_235_INORM,0.5752828,8.68434e-15
736,./node_736_INORM,0.5147186,6.723677e-11
1117,./node_1117_INORM,0.2351837,0.0021534
833,./node_833_INORM,0.3684353,0.0000079
983,./node_983_INORM,0.2063638,0.0051601
66,./node_66_INORM,0.5396849,3.5816169e-13
686,./node_686_INORM,0.4175648,0.0000008
378,./node_378_INORM,0.5401442,4.0258487e-12
1559,./node_1559_INORM,0.4519846,4.0285557e-09
385,./node_385_INORM,0.5815103,2.1124122e-13
1985,./node_1985_INORM,0.3215873,0.0000508
1978,./node_1978_INORM,0.1193436,0.0589307
1680,./node_1680_INORM,0.3326646,0.0000108
1383,./node_1383_INORM,0.5117567,8.3526195e-09
1311,./node_1311_INORM,0.4798194,1.0626467e-09
530,./node_530_INORM,0.5114621,2.86893e-12
1612,./node_1612_INORM,0.4475495,2.6784022e-08
1917,./node_1917_INORM,0.2074138,0.0022949
317,./node_317_INORM,0.4715701,7.3739695e-11
1536,./node_1536_INORM,0.3447818,0.0000232
1035,./node_1035_INORM,0.4618385,4.4636966e-09
614,./node_614_INORM,0.4873251,4.8294087e-11
911,./node_911_INORM,0.5034270,7.9150125e-11
2047,./node_2047_INORM,0.2759721,0.0002911
1814,./node_1814_INORM,0.1532873,0.0267862
433,./node_433_INORM,0.4168393,0.0000006
1212,./node_1212_INORM,0.4337336,0.0000001
1711,./node_1711_INORM,0.3398381,0.0000005
130,./node_130_INORM,0.3650094,0.0000010
812,./node_812_INORM,0.6052664,8.553472e-16
1435,./node_1435_INORM,0.2507785,0.0009838
214,./node_214_INORM,0.4433100,4.817889e-08
717,./node_717_INORM,0.5955002,4.140185e-16
1136,./node_1136_INORM,0.2900338,0.0003284
785,./node_785_INORM,0.5659607,2.2210998e-14
778,./node_778_INORM,0.5487943,1.6603815e-13
286,./node_286_INORM,0.5472395,2.0195732e-12
1159,./node_1159_INORM,0.5214663,2.1867695e-12
880,./node_880_INORM,0.5844576,1.0086834e-14
1783,./node_1783_INORM,0.3737633,0.0000013
1280,./node_1280_INORM,0.3434245,0.0000072
2028,./node_2028_INORM,0.1876711,0.0092376
1886,./node_1886_INORM,0.2066626,0.0052310
199,./node_199_INORM,0.3604791,0.0000043
467,./node_467_INORM,0.5578863,9.5349795e-13
1246,./node_1246_INORM,0.4880682,4.3778186e-09
1745,./node_1745_INORM,0.1626879,0.0208092
164,./node_164_INORM,0.4369331,9.1258395e-09
2013,./node_2013_INORM,0.3240718,0.0000324
1840,./node_1840_INORM,0.1422514,0.0374126
1461,./node_1461_INORM,0.3315008,0.0000147
240,./node_240_INORM,0.4208214,2.9373453e-08
743,./node_743_INORM,0.4896470,2.2829805e-11
1162,./node_1162_INORM,0.3213507,0.0001452
846,./node_846_INORM,0.3741809,0.0000062
829,./node_829_INORM,0.5694586,3.399399e-15
408,./node_408_INORM,0.4211761,0.0000002
1229,./node_1229_INORM,0.4316968,1.7951751e-08
32,./node_32_INORM,0.5107272,4.0415784e-12
1629,./node_1629_INORM,0.3652699,0.0000002
1943,./node_1943_INORM,0.3027463,0.0000693
1345,./node_1345_INORM,0.4459792,8.1837015e-09
564,./node_564_INORM,0.4746867,4.0836644e-10
599,./node_599_INORM,0.5650427,1.1252498e-13
1646,./node_1646_INORM,0.3236159,0.0000208
945,./node_945_INORM,0.4958338,4.0333254e-10
343,./node_343_INORM,0.3814014,0.0000021
1562,./node_1562_INORM,0.2660449,0.0004586
1061,./node_1061_INORM,0.4735935,2.0768322e-09
640,./node_640_INORM,0.4877886,1.9110114e-11
808,./node_808_INORM,0.6029688,7.403523e-17
429,./node_429_INORM,0.4559401,1.0986099e-10
1208,./node_1208_INORM,0.4885398,6.989573e-10
2032,./node_2032_INORM,0.2862173,0.0001726
1861,./node_1861_INORM,0.3459723,0.0000064
446,./node_446_INORM,0.4527251,2.0512481e-09
1267,./node_1267_INORM,0.4246773,0.0000010
1799,./node_1799_INORM,0.3027243,0.0000628
1764,./node_1764_INORM,0.3824346,0.0000009
145,./node_145_INORM,0.5724228,1.7301113e-14
867,./node_867_INORM,0.5743446,7.928456e-14
1440,./node_1440_INORM,0.4996801,1.5567779e-08
261,./node_261_INORM,0.4706373,1.1995413e-08
762,./node_762_INORM,0.5783804,2.212814e-14
1143,./node_1143_INORM,0.4577687,3.6549514e-09
1364,./node_1364_INORM,0.5180830,2.1432712e-12
545,./node_545_INORM,0.4512870,1.2644428e-09
1399,./node_1399_INORM,0.3868175,0.0000011
1667,./node_1667_INORM,0.1917479,0.0081604
1962,./node_1962_INORM,0.3052978,0.0000968
362,./node_362_INORM,0.5595702,5.5544165e-13
1543,./node_1543_INORM,0.3965011,0.0000004
1040,./node_1040_INORM,0.5322678,6.2398505e-11
661,./node_661_INORM,0.4700722,9.9040295e-11
81,./node_81_INORM,0.4155502,2.8284466e-08
999,./node_999_INORM,0.5186430,1.9540416e-11
964,./node_964_INORM,0.5583942,1.2549983e-13
13,./node_13_INORM,0.4811365,5.156115e-11
1608,./node_1608_INORM,0.2349118,0.0014473
549,./node_549_INORM,0.5146980,1.4596285e-11
1368,./node_1368_INORM,0.3609863,0.0000042
1696,./node_1696_INORM,0.2355697,0.0020224
1395,./node_1395_INORM,0.3451566,0.0000031
1993,./node_1993_INORM,0.1211297,0.0573422
690,./node_690_INORM,0.5346749,6.534841e-13
393,./node_393_INORM,0.3770740,0.0000093
995,./node_995_INORM,0.5859361,7.9888305e-13
70,./node_70_INORM,0.3479105,0.0000029
968,./node_968_INORM,0.4843838,8.2054995e-10
907,./node_907_INORM,0.5741718,7.5351375e-14
1520,./node_1520_INORM,0.2880218,0.0001139
301,./node_301_INORM,0.4691317,8.836729e-10
602,./node_602_INORM,0.5365375,2.0715513e-12
1023,./node_1023_INORM,0.4960025,5.5287395e-10
1901,./node_1901_INORM,0.2894241,0.0001549
526,./node_526_INORM,0.3786440,0.0000117
1307,./node_1307_INORM,0.3276156,0.0000338
1604,./node_1604_INORM,0.2399960,0.0010835
202,./node_202_INORM,0.5026869,6.5443005e-12
1423,./node_1423_INORM,0.3272393,0.0000115
1120,./node_1120_INORM,0.2592031,0.0009585
701,./node_701_INORM,0.4894344,1.7796416e-11
804,./node_804_INORM,0.5006850,5.8518485e-12
1204,./node_1204_INORM,0.3342858,0.0000043
425,./node_425_INORM,0.5419595,2.0854402e-12
126,./node_126_INORM,0.4636309,3.9279985e-10
1707,./node_1707_INORM,0.4322694,2.4278119e-09
1802,./node_1802_INORM,0.3158837,0.0000038
1890,./node_1890_INORM,0.2991011,0.0001023
1795,./node_1795_INORM,0.1570019,0.0255734
149,./node_149_INORM,0.5669571,1.1917567e-14
1296,./node_1296_INORM,0.5079258,2.7393877e-10
1768,./node_1768_INORM,0.1700211,0.0160775
896,./node_896_INORM,0.5687709,3.4436666e-13
793,./node_793_INORM,0.5854311,2.2174359e-15
290,./node_290_INORM,0.5625478,2.2355871e-13
1501,./node_1501_INORM,0.4768447,5.476187e-10
320,./node_320_INORM,0.4865002,1.7345388e-10
623,./node_623_INORM,0.4753519,8.10495e-11
1002,./node_1002_INORM,0.2159867,0.0041748
926,./node_926_INORM,0.5480312,8.9134745e-13
507,./node_507_INORM,0.4644548,8.2611685e-10
1326,./node_1326_INORM,0.4995933,7.312284e-09
1625,./node_1625_INORM,0.2305666,0.0020427
1920,./node_1920_INORM,0.2974421,0.0000728
568,./node_568_INORM,0.4734698,2.9378321e-10
1349,./node_1349_INORM,0.4125268,0.0000001
595,./node_595_INORM,0.4632894,3.9185985e-10
51,./node_51_INORM,0.3607080,0.0000012
949,./node_949_INORM,0.4791957,1.1791999e-08
1090,./node_1090_INORM,0.5031929,1.9153912e-10
7,./node_7_INORM,0.4575524,3.0585395e-10
1593,./node_1593_INORM,0.2893065,0.0001834
195,./node_195_INORM,0.4301424,1.732487e-08
168,./node_168_INORM,0.4193299,0.0000001
496,./node_496_INORM,0.4199648,0.0000010
1749,./node_1749_INORM,0.1667289,0.0186078
1193,./node_1193_INORM,0.4822987,2.3968307e-09
1490,./node_1490_INORM,0.4590404,2.6932284e-09
825,./node_825_INORM,0.5930977,2.5225007e-15
223,./node_223_INORM,0.4202085,2.3640264e-08
1402,./node_1402_INORM,0.3135930,0.0000196
1101,./node_1101_INORM,0.5540412,3.8475701e-13
720,./node_720_INORM,0.5843455,1.3022247e-15
1823,./node_1823_INORM,0.1750097,0.0157934
1225,./node_1225_INORM,0.4388938,0.0000014
404,./node_404_INORM,0.5534178,1.116106e-12
107,./node_107_INORM,0.4049994,4.8687779e-08
1726,./node_1726_INORM,0.4228174,1.0464904e-09
1982,./node_1982_INORM,0.1837061,0.0105293
1379,./node_1379_INORM,0.4031462,0.0000006
1687,./node_1687_INORM,0.2775931,0.0002077
558,./node_558_INORM,0.4908139,4.4638049e-11
1384,./node_1384_INORM,0.2677902,0.0013980
984,./node_984_INORM,0.5122226,4.9374476e-11
979,./node_979_INORM,0.4908472,2.5216364e-10
61,./node_61_INORM,0.3560424,0.0000015
681,./node_681_INORM,0.5768462,7.9371945e-15
382,./node_382_INORM,0.4937349,1.0388041e-10
310,./node_310_INORM,0.5048579,3.0108205e-12
1531,./node_1531_INORM,0.3932592,0.0000057
1032,./node_1032_INORM,0.2881145,0.0004546
613,./node_613_INORM,0.5763682,7.8184905e-15
916,./node_916_INORM,0.5814313,1.399455e-14
1316,./node_1316_INORM,0.4531658,0.0000003
537,./node_537_INORM,0.4589152,6.6738345e-11
1615,./node_1615_INORM,0.3979676,0.0000001
1910,./node_1910_INORM,0.2407855,0.0005356
815,./node_815_INORM,0.6110168,2.0539723e-16
1432,./node_1432_INORM,0.4851687,1.1067861e-08
213,./node_213_INORM,0.4239927,2.3459328e-08
710,./node_710_INORM,0.5251690,2.9849129e-12
1131,./node_1131_INORM,0.5466185,4.6693902e-13
2040,./node_2040_INORM,0.3032243,0.0000774
1813,./node_1813_INORM,0.2061547,0.0055066
434,./node_434_INORM,0.3779845,0.0000095
1215,./node_1215_INORM,0.3278625,0.0000406
1716,./node_1716_INORM,0.1730797,0.0155468
137,./node_137_INORM,0.3809805,0.0000003
1784,./node_1784_INORM,0.1585007,0.0235964
1287,./node_1287_INORM,0.3608647,0.0000066
1779,./node_1779_INORM,0.1622119,0.0216547
158,./node_158_INORM,0.4696436,2.5987004e-10
1881,./node_1881_INORM,0.2180630,0.0014068
782,./node_782_INORM,0.5862658,1.9572917e-15
281,./node_281_INORM,0.4294080,1.8724847e-08
887,./node_887_INORM,0.3027007,0.0001645
937,./node_937_INORM,0.5211855,2.0660226e-12
331,./node_331_INORM,0.3610915,0.0000047
1510,./node_1510_INORM,0.4583909,5.0410465e-09
1013,./node_1013_INORM,0.1951840,0.0074614
632,./node_632_INORM,0.4957606,5.0440965e-11
1931,./node_1931_INORM,0.1821689,0.0074669
1337,./node_1337_INORM,0.3531705,0.0000065
516,./node_516_INORM,0.4558816,1.0562602e-10
1634,./node_1634_INORM,0.2172875,0.0034412
1358,./node_1358_INORM,0.3312923,0.0000148
579,./node_579_INORM,0.4793257,3.4695065e-09
584,./node_584_INORM,0.3922967,0.0000051
1081,./node_1081_INORM,0.2052301,0.0063234
1582,./node_1582_INORM,0.2658844,0.0004996
958,./node_958_INORM,0.2314481,0.0025434
40,./node_40_INORM,0.4986879,2.0268493e-11
184,./node_184_INORM,0.4419271,1.7059887e-09
1758,./node_1758_INORM,0.2598606,0.0004136
179,./node_179_INORM,0.3432872,0.0000110
487,./node_487_INORM,0.5374187,2.4217141e-12
1182,./node_1182_INORM,0.5053009,8.604062e-10
1481,./node_1481_INORM,0.3497906,0.0000037
1413,./node_1413_INORM,0.4027184,0.0000007
232,./node_232_INORM,0.4855355,1.9937011e-11
731,./node_731_INORM,0.5969309,4.5787568e-16
1110,./node_1110_INORM,0.4048974,0.0000073
834,./node_834_INORM,0.5034332,1.7970903e-11
415,./node_415_INORM,0.5236564,6.8706105e-12
1234,./node_1234_INORM,0.3928227,0.0000015
1737,./node_1737_INORM,0.1775662,0.0136314
116,./node_116_INORM,0.5138428,1.1387448e-11
1832,./node_1832_INORM,0.1460542,0.0328995
2002,./node_2002_INORM,0.1055801,0.0848312
1851,./node_1851_INORM,0.1602312,0.0220108
1257,./node_1257_INORM,0.5561350,2.0685361e-12
188,./node_188_INORM,0.4232749,3.6784486e-08
476,./node_476_INORM,0.4973178,2.0957541e-11
175,./node_175_INORM,0.5688961,2.2519693e-14
1754,./node_1754_INORM,0.3409639,0.0000005
857,./node_857_INORM,0.4201182,0.0000005
251,./node_251_INORM,0.4474091,3.7536255e-09
1470,./node_1470_INORM,0.3819125,0.0000013
1173,./node_1173_INORM,0.4705365,7.091984e-09
752,./node_752_INORM,0.5296559,4.1305149e-12
838,./node_838_INORM,0.4478072,0.0000001
1238,./node_1238_INORM,0.3066491,0.0000224
419,./node_419_INORM,0.3857542,0.0000006
23,./node_23_INORM,0.4986784,1.3345387e-11
1638,./node_1638_INORM,0.4411675,7.8184885e-10
575,./node_575_INORM,0.4437522,2.1174985e-09
1354,./node_1354_INORM,0.2494180,0.0022576
1657,./node_1657_INORM,0.3279122,0.0000166
588,./node_588_INORM,0.5083903,1.0186462e-11
1952,./node_1952_INORM,0.2686336,0.0006074
1573,./node_1573_INORM,0.3676914,0.0000016
352,./node_352_INORM,0.3733837,0.0000075
651,./node_651_INORM,0.4218748,0.0000008
1070,./node_1070_INORM,0.5068995,1.5345639e-10
954,./node_954_INORM,0.2318229,0.0023104
819,./node_819_INORM,0.5569830,3.2851537e-13
1219,./node_1219_INORM,0.2409294,0.0026762
438,./node_438_INORM,0.5368389,7.0338875e-12
1276,./node_1276_INORM,0.4730485,3.0213475e-09
1788,./node_1788_INORM,0.2795697,0.0001759
457,./node_457_INORM,0.5020703,2.9554034e-11
154,./node_154_INORM,0.4308479,0.0000001
1775,./node_1775_INORM,0.2700305,0.0004597
2023,./node_2023_INORM,0.3042293,0.0001579
1870,./node_1870_INORM,0.1480828,0.0318493
270,./node_270_INORM,0.3788255,0.0000023
1451,./node_1451_INORM,0.2590755,0.0004870
1152,./node_1152_INORM,0.2998426,0.0000846
773,./node_773_INORM,0.4878209,1.266657e-09
876,./node_876_INORM,0.5126071,1.1915948e-09
1973,./node_1973_INORM,0.1387654,0.0347671
554,./node_554_INORM,0.4202514,1.5019423e-08
1375,./node_1375_INORM,0.3153197,0.0003158
1388,./node_1388_INORM,0.4545472,5.3820755e-09
1676,./node_1676_INORM,0.1925367,0.0074786
988,./node_988_INORM,0.5074049,3.8310535e-11
90,./node_90_INORM,0.3706642,0.0000005
975,./node_975_INORM,0.2621426,0.0009357
1552,./node_1552_INORM,0.2874681,0.0001010
373,./node_373_INORM,0.4796660,2.4847252e-10
670,./node_670_INORM,0.5402117,3.2825779e-13
1051,./node_1051_INORM,0.4893337,1.1279936e-09
1619,./node_1619_INORM,0.2119481,0.0040649
500,./node_500_INORM,0.4022777,0.0000001
1321,./node_1321_INORM,0.4520394,2.6687937e-08
1622,./node_1622_INORM,0.4300403,2.6804149e-08
1927,./node_1927_INORM,0.2508115,0.0010949
1506,./node_1506_INORM,0.2946402,0.0000650
327,./node_327_INORM,0.4490141,6.5693445e-09
624,./node_624_INORM,0.5241612,4.2666779e-12
1005,./node_1005_INORM,0.5267335,7.804842e-11
39,./node_39_INORM,0.5195220,2.6215367e-12
921,./node_921_INORM,0.5015469,6.5555485e-12
56,./node_56_INORM,0.5185647,2.1994763e-12
1569,./node_1569_INORM,0.4175771,2.3782772e-08
1097,./node_1097_INORM,0.5415949,1.7617719e-11
348,./node_348_INORM,0.3550116,0.0000133
1594,./node_1594_INORM,0.3473981,0.0000061
1948,./node_1948_INORM,0.1783803,0.0087764
592,./node_592_INORM,0.4657276,5.105328e-11
1194,./node_1194_INORM,0.4568370,1.8254275e-08
1497,./node_1497_INORM,0.4838967,1.9041112e-08
1169,./node_1169_INORM,0.3048471,0.0000688
748,./node_748_INORM,0.4459210,4.0511345e-08
192,./node_192_INORM,0.3946725,0.0000001
491,./node_491_INORM,0.4706739,1.3272927e-09
2018,./node_2018_INORM,0.1888426,0.0090458
1824,./node_1824_INORM,0.2887374,0.0001639
1222,./node_1222_INORM,0.5452291,7.1242795e-12
403,./node_403_INORM,0.4179151,0.0000001
100,./node_100_INORM,0.4343021,1.0124723e-08
1721,./node_1721_INORM,0.3144800,0.0000043
822,./node_822_INORM,0.6017916,1.2952477e-15
224,./node_224_INORM,0.3854468,0.0000023
1405,./node_1405_INORM,0.4496658,5.082809e-09
1106,./node_1106_INORM,0.2310472,0.0022339
727,./node_727_INORM,0.5195863,3.9330741e-12
1548,./node_1548_INORM,0.4940442,5.952363e-09
697,./node_697_INORM,0.4886597,8.128083e-11
369,./node_369_INORM,0.5156736,4.5057657e-11
394,./node_394_INORM,0.5699455,3.5034237e-13
992,./node_992_INORM,0.5239382,4.2246039e-09
77,./node_77_INORM,0.4506709,1.3451597e-09
1691,./node_1691_INORM,0.2968243,0.0000690
1392,./node_1392_INORM,0.5305245,1.1112475e-12
1994,./node_1994_INORM,0.3129499,0.0000903
1969,./node_1969_INORM,0.1446705,0.0293518
1906,./node_1906_INORM,0.1932422,0.0083878
521,./node_521_INORM,0.4321524,8.592645e-09
1300,./node_1300_INORM,0.4760787,9.877235e-10
1603,./node_1603_INORM,0.4478381,2.3973008e-08
18,./node_18_INORM,0.4839547,5.224514e-11
900,./node_900_INORM,0.5740669,1.3506132e-14
1527,./node_1527_INORM,0.4923200,8.78981e-09
306,./node_306_INORM,0.3807970,0.0000025
605,./node_605_INORM,0.5169308,2.5998405e-12
1024,./node_1024_INORM,0.4908617,1.5218793e-10
1203,./node_1203_INORM,0.3099604,0.0000092
422,./node_422_INORM,0.4785296,5.404954e-10
121,./node_121_INORM,0.3898930,0.0000001
1700,./node_1700_INORM,0.1757939,0.0151830
1805,./node_1805_INORM,0.3650197,0.0000019
205,./node_205_INORM,0.3866565,0.0000004
1424,./node_1424_INORM,0.4668814,1.0478157e-09
1127,./node_1127_INORM,0.2594372,0.0008050
706,./node_706_INORM,0.5024341,8.6665555e-10
803,./node_803_INORM,0.5623341,1.1780227e-13
891,./node_891_INORM,0.5626751,4.5552775e-13
794,./node_794_INORM,0.5448969,6.7790845e-13
1148,./node_1148_INORM,0.2445767,0.0024594
769,./node_769_INORM,0.6058339,2.7687686e-16
297,./node_297_INORM,0.5538645,1.1992643e-13
2039,./node_2039_INORM,0.1721015,0.0156051
1897,./node_1897_INORM,0.3301897,0.0000168
1792,./node_1792_INORM,0.3073499,0.0000488
1291,./node_1291_INORM,0.3504010,0.0000113
1809,./node_1809_INORM,0.2516684,0.0001744
1428,./node_1428_INORM,0.3904129,0.0000007
209,./node_209_INORM,0.5232863,8.448317e-13
860,./node_860_INORM,0.5363377,1.4834978e-12
1447,./node_1447_INORM,0.4922369,1.8595874e-08
798,./node_798_INORM,0.6031145,6.98628e-16
266,./node_266_INORM,0.4830722,2.1656597e-11
765,./node_765_INORM,0.5800419,3.8120465e-15
1144,./node_1144_INORM,0.5037214,9.663956e-10
2035,./node_2035_INORM,0.2700149,0.0005047
1866,./node_1866_INORM,0.2056560,0.0038291
441,./node_441_INORM,0.3906954,0.0000051
1260,./node_1260_INORM,0.4631551,0.0000004
1763,./node_1763_INORM,0.1600189,0.0220177
142,./node_142_INORM,0.3710935,0.0000005
365,./node_365_INORM,0.3890286,0.0000015
1544,./node_1544_INORM,0.3202953,0.0000220
1047,./node_1047_INORM,0.4769404,6.5966435e-10
666,./node_666_INORM,0.4948164,1.2611637e-09
398,./node_398_INORM,0.5403136,3.5863257e-12
86,./node_86_INORM,0.3460739,0.0000042
963,./node_963_INORM,0.5438735,3.086952e-12
1363,./node_1363_INORM,0.3019334,0.0002540
542,./node_542_INORM,0.5609463,9.514114e-13
1660,./node_1660_INORM,0.3729207,4.5744082e-08
1998,./node_1998_INORM,0.1090772,0.0789483
1965,./node_1965_INORM,0.3027670,0.0000676
14,./node_14_INORM,0.4908941,2.5015592e-11
1028,./node_1028_INORM,0.3037692,0.0002804
609,./node_609_INORM,0.4002753,0.0000036
1466,./node_1466_INORM,0.3798639,0.0000004
1198,./node_1198_INORM,0.5254134,4.5370422e-09
247,./node_247_INORM,0.4839663,4.1433972e-11
744,./node_744_INORM,0.5886637,1.3742807e-15
1165,./node_1165_INORM,0.3537427,0.0000535
841,./node_841_INORM,0.5734319,5.5221135e-14
460,./node_460_INORM,0.4089114,0.0000030
1241,./node_1241_INORM,0.3173713,0.0000088
1742,./node_1742_INORM,0.2687825,0.0004751
163,./node_163_INORM,0.5237661,2.5997795e-12
2014,./node_2014_INORM,0.1190323,0.0643919
1847,./node_1847_INORM,0.1723751,0.0158495
1828,./node_1828_INORM,0.2257087,0.0027638
1409,./node_1409_INORM,0.3736599,0.0000020
228,./node_228_INORM,0.3954994,0.0000003
1009,./node_1009_INORM,0.5348466,2.1185732e-11
628,./node_628_INORM,0.4635332,3.3781106e-08
35,./node_35_INORM,0.5360602,4.0133485e-13
942,./node_942_INORM,0.5388337,2.8934818e-12
344,./node_344_INORM,0.4931834,8.1439615e-11
1565,./node_1565_INORM,0.4351422,0.0000004
1598,./node_1598_INORM,0.3916857,0.0000001
1066,./node_1066_INORM,0.4938186,4.6468678e-09
647,./node_647_INORM,0.5236885,1.2942322e-12
1944,./node_1944_INORM,0.2856648,0.0002322
1342,./node_1342_INORM,0.3833460,0.0000008
563,./node_563_INORM,0.5399212,4.9716332e-12
1641,./node_1641_INORM,0.3390798,0.0000313
1717,./node_1717_INORM,0.1670916,0.0187395
136,./node_136_INORM,0.4335376,6.8451135e-09
435,./node_435_INORM,0.4820634,7.242718e-11
1214,./node_1214_INORM,0.3326698,0.0000207
1812,./node_1812_INORM,0.2510650,0.0002416
2041,./node_2041_INORM,0.2695335,0.0003613
711,./node_711_INORM,0.5483151,1.6510485e-13
1130,./node_1130_INORM,0.4353529,0.0000007
1433,./node_1433_INORM,0.3625170,0.0000032
212,./node_212_INORM,0.3982020,0.0000001
814,./node_814_INORM,0.5077892,2.4972269e-10
886,./node_886_INORM,0.3124907,0.0001272
280,./node_280_INORM,0.5105113,2.2827752e-11
783,./node_783_INORM,0.5985920,1.2606387e-15
1880,./node_1880_INORM,0.2041419,0.0050966
1778,./node_1778_INORM,0.1582011,0.0233456
1286,./node_1286_INORM,0.5623373,2.8619677e-13
159,./node_159_INORM,0.4368201,1.6543523e-08
1785,./node_1785_INORM,0.3583429,0.0000022
383,./node_383_INORM,0.3999326,0.0000005
680,./node_680_INORM,0.5699703,5.3818395e-15
978,./node_978_INORM,0.2186268,0.0033316
60,./node_60_INORM,0.4833985,7.915312e-11
985,./node_985_INORM,0.1999370,0.0064271
1385,./node_1385_INORM,0.3496080,0.0000148
1686,./node_1686_INORM,0.3138324,0.0000897
1378,./node_1378_INORM,0.3128228,0.0000299
559,./node_559_INORM,0.4584704,6.162337e-10
1983,./node_1983_INORM,0.3152517,0.0000548
1911,./node_1911_INORM,0.2414103,0.0012940
1614,./node_1614_INORM,0.2352342,0.0019893
1317,./node_1317_INORM,0.4394107,0.0000001
536,./node_536_INORM,0.4736602,5.478496e-10
917,./node_917_INORM,0.2607761,0.0007754
1033,./node_1033_INORM,0.5465732,2.2855976e-12
612,./node_612_INORM,0.4129411,0.0000014
311,./node_311_INORM,0.5521094,1.2031923e-12
1530,./node_1530_INORM,0.3331082,0.0000145
1480,./node_1480_INORM,0.3044705,0.0000451
1183,./node_1183_INORM,0.3105354,0.0001044
1759,./node_1759_INORM,0.3887213,0.0000001
486,./node_486_INORM,0.4320624,1.0642987e-08
178,./node_178_INORM,0.5231693,9.382526e-13
185,./node_185_INORM,0.4354129,7.8427185e-09
1833,./node_1833_INORM,0.1723439,0.0147616
1736,./node_1736_INORM,0.3618228,0.0000025
117,./node_117_INORM,0.4817288,1.300656e-10
414,./node_414_INORM,0.5428465,1.245123e-12
1235,./node_1235_INORM,0.4565474,2.0123731e-08
835,./node_835_INORM,0.5036632,1.0277098e-11
730,./node_730_INORM,0.4800348,1.5878517e-08
1111,./node_1111_INORM,0.4845622,1.3694733e-09
1412,./node_1412_INORM,0.4955016,4.7343535e-09
233,./node_233_INORM,0.3877069,0.0000003
1635,./node_1635_INORM,0.3066317,0.0000728
1336,./node_1336_INORM,0.3430833,0.0000122
517,./node_517_INORM,0.4803794,1.1989676e-09
1930,./node_1930_INORM,0.2164963,0.0036201
1012,./node_1012_INORM,0.5017074,4.388834e-11
633,./node_633_INORM,0.4788849,1.1177458e-10
330,./node_330_INORM,0.5127896,2.5602145e-12
1511,./node_1511_INORM,0.2267461,0.0025126
936,./node_936_INORM,0.5597959,1.3720865e-13
959,./node_959_INORM,0.5465854,2.3153313e-13
41,./node_41_INORM,0.3949500,0.0000001
1583,./node_1583_INORM,0.4441714,3.7780928e-08
1080,./node_1080_INORM,0.5287480,1.0824426e-12
585,./node_585_INORM,0.4827039,5.880447e-11
1359,./node_1359_INORM,0.3711924,0.0000016
578,./node_578_INORM,0.5317349,7.434215e-13
1639,./node_1639_INORM,0.3604955,0.0000021
22,./node_22_INORM,0.5064337,5.986629e-12
955,./node_955_INORM,0.4944110,1.2454985e-10
650,./node_650_INORM,0.4099981,0.0000017
1071,./node_1071_INORM,0.2020865,0.0057951
1572,./node_1572_INORM,0.3335680,0.0000140
353,./node_353_INORM,0.4609633,8.9103725e-11
1953,./node_1953_INORM,0.2963431,0.0001613
1656,./node_1656_INORM,0.4094327,0.0000004
589,./node_589_INORM,0.4879533,4.3494087e-11
574,./node_574_INORM,0.5339000,2.8579011e-13
1355,./node_1355_INORM,0.4638259,2.8241885e-09
1172,./node_1172_INORM,0.5049788,2.1944634e-10
753,./node_753_INORM,0.5142714,1.5680873e-11
250,./node_250_INORM,0.3540748,0.0000080
1471,./node_1471_INORM,0.4319796,9.3475265e-09
856,./node_856_INORM,0.5574507,1.0194486e-11
174,./node_174_INORM,0.5721434,7.6462e-15
1755,./node_1755_INORM,0.4009970,0.0000002
1256,./node_1256_INORM,0.5060306,3.9194976e-09
477,./node_477_INORM,0.4814118,2.2312647e-10
189,./node_189_INORM,0.5350437,3.0765554e-13
1850,./node_1850_INORM,0.2873312,0.0001673
2003,./node_2003_INORM,0.2917820,0.0002249
1239,./node_1239_INORM,0.4864547,3.872025e-09
418,./node_418_INORM,0.4647377,1.0520221e-09
839,./node_839_INORM,0.4991077,6.1973825e-12
671,./node_671_INORM,0.5604216,1.7194567e-14
1050,./node_1050_INORM,0.5436316,2.4715183e-13
1553,./node_1553_INORM,0.4584665,2.7724788e-10
372,./node_372_INORM,0.5343269,3.6780468e-12
974,./node_974_INORM,0.5470185,7.8667815e-12
989,./node_989_INORM,0.2277302,0.0029819
91,./node_91_INORM,0.3744928,0.0000017
1677,./node_1677_INORM,0.2116042,0.0048455
1389,./node_1389_INORM,0.5026372,2.911426e-10
555,./node_555_INORM,0.4654933,4.0748227e-09
1374,./node_1374_INORM,0.2660368,0.0003785
1972,./node_1972_INORM,0.2980682,0.0001951
1618,./node_1618_INORM,0.4021052,0.0000016
1218,./node_1218_INORM,0.3479848,0.0000177
439,./node_439_INORM,0.4819955,2.3110842e-10
818,./node_818_INORM,0.5361656,3.2449411e-12
877,./node_877_INORM,0.5068154,3.1465464e-11
1153,./node_1153_INORM,0.2267017,0.0035744
772,./node_772_INORM,0.6003110,1.101337e-15
271,./node_271_INORM,0.5714518,2.3434374e-14
1450,./node_1450_INORM,0.3083423,0.0000436
1871,./node_1871_INORM,0.2063570,0.0028107
2022,./node_2022_INORM,0.2413454,0.0013495
155,./node_155_INORM,0.3550969,0.0000026
1774,./node_1774_INORM,0.1761309,0.0151940
1789,./node_1789_INORM,0.2341100,0.0022815
1277,./node_1277_INORM,0.3492081,0.0000012
456,./node_456_INORM,0.5406725,5.7686135e-12
2019,./node_2019_INORM,0.2718293,0.0003295
490,./node_490_INORM,0.4990992,1.9501873e-11
193,./node_193_INORM,0.3771403,0.0000008
1168,./node_1168_INORM,0.3380775,0.0000461
1496,./node_1496_INORM,0.3563212,0.0000020
749,./node_749_INORM,0.5974502,5.823637e-16
1195,./node_1195_INORM,0.2796472,0.0000759
1107,./node_1107_INORM,0.5111624,4.1092184e-12
726,./node_726_INORM,0.4100740,0.0000014
225,./node_225_INORM,0.4039350,0.0000001
1404,./node_1404_INORM,0.4007354,0.0000006
823,./node_823_INORM,0.5788346,9.1880785e-15
101,./node_101_INORM,0.4979388,3.5026571e-11
1720,./node_1720_INORM,0.2854768,0.0001406
1223,./node_1223_INORM,0.3501304,0.0000041
402,./node_402_INORM,0.3972192,0.0000005
1825,./node_1825_INORM,0.2631093,0.0003732
38,./node_38_INORM,0.5401880,2.5944194e-13
920,./node_920_INORM,0.5432806,9.868859e-14
625,./node_625_INORM,0.5246040,1.0938273e-11
1004,./node_1004_INORM,0.5010920,4.2964621e-10
1507,./node_1507_INORM,0.4610422,1.1177056e-08
326,./node_326_INORM,0.3910127,0.0000013
1926,./node_1926_INORM,0.3749981,0.0000014
1623,./node_1623_INORM,0.2107293,0.0043768
501,./node_501_INORM,0.4544784,2.6221269e-08
1320,./node_1320_INORM,0.3090927,0.0000223
593,./node_593_INORM,0.4799138,8.992314e-11
1949,./node_1949_INORM,0.2509798,0.0012619
1,./node_1_INORM,0.4544639,4.0545531e-10
1595,./node_1595_INORM,0.3843296,0.0000005
1096,./node_1096_INORM,0.5333785,1.339278e-11
1568,./node_1568_INORM,0.2192837,0.0026774
349,./node_349_INORM,0.5421577,1.6246412e-12
57,./node_57_INORM,0.3661241,0.0000008
802,./node_802_INORM,0.5089513,2.5361171e-11
1126,./node_1126_INORM,0.5035093,8.0393505e-10
707,./node_707_INORM,0.5724117,4.0905259e-15
204,./node_204_INORM,0.4038180,0.0000007
1425,./node_1425_INORM,0.3195304,0.0002715
1804,./node_1804_INORM,0.1560207,0.0245807
120,./node_120_INORM,0.5712023,1.343101e-14
1701,./node_1701_INORM,0.3116044,0.0000331
1202,./node_1202_INORM,0.2380172,0.0032281
423,./node_423_INORM,0.5325066,1.3587152e-11
1290,./node_1290_INORM,0.3299708,0.0000169
1793,./node_1793_INORM,0.3781668,0.0000003
1896,./node_1896_INORM,0.3171625,0.0000350
2038,./node_2038_INORM,0.3066818,0.0000787
1149,./node_1149_INORM,0.2711009,0.0005330
296,./node_296_INORM,0.4717372,2.5999793e-09
768,./node_768_INORM,0.4827521,3.3283566e-11
795,./node_795_INORM,0.5844685,4.4227721e-15
890,./node_890_INORM,0.5547660,2.6169814e-14
1968,./node_1968_INORM,0.2996689,0.0000684
1995,./node_1995_INORM,0.1553047,0.0224162
1393,./node_1393_INORM,0.3404694,0.0000034
1690,./node_1690_INORM,0.3082818,0.0000259
76,./node_76_INORM,0.5436333,3.3512644e-13
993,./node_993_INORM,0.4361485,1.1663018e-08
395,./node_395_INORM,0.5411478,1.8617469e-11
1549,./node_1549_INORM,0.3839003,0.0000011
368,./node_368_INORM,0.3849724,0.0000014
696,./node_696_INORM,0.5705855,2.3827063e-14
604,./node_604_INORM,0.5520841,4.4141088e-14
1025,./node_1025_INORM,0.4991883,1.9847403e-10
1526,./node_1526_INORM,0.2988903,0.0000844
307,./node_307_INORM,0.3461587,0.0000083
19,./node_19_INORM,0.4137059,2.5589472e-08
901,./node_901_INORM,0.3410445,0.0000322
1602,./node_1602_INORM,0.4444252,3.9087979e-09
520,./node_520_INORM,0.5546354,3.6522097e-12
1301,./node_1301_INORM,0.4819469,0.0000001
1907,./node_1907_INORM,0.1838976,0.0119778
1964,./node_1964_INORM,0.2787669,0.0003595
1999,./node_1999_INORM,0.1062122,0.0835397
1661,./node_1661_INORM,0.4302146,6.7023905e-10
1362,./node_1362_INORM,0.4988622,1.1282066e-11
543,./node_543_INORM,0.3904022,0.0000056
962,./node_962_INORM,0.4944985,4.9554394e-11
87,./node_87_INORM,0.5716018,1.0340544e-14
1046,./node_1046_INORM,0.2131922,0.0048640
399,./node_399_INORM,0.4518582,1.0764138e-08
667,./node_667_INORM,0.5906361,9.838609e-16
364,./node_364_INORM,0.4517273,3.6159607e-08
1545,./node_1545_INORM,0.4793050,5.636534e-09
1029,./node_1029_INORM,0.5267759,3.8386889e-11
608,./node_608_INORM,0.4051184,0.0000034
15,./node_15_INORM,0.4313100,5.024586e-09
1429,./node_1429_INORM,0.3167170,0.0000195
208,./node_208_INORM,0.4248341,2.1047129e-08
1808,./node_1808_INORM,0.2430543,0.0004469
1762,./node_1762_INORM,0.2897131,0.0000171
143,./node_143_INORM,0.4478355,1.2608439e-09
440,./node_440_INORM,0.5345085,2.2906486e-12
1261,./node_1261_INORM,0.3644627,0.0000005
1867,./node_1867_INORM,0.3018389,0.0000228
2034,./node_2034_INORM,0.1520423,0.0277236
764,./node_764_INORM,0.4254332,0.0000003
1145,./node_1145_INORM,0.5444628,3.4791272e-09
1446,./node_1446_INORM,0.2406567,0.0014009
267,./node_267_INORM,0.5737580,5.7348465e-14
799,./node_799_INORM,0.3912905,0.0000022
861,./node_861_INORM,0.3456460,0.0000246
34,./node_34_INORM,0.4129555,4.8151127e-08
1008,./node_1008_INORM,0.4962615,1.0229642e-09
629,./node_629_INORM,0.5676093,4.0513063e-14
1640,./node_1640_INORM,0.4091562,0.0000002
1343,./node_1343_INORM,0.3101142,0.0000292
562,./node_562_INORM,0.4327222,5.693956e-09
1945,./node_1945_INORM,0.2537367,0.0012028
1067,./node_1067_INORM,0.2006696,0.0060958
1599,./node_1599_INORM,0.2217888,0.0028551
646,./node_646_INORM,0.5419913,4.334852e-13
345,./node_345_INORM,0.4550217,1.6448342e-10
1564,./node_1564_INORM,0.4607410,1.6694705e-09
943,./node_943_INORM,0.3730278,0.0000110
1846,./node_1846_INORM,0.2490503,0.0009560
2015,./node_2015_INORM,0.3000042,0.0000703
1743,./node_1743_INORM,0.2845054,0.0000509
162,./node_162_INORM,0.4314518,8.131047e-09
461,./node_461_INORM,0.4416961,4.5932383e-08
1240,./node_1240_INORM,0.4098856,0.0000042
840,./node_840_INORM,0.5876490,2.274858e-15
745,./node_745_INORM,0.5841934,1.5997794e-15
1164,./node_1164_INORM,0.5067447,1.2578176e-11
1199,./node_1199_INORM,0.2603253,0.0009903
1467,./node_1467_INORM,0.4514129,0.0000013
246,./node_246_INORM,0.4493091,2.7072015e-08
1408,./node_1408_INORM,0.3110483,0.0000340
229,./node_229_INORM,0.5715086,3.6065207e-14
1829,./node_1829_INORM,0.1661173,0.0198133
42,./node_42_INORM,0.3807759,0.0000004
1083,./node_1083_INORM,0.4965163,2.3528719e-10
1580,./node_1580_INORM,0.2104488,0.0048991
1659,./node_1659_INORM,0.3540059,0.0000041
586,./node_586_INORM,0.4303122,6.30286e-09
514,./node_514_INORM,0.3929310,0.0000002
1335,./node_1335_INORM,0.3343855,0.0000055
1636,./node_1636_INORM,0.2130535,0.0040263
1933,./node_1933_INORM,0.2995447,0.0001156
1512,./node_1512_INORM,0.3301271,0.0000116
333,./node_333_INORM,0.5176664,1.9990629e-11
630,./node_630_INORM,0.4814902,1.3852821e-10
1011,./node_1011_INORM,0.1941458,0.0074256
935,./node_935_INORM,0.5695915,2.7633095e-13
1830,./node_1830_INORM,0.2372395,0.0012220
1236,./node_1236_INORM,0.2731777,0.0001738
417,./node_417_INORM,0.5114030,4.5477912e-11
114,./node_114_INORM,0.4032730,0.0000005
1735,./node_1735_INORM,0.3471621,0.0000111
836,./node_836_INORM,0.5078848,5.7195725e-10
230,./node_230_INORM,0.5812131,1.4396998e-14
1411,./node_1411_INORM,0.3160934,0.0000303
1112,./node_1112_INORM,0.2967821,0.0003612
733,./node_733_INORM,0.5350264,5.713991e-13
1180,./node_1180_INORM,0.4939085,1.2209588e-09
1483,./node_1483_INORM,0.3082156,0.0000419
859,./node_859_INORM,0.5820522,8.101729e-15
1259,./node_1259_INORM,0.3397442,0.0000218
478,./node_478_INORM,0.5466538,5.8262525e-12
186,./node_186_INORM,0.4151615,3.9363199e-08
485,./node_485_INORM,0.4338156,0.0000002
1912,./node_1912_INORM,0.2010658,0.0063822
535,./node_535_INORM,0.4945041,1.2857585e-10
1314,./node_1314_INORM,0.4429313,2.7646757e-08
1617,./node_1617_INORM,0.4184866,1.6600572e-09
914,./node_914_INORM,0.2730297,0.0004995
1533,./node_1533_INORM,0.4640396,4.8380554e-09
312,./node_312_INORM,0.4315176,0.0000003
611,./node_611_INORM,0.5079492,1.054098e-11
1030,./node_1030_INORM,0.5040401,1.3379468e-10
683,./node_683_INORM,0.5788970,6.906202e-15
380,./node_380_INORM,0.5252838,2.1242842e-11
986,./node_986_INORM,0.5085981,3.5120812e-10
63,./node_63_INORM,0.3578613,0.0000018
1685,./node_1685_INORM,0.1762711,0.0146001
1678,./node_1678_INORM,0.1945368,0.0080806
1386,./node_1386_INORM,0.3609126,0.0000036
1980,./node_1980_INORM,0.2475650,0.0008961
885,./node_885_INORM,0.3158598,0.0000968
878,./node_878_INORM,0.5937668,4.9329203e-16
780,./node_780_INORM,0.4880251,1.8593551e-11
283,./node_283_INORM,0.4475044,6.405303e-09
1883,./node_1883_INORM,0.2334480,0.0005274
1786,./node_1786_INORM,0.3293809,0.0000143
1278,./node_1278_INORM,0.4756388,3.3334526e-09
459,./node_459_INORM,0.4713406,5.4808115e-10
1285,./node_1285_INORM,0.3851630,0.0000004
1217,./node_1217_INORM,0.3818113,0.0000158
436,./node_436_INORM,0.5133780,2.3933571e-11
135,./node_135_INORM,0.4932763,4.4768354e-11
1714,./node_1714_INORM,0.2025916,0.0066527
2042,./node_2042_INORM,0.1939968,0.0074142
1811,./node_1811_INORM,0.3725681,0.0000015
211,./node_211_INORM,0.4348929,1.8293033e-08
1430,./node_1430_INORM,0.4970805,7.9145505e-11
1133,./node_1133_INORM,0.3263064,0.0001531
712,./node_712_INORM,0.4820199,1.2628285e-10
817,./node_817_INORM,0.5937159,3.9263842e-15
889,./node_889_INORM,0.3102877,0.0001218
874,./node_874_INORM,0.5855581,1.1104994e-15
1453,./node_1453_INORM,0.4898161,6.2541865e-12
272,./node_272_INORM,0.5675923,1.2185709e-13
771,./node_771_INORM,0.5666096,1.0116006e-13
1150,./node_1150_INORM,0.5188460,8.7458245e-11
2021,./node_2021_INORM,0.1735669,0.0147960
1872,./node_1872_INORM,0.2500730,0.0008092
455,./node_455_INORM,0.5364405,1.5501579e-11
1274,./node_1274_INORM,0.4756924,2.076446e-09
1777,./node_1777_INORM,0.3798796,0.0000001
1289,./node_1289_INORM,0.3459910,0.0000027
156,./node_156_INORM,0.3426276,0.0000077
1718,./node_1718_INORM,0.2075693,0.0055819
139,./node_139_INORM,0.3360506,0.0000127
1318,./node_1318_INORM,0.4790034,1.3794178e-09
539,./node_539_INORM,0.4761060,5.4180265e-11
918,./node_918_INORM,0.4979196,1.7976642e-10
371,./node_371_INORM,0.5475295,1.8878937e-12
1550,./node_1550_INORM,0.4259744,2.133741e-08
1053,./node_1053_INORM,0.4982394,3.832381e-10
672,./node_672_INORM,0.5535637,8.5305075e-14
92,./node_92_INORM,0.5179085,4.6988143e-12
977,./node_977_INORM,0.2238792,0.0028510
1689,./node_1689_INORM,0.1894837,0.0094396
1377,./node_1377_INORM,0.3288692,0.0000087
556,./node_556_INORM,0.4377491,0.0000003
1674,./node_1674_INORM,0.3830561,0.0000004
1971,./node_1971_INORM,0.1233579,0.0533747
1739,./node_1739_INORM,0.4118950,5.2444955e-09
118,./node_118_INORM,0.4388140,4.4616125e-09
1472,./node_1472_INORM,0.3077494,0.0000295
253,./node_253_INORM,0.4681346,6.663845e-11
750,./node_750_INORM,0.5975818,4.9039885e-16
1171,./node_1171_INORM,0.3188157,0.0000156
855,./node_855_INORM,0.5378570,7.399432e-12
474,./node_474_INORM,0.5251668,1.6556399e-11
1255,./node_1255_INORM,0.4767050,2.4056552e-09
1756,./node_1756_INORM,0.1611287,0.0212076
489,./node_489_INORM,0.4640974,6.252459e-11
177,./node_177_INORM,0.3981120,0.0000001
2000,./node_2000_INORM,0.1393835,0.0378838
1853,./node_1853_INORM,0.2194287,0.0023286
956,./node_956_INORM,0.2223560,0.0032731
350,./node_350_INORM,0.3683937,0.0000074
1571,./node_1571_INORM,0.2669117,0.0003407
1072,./node_1072_INORM,0.4322071,1.4356329e-08
653,./node_653_INORM,0.5176983,3.4729324e-12
1950,./node_1950_INORM,0.3462477,0.0000078
1356,./node_1356_INORM,0.4281557,0.0000002
577,./node_577_INORM,0.4680630,1.25573e-08
1655,./node_1655_INORM,0.4162052,0.0000001
1339,./node_1339_INORM,0.3471062,0.0000168
518,./node_518_INORM,0.5209201,2.417582e-12
939,./node_939_INORM,0.5496382,2.3860072e-12
21,./node_21_INORM,0.4061199,0.0000001
304,./node_304_INORM,0.3856973,0.0000006
1525,./node_1525_INORM,0.3232415,0.0000243
1026,./node_1026_INORM,0.2165064,0.0045463
607,./node_607_INORM,0.5638476,1.5842668e-13
902,./node_902_INORM,0.4990297,8.024029e-11
1302,./node_1302_INORM,0.4581471,1.0564701e-08
523,./node_523_INORM,0.4717841,2.2273887e-10
1601,./node_1601_INORM,0.4468584,8.456284e-11
1904,./node_1904_INORM,0.2104431,0.0041682
1996,./node_1996_INORM,0.1237886,0.0553181
1693,./node_1693_INORM,0.2869449,0.0002569
1390,./node_1390_INORM,0.5141310,8.655898e-12
88,./node_88_INORM,0.5126660,1.3237006e-11
990,./node_990_INORM,0.4428916,1.00611e-08
75,./node_75_INORM,0.4300113,8.0169505e-09
695,./node_695_INORM,0.5403823,3.7363555e-12
1049,./node_1049_INORM,0.2163859,0.0048391
396,./node_396_INORM,0.3883869,0.0000009
668,./node_668_INORM,0.5657662,2.3104672e-14
1790,./node_1790_INORM,0.1695474,0.0184598
1293,./node_1293_INORM,0.5098622,6.7572695e-09
1895,./node_1895_INORM,0.3075502,0.0000684
1868,./node_1868_INORM,0.1499021,0.0311517
1449,./node_1449_INORM,0.3865202,0.0000007
268,./node_268_INORM,0.5488900,4.0474875e-13
796,./node_796_INORM,0.4014109,0.0000018
295,./node_295_INORM,0.5163089,1.268467e-11
893,./node_893_INORM,0.5197354,7.158611e-11
801,./node_801_INORM,0.4917018,4.3364345e-11
1426,./node_1426_INORM,0.3695664,0.0000017
207,./node_207_INORM,0.5249652,1.441343e-12
704,./node_704_INORM,0.5797285,5.117391e-15
1125,./node_1125_INORM,0.5528346,1.3913809e-10
1807,./node_1807_INORM,0.3021353,0.0000076
420,./node_420_INORM,0.5447234,3.0702502e-12
1201,./node_1201_INORM,0.3143273,0.0000478
1702,./node_1702_INORM,0.1711018,0.0169757
123,./node_123_INORM,0.3831550,0.0000002
590,./node_590_INORM,0.4929186,7.2032235e-10
1095,./node_1095_INORM,0.4527871,9.899589e-09
1068,./node_1068_INORM,0.5121656,7.383891e-11
1596,./node_1596_INORM,0.3405244,0.0000210
649,./node_649_INORM,0.5725433,1.9337372e-14
2,./node_2_INORM,0.4698727,1.2777569e-10
54,./node_54_INORM,0.5002629,2.0091213e-11
923,./node_923_INORM,0.5609473,2.5921971e-12
325,./node_325_INORM,0.3747830,0.0000031
1504,./node_1504_INORM,0.3738086,0.0000012
1007,./node_1007_INORM,0.5278029,1.3510308e-10
626,./node_626_INORM,0.5026221,1.6482989e-11
1925,./node_1925_INORM,0.3472998,0.0000060
1323,./node_1323_INORM,0.3571134,0.0000010
502,./node_502_INORM,0.5258340,2.3426365e-11
1620,./node_1620_INORM,0.3180832,0.0000366
1407,./node_1407_INORM,0.4179294,0.0000001
226,./node_226_INORM,0.3725136,0.0000027
725,./node_725_INORM,0.4824940,8.503487e-11
1104,./node_1104_INORM,0.4824708,1.8964805e-09
820,./node_820_INORM,0.5862351,2.5550258e-14
401,./node_401_INORM,0.3844837,0.0000011
1220,./node_1220_INORM,0.3889883,0.0000094
1723,./node_1723_INORM,0.3188440,0.0000056
102,./node_102_INORM,0.4821739,5.182977e-10
1826,./node_1826_INORM,0.1434004,0.0354739
1849,./node_1849_INORM,0.2270299,0.0013048
190,./node_190_INORM,0.3440240,0.0000094
493,./node_493_INORM,0.5048395,1.0234883e-11
1196,./node_1196_INORM,0.4916663,1.6062498e-09
1468,./node_1468_INORM,0.5147536,1.6046085e-12
249,./node_249_INORM,0.3686515,0.0000044
1495,./node_1495_INORM,0.4707286,4.9029635e-11
1108,./node_1108_INORM,0.4437720,1.2679115e-08
729,./node_729_INORM,0.5894792,1.6439044e-15
2016,./node_2016_INORM,0.1405625,0.0384981
1845,./node_1845_INORM,0.3822171,0.0000007
1243,./node_1243_INORM,0.4427637,3.0613294e-08
462,./node_462_INORM,0.5255363,3.3207094e-12
161,./node_161_INORM,0.3843631,0.0000002
1740,./node_1740_INORM,0.1685152,0.0171912
843,./node_843_INORM,0.5884370,1.060327e-14
245,./node_245_INORM,0.5606650,1.0224715e-13
1464,./node_1464_INORM,0.3776491,0.0000014
1167,./node_1167_INORM,0.4062677,0.0000001
1499,./node_1499_INORM,0.3544372,0.0000030
746,./node_746_INORM,0.5313251,1.1245686e-11
561,./node_561_INORM,0.5342195,1.054129e-12
1340,./node_1340_INORM,0.4382822,2.8926104e-08
1643,./node_1643_INORM,0.3118706,0.0000854
1946,./node_1946_INORM,0.2334338,0.0010177
1099,./node_1099_INORM,0.3009663,0.0003599
1567,./node_1567_INORM,0.4555184,7.994219e-11
346,./node_346_INORM,0.5319787,1.5811971e-12
645,./node_645_INORM,0.5139186,4.4386441e-12
1064,./node_1064_INORM,0.2622500,0.0012918
58,./node_58_INORM,0.3793856,0.0000006
940,./node_940_INORM,0.5500383,7.9625975e-14
37,./node_37_INORM,0.3786386,0.0000003
1508,./node_1508_INORM,0.3327418,0.0000153
329,./node_329_INORM,0.4964186,1.3895357e-10
1929,./node_1929_INORM,0.2201035,0.0038299
1262,./node_1262_INORM,0.2985013,0.0000378
443,./node_443_INORM,0.4667597,2.0696279e-09
140,./node_140_INORM,0.3506631,0.0000076
1761,./node_1761_INORM,0.2642796,0.0002743
2037,./node_2037_INORM,0.2314667,0.0017958
1899,./node_1899_INORM,0.2102843,0.0039391
1864,./node_1864_INORM,0.1430373,0.0364856
264,./node_264_INORM,0.5164446,1.3720647e-12
1445,./node_1445_INORM,0.3947924,0.0000005
1146,./node_1146_INORM,0.4281948,0.0000027
299,./node_299_INORM,0.4142949,0.0000005
767,./node_767_INORM,0.6037886,7.0320885e-17
862,./node_862_INORM,0.5645438,5.395781e-14
1129,./node_1129_INORM,0.5220541,6.046865e-11
708,./node_708_INORM,0.4699898,5.015137e-11
1529,./node_1529_INORM,0.3371158,0.0000122
308,./node_308_INORM,0.5340284,1.7895542e-12
16,./node_16_INORM,0.4866320,3.0182725e-11
1908,./node_1908_INORM,0.3705879,0.0000011
1967,./node_1967_INORM,0.2723162,0.0005786
540,./node_540_INORM,0.4563948,7.304292e-11
1361,./node_1361_INORM,0.5011409,8.9794035e-09
1662,./node_1662_INORM,0.3595933,0.0000100
84,./node_84_INORM,0.3459160,0.0000034
79,./node_79_INORM,0.3575408,0.0000027
961,./node_961_INORM,0.2529619,0.0012392
1546,./node_1546_INORM,0.3119487,0.0000401
367,./node_367_INORM,0.5190176,9.8197775e-12
699,./node_699_INORM,0.4814986,1.2706536e-11
664,./node_664_INORM,0.5488680,3.5619208e-13
1045,./node_1045_INORM,0.2240126,0.0039124
1113,./node_1113_INORM,0.4022548,0.0000001
732,./node_732_INORM,0.5861878,7.4663085e-16
231,./node_231_INORM,0.5521884,9.867081e-14
1410,./node_1410_INORM,0.3569180,0.0000039
837,./node_837_INORM,0.5004716,7.2815955e-12
115,./node_115_INORM,0.3584572,0.0000041
1734,./node_1734_INORM,0.1800263,0.0123175
1237,./node_1237_INORM,0.3451835,0.0000065
416,./node_416_INORM,0.4609634,7.7715275e-11
1831,./node_1831_INORM,0.1803658,0.0113162
484,./node_484_INORM,0.3951173,0.0000002
1258,./node_1258_INORM,0.2746759,0.0006865
187,./node_187_INORM,0.4424302,3.6193752e-09
479,./node_479_INORM,0.3843317,0.0000083
858,./node_858_INORM,0.5389387,4.7722242e-12
1482,./node_1482_INORM,0.2474635,0.0010474
1181,./node_1181_INORM,0.2997135,0.0001458
1658,./node_1658_INORM,0.3278271,0.0000417
587,./node_587_INORM,0.5473061,2.1044778e-12
1581,./node_1581_INORM,0.2368104,0.0016435
1082,./node_1082_INORM,0.2212745,0.0044259
43,./node_43_INORM,0.3672438,0.0000008
934,./node_934_INORM,0.5326503,2.6348376e-11
631,./node_631_INORM,0.5187494,2.8760136e-12
1010,./node_1010_INORM,0.4920340,3.1593011e-10
1513,./node_1513_INORM,0.4480367,4.1990663e-09
332,./node_332_INORM,0.4806764,2.2375082e-11
1932,./node_1932_INORM,0.2113120,0.0020911
1637,./node_1637_INORM,0.3467759,0.0000010
515,./node_515_INORM,0.4935283,7.394961e-11
1334,./node_1334_INORM,0.3179470,0.0000154
1284,./node_1284_INORM,0.5214013,1.1168792e-08
1279,./node_1279_INORM,0.4780182,4.2516044e-09
1787,./node_1787_INORM,0.2688281,0.0000710
458,./node_458_INORM,0.4269272,3.4387017e-08
1882,./node_1882_INORM,0.3060903,0.0000493
282,./node_282_INORM,0.5322119,3.2657381e-13
781,./node_781_INORM,0.5045633,8.8877265e-12
879,./node_879_INORM,0.5069544,1.522284e-11
884,./node_884_INORM,0.5129002,2.5607944e-12
816,./node_816_INORM,0.5753850,1.352449e-14
1132,./node_1132_INORM,0.4980848,3.8523247e-10
713,./node_713_INORM,0.5864238,3.8300294e-15
210,./node_210_INORM,0.4592546,5.7167635e-10
1431,./node_1431_INORM,0.3995357,0.0000005
1810,./node_1810_INORM,0.1555861,0.0249657
2043,./node_2043_INORM,0.1947818,0.0072701
134,./node_134_INORM,0.3925968,0.0000001
1715,./node_1715_INORM,0.2672749,0.0003148
1216,./node_1216_INORM,0.4083328,0.0000005
437,./node_437_INORM,0.4029815,0.0000002
610,./node_610_INORM,0.5379893,1.0226749e-12
1031,./node_1031_INORM,0.1999785,0.0061502
1532,./node_1532_INORM,0.3850040,0.0000004
313,./node_313_INORM,0.3581580,0.0000072
915,./node_915_INORM,0.5141492,3.1142894e-12
1616,./node_1616_INORM,0.3935664,1.6797717e-08
534,./node_534_INORM,0.5618870,9.9222775e-13
1315,./node_1315_INORM,0.4240578,4.807394e-08
1913,./node_1913_INORM,0.2048888,0.0062479
1981,./node_1981_INORM,0.1642422,0.0184787
1387,./node_1387_INORM,0.3446019,0.0000022
1679,./node_1679_INORM,0.3407566,0.0000005
1684,./node_1684_INORM,0.1987003,0.0076384
62,./node_62_INORM,0.5541906,6.990145e-14
987,./node_987_INORM,0.2007520,0.0064259
381,./node_381_INORM,0.4166635,0.0000017
682,./node_682_INORM,0.4822686,1.1017568e-10
919,./node_919_INORM,0.2594402,0.0008604
1319,./node_1319_INORM,0.4299057,0.0000001
538,./node_538_INORM,0.5356222,8.499326e-12
1970,./node_1970_INORM,0.2090079,0.0036093
1675,./node_1675_INORM,0.1877212,0.0101902
1376,./node_1376_INORM,0.5157029,6.7157705e-11
1688,./node_1688_INORM,0.1967859,0.0083844
557,./node_557_INORM,0.5556088,4.0433659e-13
976,./node_976_INORM,0.2461037,0.0013985
93,./node_93_INORM,0.3587079,0.0000013
1052,./node_1052_INORM,0.5677292,4.4446638e-10
673,./node_673_INORM,0.5463111,1.0050023e-13
370,./node_370_INORM,0.4540046,1.1451923e-08
1551,./node_1551_INORM,0.3805114,0.0000013
1288,./node_1288_INORM,0.4712429,2.0671223e-09
1776,./node_1776_INORM,0.1592436,0.0218628
157,./node_157_INORM,0.3930077,0.0000001
454,./node_454_INORM,0.3982340,0.0000002
1275,./node_1275_INORM,0.4622775,8.7261475e-09
1873,./node_1873_INORM,0.2866357,0.0000387
2020,./node_2020_INORM,0.3247216,0.0000411
770,./node_770_INORM,0.4939378,5.0847365e-11
1151,./node_1151_INORM,0.5172302,1.8029673e-11
1452,./node_1452_INORM,0.4751324,1.8086802e-08
273,./node_273_INORM,0.4005055,0.0000005
875,./node_875_INORM,0.5505200,6.213715e-13
888,./node_888_INORM,0.5953227,5.640369e-15
1719,./node_1719_INORM,0.2401061,0.0017346
138,./node_138_INORM,0.3466469,0.0000047
1654,./node_1654_INORM,0.2007078,0.0054160
1357,./node_1357_INORM,0.4104950,0.0000070
576,./node_576_INORM,0.5314440,5.4818395e-13
1951,./node_1951_INORM,0.1922637,0.0056124
1073,./node_1073_INORM,0.4647222,3.8108127e-09
652,./node_652_INORM,0.5253060,1.1253396e-12
351,./node_351_INORM,0.5250977,6.103493e-12
1570,./node_1570_INORM,0.4358376,1.2718213e-08
957,./node_957_INORM,0.5337751,1.1844276e-11
938,./node_938_INORM,0.5105849,7.612536e-11
20,./node_20_INORM,0.4686126,3.9425509e-10
1338,./node_1338_INORM,0.4707163,1.9454685e-09
519,./node_519_INORM,0.5456805,7.330121e-12
1738,./node_1738_INORM,0.4054376,4.7036338e-09
119,./node_119_INORM,0.5354916,4.1339432e-13
1852,./node_1852_INORM,0.1497886,0.0302473
2001,./node_2001_INORM,0.1559073,0.0246011
1757,./node_1757_INORM,0.2972108,0.0001633
176,./node_176_INORM,0.3778826,0.0000004
488,./node_488_INORM,0.3930231,0.0000049
475,./node_475_INORM,0.4257554,0.0000005
1254,./node_1254_INORM,0.3614004,0.0000013
854,./node_854_INORM,0.5735602,1.0338432e-14
751,./node_751_INORM,0.4784423,7.208175e-11
1170,./node_1170_INORM,0.4999345,2.4124364e-09
1473,./node_1473_INORM,0.4690206,9.04392e-09
252,./node_252_INORM,0.4781847,4.1733791e-11
892,./node_892_INORM,0.5016103,1.5223572e-11
294,./node_294_INORM,0.3782665,0.0000020
1448,./node_1448_INORM,0.3929780,0.0000004
797,./node_797_INORM,0.4167832,0.0000007
269,./node_269_INORM,0.4657156,1.1723295e-10
1869,./node_1869_INORM,0.1600367,0.0227924
1894,./node_1894_INORM,0.2228306,0.0028113
1292,./node_1292_INORM,0.5093219,3.2804703e-08
1791,./node_1791_INORM,0.2600102,0.0007847
1703,./node_1703_INORM,0.1868054,0.0100655
122,./node_122_INORM,0.4408808,8.1082485e-09
421,./node_421_INORM,0.4812096,2.4563532e-10
1200,./node_1200_INORM,0.2850464,0.0000445
1806,./node_1806_INORM,0.3535262,0.0000008
705,./node_705_INORM,0.4835881,3.7741571e-11
1124,./node_1124_INORM,0.4973219,5.5028975e-11
1427,./node_1427_INORM,0.4890200,1.195104e-10
206,./node_206_INORM,0.5398502,1.6740385e-13
800,./node_800_INORM,0.5484794,2.0886958e-13
1905,./node_1905_INORM,0.2736202,0.0003825
1600,./node_1600_INORM,0.2533378,0.0006130
1303,./node_1303_INORM,0.4426737,0.0000003
522,./node_522_INORM,0.4958441,5.184187e-11
903,./node_903_INORM,0.6141778,1.4501569e-14
1027,./node_1027_INORM,0.2076256,0.0053878
606,./node_606_INORM,0.5680572,4.107749e-14
305,./node_305_INORM,0.3957658,0.0000011
1524,./node_1524_INORM,0.3033351,0.0000586
1048,./node_1048_INORM,0.5355864,3.5637398e-12
669,./node_669_INORM,0.5357196,4.2735588e-13
397,./node_397_INORM,0.3877071,0.0000035
694,./node_694_INORM,0.5638040,4.6887346e-15
74,./node_74_INORM,0.5681250,1.0979137e-14
89,./node_89_INORM,0.4751721,1.7828387e-10
991,./node_991_INORM,0.4320972,1.8495555e-08
1391,./node_1391_INORM,0.4497895,2.0585677e-08
1692,./node_1692_INORM,0.2717300,0.0004437
1997,./node_1997_INORM,0.2370379,0.0017802
1827,./node_1827_INORM,0.3125126,0.0000362
1722,./node_1722_INORM,0.3823461,2.106611e-08
103,./node_103_INORM,0.3546561,0.0000020
400,./node_400_INORM,0.5427630,3.4315928e-12
1221,./node_1221_INORM,0.5009943,3.591703e-10
821,./node_821_INORM,0.5994703,1.2743932e-15
724,./node_724_INORM,0.5117979,1.3909386e-11
1105,./node_1105_INORM,0.3745074,0.0000257
1406,./node_1406_INORM,0.4572245,1.9569767e-08
227,./node_227_INORM,0.5416022,1.810852e-13
1494,./node_1494_INORM,0.4609434,2.9920361e-09
1469,./node_1469_INORM,0.4835475,0.0000001
1197,./node_1197_INORM,0.2590713,0.0003034
248,./node_248_INORM,0.4699899,3.0800975e-10
492,./node_492_INORM,0.4183732,0.0000018
191,./node_191_INORM,0.5577433,2.9436097e-14
1848,./node_1848_INORM,0.1687473,0.0164414
55,./node_55_INORM,0.4023317,0.0000002
1597,./node_1597_INORM,0.4524011,6.341602e-10
1069,./node_1069_INORM,0.3977171,0.0000001
3,./node_3_INORM,0.4630453,1.994168e-10
648,./node_648_INORM,0.4268010,0.0000005
1094,./node_1094_INORM,0.5016299,4.8247722e-10
591,./node_591_INORM,0.5176304,1.168353e-11
1621,./node_1621_INORM,0.2155810,0.0035550
1322,./node_1322_INORM,0.4888018,0.0000001
503,./node_503_INORM,0.4734733,5.236638e-11
1924,./node_1924_INORM,0.2425693,0.0012739
1006,./node_1006_INORM,0.1966369,0.0070733
627,./node_627_INORM,0.5608784,1.1035289e-13
324,./node_324_INORM,0.3785036,0.0000024
1505,./node_1505_INORM,0.3329353,0.0000110
922,./node_922_INORM,0.2779549,0.0004639
59,./node_59_INORM,0.4540154,9.0813525e-10
941,./node_941_INORM,0.5495991,1.6552248e-12
644,./node_644_INORM,0.5773879,1.1429544e-14
1065,./node_1065_INORM,0.5432779,1.9193099e-12
1566,./node_1566_INORM,0.4337248,7.5471975e-09
1098,./node_1098_INORM,0.2451913,0.0018986
347,./node_347_INORM,0.3527804,0.0000107
1947,./node_1947_INORM,0.1544648,0.0205541
1642,./node_1642_INORM,0.3213599,0.0000238
560,./node_560_INORM,0.4660770,5.2650805e-10
1341,./node_1341_INORM,0.4285067,0.0000002
1928,./node_1928_INORM,0.3407894,0.0000154
1509,./node_1509_INORM,0.3445232,0.0000083
328,./node_328_INORM,0.4137697,0.0000003
36,./node_36_INORM,0.5232951,1.1180091e-12
1109,./node_1109_INORM,0.5284767,4.5083497e-12
728,./node_728_INORM,0.4121246,0.0000008
1498,./node_1498_INORM,0.4786016,6.6911165e-09
1166,./node_1166_INORM,0.3901032,0.0000002
747,./node_747_INORM,0.4939127,6.5526365e-11
244,./node_244_INORM,0.5323203,5.1633595e-13
1465,./node_1465_INORM,0.3238525,0.0000124
842,./node_842_INORM,0.4936876,2.1412866e-11
160,./node_160_INORM,0.4286120,3.473689e-08
1741,./node_1741_INORM,0.1779028,0.0143664
1242,./node_1242_INORM,0.4750034,1.7793885e-09
463,./node_463_INORM,0.5191552,3.6923939e-12
1844,./node_1844_INORM,0.2200441,0.0030423
2017,./node_2017_INORM,0.1013589,0.0955230
1909,./node_1909_INORM,0.1797585,0.0133480
17,./node_17_INORM,0.4644474,2.4435205e-10
1528,./node_1528_INORM,0.3159707,0.0000383
309,./node_309_INORM,0.5412193,9.7049685e-12
665,./node_665_INORM,0.5289260,1.0893964e-12
1044,./node_1044_INORM,0.2575223,0.0013396
1547,./node_1547_INORM,0.2875979,0.0001672
698,./node_698_INORM,0.5487058,1.3669819e-13
366,./node_366_INORM,0.3956088,0.0000008
78,./node_78_INORM,0.4625663,3.7618372e-09
960,./node_960_INORM,0.5331971,1.4321962e-12
85,./node_85_INORM,0.5691578,2.1761407e-14
1663,./node_1663_INORM,0.4241870,6.379583e-10
541,./node_541_INORM,0.4245053,1.2530739e-08
1360,./node_1360_INORM,0.5024062,1.5637835e-10
1966,./node_1966_INORM,0.3251250,0.0000375
863,./node_863_INORM,0.3157397,0.0001022
1147,./node_1147_INORM,0.3030698,0.0002181
766,./node_766_INORM,0.5997228,7.2123655e-16
298,./node_298_INORM,0.4534812,1.5822821e-10
265,./node_265_INORM,0.3998111,0.0000001
1444,./node_1444_INORM,0.4813757,5.5086365e-11
1865,./node_1865_INORM,0.3544491,0.0000041
1898,./node_1898_INORM,0.2027270,0.0065573
2036,./node_2036_INORM,0.3055148,0.0001088
141,./node_141_INORM,0.4407282,7.5273795e-09
1760,./node_1760_INORM,0.2423020,0.0015247
1263,./node_1263_INORM,0.4887146,5.1277325e-10
442,./node_442_INORM,0.4925167,1.4893762e-10
1128,./node_1128_INORM,0.5482684,2.5262547e-12
709,./node_709_INORM,0.5627469,1.7410532e-14
