node,name,H2r,rp
1704,./node_1704_INORM,0.3457818,0.0000030
758,./node_758_INORM,0.5292892,7.3367325e-12
1207,./node_1207_INORM,0.4417721,2.1554933e-09
1801,./node_1801_INORM,0.2292352,0.0039565
1123,./node_1123_INORM,0.4172915,1.8329417e-08
481,./node_481_INORM,0.5197246,2.0142493e-10
182,./node_182_INORM,0.4330801,9.459469e-09
1420,./node_1420_INORM,0.3010746,0.0000524
110,./node_110_INORM,0.5340899,1.9286744e-12
413,./node_413_INORM,0.4694202,3.1408719e-10
832,./node_832_INORM,0.4338133,3.5951604e-09
1893,./node_1893_INORM,0.2647166,0.0010949
1295,./node_1295_INORM,0.3512447,0.0000012
737,./node_737_INORM,0.5446657,4.8222761e-11
1268,./node_1268_INORM,0.4674138,7.353165e-10
234,./node_234_INORM,0.6089439,1.2724783e-16
1796,./node_1796_INORM,0.2766013,0.0001463
510,./node_510_INORM,0.4955011,5.3754185e-11
634,./node_634_INORM,0.5474726,4.8601399e-13
1396,./node_1396_INORM,0.4431129,7.0533965e-09
1668,./node_1668_INORM,0.3844946,0.0000002
1695,./node_1695_INORM,0.1268496,0.0556502
337,./node_337_INORM,0.5657766,4.020766e-14
931,./node_931_INORM,0.3502722,0.0000029
1990,./node_1990_INORM,0.5188055,2.251256e-09
1902,./node_1902_INORM,0.2961443,0.0001981
1607,./node_1607_INORM,0.3426047,0.0000138
358,./node_358_INORM,0.5150979,5.7080625e-10
1304,./node_1304_INORM,0.3744679,0.0000005
40,./node_40_INORM,0.5165921,4.7068304e-12
582,./node_582_INORM,0.4136178,0.0000003
1020,./node_1020_INORM,0.4430624,5.0688865e-09
1523,./node_1523_INORM,0.5693366,9.5789035e-12
131,./node_131_INORM,0.4927119,1.0612783e-10
1493,./node_1493_INORM,0.4789499,6.8151255e-10
1190,./node_1190_INORM,0.5298525,3.1827085e-12
432,./node_432_INORM,0.4788194,2.7940485e-09
716,./node_716_INORM,0.5555282,3.9575017e-12
215,./node_215_INORM,0.5627738,7.99369e-15
1249,./node_1249_INORM,0.4807213,1.4667692e-10
813,./node_813_INORM,0.3724352,0.0000004
1820,./node_1820_INORM,0.3141967,0.0000545
881,./node_881_INORM,0.5147181,1.8356695e-10
779,./node_779_INORM,0.4528009,9.890437e-09
287,./node_287_INORM,0.3632371,0.0000002
1725,./node_1725_INORM,0.1776640,0.0153823
1226,./node_1226_INORM,0.3456416,0.0000015
784,./node_784_INORM,0.5371493,5.406682e-11
1102,./node_1102_INORM,0.4254070,2.6311816e-08
1401,./node_1401_INORM,0.2387074,0.0006241
1626,./node_1626_INORM,0.3948145,0.0000001
384,./node_384_INORM,0.4795430,4.8849635e-09
687,./node_687_INORM,0.5171023,6.526578e-10
1325,./node_1325_INORM,0.5076483,1.8291038e-11
379,./node_379_INORM,0.4581121,9.473138e-09
1923,./node_1923_INORM,0.2776541,0.0003948
982,./node_982_INORM,0.5527208,1.5291428e-12
61,./node_61_INORM,0.3939312,1.2070892e-08
1001,./node_1001_INORM,0.5659734,4.7126702e-14
1502,./node_1502_INORM,0.4522580,1.6024367e-09
1590,./node_1590_INORM,0.3242093,0.0000199
531,./node_531_INORM,0.4518696,2.9647519e-08
1093,./node_1093_INORM,0.3881946,0.0000004
910,./node_910_INORM,0.4308523,7.8325265e-09
1649,./node_1649_INORM,0.1029276,0.0861557
615,./node_615_INORM,0.3850375,0.0000047
316,./node_316_INORM,0.5806206,6.448137e-14
676,./node_676_INORM,0.4150218,1.128024e-08
388,./node_388_INORM,0.4524029,1.6391281e-08
1329,./node_1329_INORM,0.3497635,0.0000022
375,./node_375_INORM,0.5881525,2.9801786e-17
973,./node_973_INORM,0.5216553,5.685166e-11
90,./node_90_INORM,0.3700132,0.0000001
552,./node_552_INORM,0.4481537,3.3143748e-08
1062,./node_1062_INORM,0.3795565,0.0000012
1561,./node_1561_INORM,0.5487835,2.6757056e-10
1940,./node_1940_INORM,0.4483200,0.0000007
1645,./node_1645_INORM,0.5014548,7.9614105e-09
619,./node_619_INORM,0.4988903,3.510654e-09
1346,./node_1346_INORM,0.4477461,2.8202025e-09
1161,./node_1161_INORM,0.5368184,4.0744574e-12
1462,./node_1462_INORM,0.4771342,9.280842e-10
1746,./node_1746_INORM,0.2085597,0.0071639
219,./node_219_INORM,0.4150891,3.4046756e-08
1245,./node_1245_INORM,0.3612692,0.0000009
1843,./node_1843_INORM,0.3126817,0.0000826
2010,./node_2010_INORM,0.4014546,0.0000001
870,./node_870_INORM,0.4481703,2.1409271e-09
775,./node_775_INORM,0.5492228,1.2974283e-12
1729,./node_1729_INORM,0.1686020,0.0205109
788,./node_788_INORM,0.5296555,3.2054069e-11
276,./node_276_INORM,0.5137361,1.9652413e-10
152,./node_152_INORM,0.4442661,3.1980727e-09
451,./node_451_INORM,0.4740326,5.058831e-09
1043,./node_1043_INORM,0.3522819,0.0000036
23,./node_23_INORM,0.4809608,1.5679561e-10
1540,./node_1540_INORM,0.3234101,0.0000223
638,./node_638_INORM,0.5735815,4.7696107e-16
1664,./node_1664_INORM,0.2811006,0.0002382
1367,./node_1367_INORM,0.3634667,0.0000012
1699,./node_1699_INORM,0.3463829,0.0000024
1961,./node_1961_INORM,0.2497190,0.0010075
952,./node_952_INORM,0.4625747,9.517612e-10
657,./node_657_INORM,0.3923358,0.0000003
354,./node_354_INORM,0.5604315,1.9784527e-15
1308,./node_1308_INORM,0.5329336,3.7384761e-12
573,./node_573_INORM,0.3976043,0.0000001
1708,./node_1708_INORM,0.3327716,0.0000052
754,./node_754_INORM,0.5210109,1.1953827e-11
257,./node_257_INORM,0.4436013,2.5230266e-08
851,./node_851_INORM,0.5765700,8.7306215e-15
173,./node_173_INORM,0.5871288,9.850443e-14
470,./node_470_INORM,0.6048219,8.288024e-18
1140,./node_1140_INORM,0.4447234,4.9266876e-09
1443,./node_1443_INORM,0.4293793,1.373276e-08
1862,./node_1862_INORM,0.2879144,0.0005892
2031,./node_2031_INORM,0.3842480,0.0000004
1299,./node_1299_INORM,0.5247634,8.0380505e-11
1767,./node_1767_INORM,0.1881790,0.0126818
1264,./node_1264_INORM,0.5334237,6.055974e-12
238,./node_238_INORM,0.5302528,8.448444e-12
1859,./node_1859_INORM,0.3562232,0.0000024
805,./node_805_INORM,0.4426485,2.4721201e-09
700,./node_700_INORM,0.5209249,4.775818e-10
203,./node_203_INORM,0.6155515,3.3901324e-17
127,./node_127_INORM,0.4583553,1.0027613e-09
1485,./node_1485_INORM,0.4418070,8.4820195e-09
1478,./node_1478_INORM,0.4379190,1.0951122e-08
1186,./node_1186_INORM,0.3882640,0.0000001
424,./node_424_INORM,0.4276181,3.9073405e-08
1114,./node_1114_INORM,0.4142628,2.6002558e-08
148,./node_148_INORM,0.3969807,8.5881865e-09
1417,./node_1417_INORM,0.2372907,0.0008320
291,./node_291_INORM,0.5412738,2.157448e-11
1733,./node_1733_INORM,0.1796826,0.0157400
1230,./node_1230_INORM,0.5366417,3.5456428e-12
792,./node_792_INORM,0.3910678,0.0000001
1836,./node_1836_INORM,0.2400447,0.0028353
897,./node_897_INORM,0.4651812,3.3683936e-10
1017,./node_1017_INORM,0.5179486,6.9010515e-11
77,./node_77_INORM,0.5313582,1.9826281e-12
548,./node_548_INORM,0.3933728,0.0000020
1514,./node_1514_INORM,0.5566131,1.7785763e-10
969,./node_969_INORM,0.5172355,7.1375895e-11
1935,./node_1935_INORM,0.4257425,0.0000014
994,./node_994_INORM,0.3380474,0.0000067
1630,./node_1630_INORM,0.4036085,0.0000001
392,./node_392_INORM,0.5023716,3.4825981e-10
691,./node_691_INORM,0.3913360,0.0000002
1333,./node_1333_INORM,0.3511890,0.0000016
603,./node_603_INORM,0.3949222,0.0000021
300,./node_300_INORM,0.5353229,7.450249e-11
906,./node_906_INORM,0.4084868,0.0000002
1586,./node_1586_INORM,0.1004704,0.0869960
1078,./node_1078_INORM,0.3904348,0.0000004
18,./node_18_INORM,0.5108790,6.567681e-12
527,./node_527_INORM,0.4751581,9.2001265e-10
1085,./node_1085_INORM,0.3938978,0.0000003
169,./node_169_INORM,0.3959267,9.658219e-09
1135,./node_1135_INORM,0.4276037,9.1536345e-09
497,./node_497_INORM,0.4075961,0.0000005
194,./node_194_INORM,0.3925164,1.5621727e-08
1436,./node_1436_INORM,0.2727954,0.0001677
1817,./node_1817_INORM,0.2562235,0.0017298
2044,./node_2044_INORM,0.3603914,0.0000016
1712,./node_1712_INORM,0.3577310,0.0000011
1211,./node_1211_INORM,0.5418213,1.449951e-11
1283,./node_1283_INORM,0.6195924,4.8302916e-12
721,./node_721_INORM,0.5541428,1.4024647e-14
222,./node_222_INORM,0.4311561,1.408971e-08
1780,./node_1780_INORM,0.2005541,0.0091165
824,./node_824_INORM,0.5599432,7.4161055e-14
1878,./node_1878_INORM,0.2775140,0.0007554
1885,./node_1885_INORM,0.3328775,0.0001113
106,./node_106_INORM,0.4880294,4.3743945e-10
405,./node_405_INORM,0.4370652,4.6685442e-09
1459,./node_1459_INORM,0.4337263,2.5547238e-08
927,./node_927_INORM,0.4479252,3.0327463e-09
1986,./node_1986_INORM,0.3995354,0.0000003
622,./node_622_INORM,0.3943991,0.0000017
1380,./node_1380_INORM,0.5084788,3.4065963e-11
1683,./node_1683_INORM,0.3577551,0.0000016
321,./node_321_INORM,0.3539723,0.0000006
1059,./node_1059_INORM,0.3814730,0.0000007
39,./node_39_INORM,0.5120117,7.327801e-12
506,./node_506_INORM,0.5139660,1.0981165e-09
594,./node_594_INORM,0.4113846,0.0000010
1036,./node_1036_INORM,0.3888932,0.0000007
56,./node_56_INORM,0.4795809,2.4582869e-10
1535,./node_1535_INORM,0.4076149,3.049378e-08
569,./node_569_INORM,0.4961625,2.8596793e-09
1611,./node_1611_INORM,0.3763525,0.0000003
1312,./node_1312_INORM,0.4962741,2.8664849e-11
1914,./node_1914_INORM,0.3090891,0.0000750
948,./node_948_INORM,0.4581843,2.6080702e-09
1977,./node_1977_INORM,0.3838737,0.0000006
1672,./node_1672_INORM,0.1200618,0.0634690
1371,./node_1371_INORM,0.4658329,1.5759835e-09
35,./node_35_INORM,0.5118080,9.3413575e-12
1055,./node_1055_INORM,0.3757675,0.0000011
1556,./node_1556_INORM,0.1638260,0.0178488
598,./node_598_INORM,0.4113831,0.0000007
1539,./node_1539_INORM,0.1735870,0.0119889
565,./node_565_INORM,0.4769275,4.436004e-09
641,./node_641_INORM,0.4490325,4.7172742e-10
342,./node_342_INORM,0.4671102,1.419389e-08
1918,./node_1918_INORM,0.2313863,0.0016259
944,./node_944_INORM,0.3982917,0.0000001
165,./node_165_INORM,0.3754425,0.0000001
1139,./node_1139_INORM,0.5274755,4.4584072e-11
198,./node_198_INORM,0.5686172,5.5673225e-15
466,./node_466_INORM,0.4728720,1.8692534e-08
847,./node_847_INORM,0.5149693,3.9635995e-11
2048,./node_2048_INORM,0.3655240,0.0000012
742,./node_742_INORM,0.4324829,1.5384265e-08
241,./node_241_INORM,0.4372625,2.6957226e-08
1771,./node_1771_INORM,0.2920917,0.0000770
1272,./node_1272_INORM,0.3711561,0.0000002
828,./node_828_INORM,0.3825069,0.0000003
1874,./node_1874_INORM,0.3383287,0.0000075
2027,./node_2027_INORM,0.3300726,0.0000108
1889,./node_1889_INORM,0.3421115,0.0000134
1156,./node_1156_INORM,0.5491350,1.0677748e-12
409,./node_409_INORM,0.4981514,1.7938912e-09
1455,./node_1455_INORM,0.3250189,0.0000142
544,./node_544_INORM,0.5705395,3.0582318e-12
1518,./node_1518_INORM,0.3563033,0.0000028
86,./node_86_INORM,0.4064425,3.3812276e-09
965,./node_965_INORM,0.5410029,1.7682721e-11
1939,./node_1939_INORM,0.3591784,0.0000021
998,./node_998_INORM,0.4892288,4.6018379e-10
660,./node_660_INORM,0.5314465,2.3935246e-10
363,./node_363_INORM,0.4825575,1.467137e-09
1653,./node_1653_INORM,0.3631199,0.0000009
1350,./node_1350_INORM,0.4950525,3.5216873e-11
1956,./node_1956_INORM,0.2761564,0.0003988
14,./node_14_INORM,0.4777361,2.2869125e-10
1074,./node_1074_INORM,0.5044660,1.5159106e-09
1577,./node_1577_INORM,0.2925771,0.0001183
1089,./node_1089_INORM,0.4045983,0.0000001
1855,./node_1855_INORM,0.2238327,0.0037724
809,./node_809_INORM,0.4430373,1.4451491e-09
2006,./node_2006_INORM,0.3761694,0.0000012
1750,./node_1750_INORM,0.4047130,0.0000001
1253,./node_1253_INORM,0.4370547,1.0431627e-08
1489,./node_1489_INORM,0.4499304,3.6051412e-09
1177,./node_1177_INORM,0.4688859,1.2865249e-10
1474,./node_1474_INORM,0.2112785,0.0029149
428,./node_428_INORM,0.5108721,3.3983401e-10
1118,./node_1118_INORM,0.4222238,2.4968907e-08
144,./node_144_INORM,0.3917161,1.4399035e-08
447,./node_447_INORM,0.4908858,1.1368056e-10
763,./node_763_INORM,0.5348497,1.1650382e-10
260,./node_260_INORM,0.5631865,1.7495149e-13
866,./node_866_INORM,0.4282774,2.8647246e-08
1991,./node_1991_INORM,0.3545951,0.0000042
930,./node_930_INORM,0.5127824,7.114329e-11
336,./node_336_INORM,0.4631654,9.0225055e-09
1694,./node_1694_INORM,0.1969644,0.0092650
1669,./node_1669_INORM,0.1978261,0.0068116
1397,./node_1397_INORM,0.4410075,8.8881585e-09
635,./node_635_INORM,0.3987759,0.0000015
511,./node_511_INORM,0.5820754,1.3378377e-13
1522,./node_1522_INORM,0.2891375,0.0001437
41,./node_41_INORM,0.3784965,0.0000001
1021,./node_1021_INORM,0.4783770,5.4417875e-10
583,./node_583_INORM,0.4568049,2.8799218e-08
1305,./node_1305_INORM,0.5528432,6.746776e-12
359,./node_359_INORM,0.4415606,4.4161048e-08
1606,./node_1606_INORM,0.0795867,0.1369925
1903,./node_1903_INORM,0.3942658,0.0000071
1421,./node_1421_INORM,0.4691327,3.5702579e-10
183,./node_183_INORM,0.3839195,2.9368815e-08
480,./node_480_INORM,0.4661839,1.1206388e-08
1122,./node_1122_INORM,0.4125703,0.0000001
1800,./node_1800_INORM,0.2607916,0.0013422
1206,./node_1206_INORM,0.4207974,0.0000001
759,./node_759_INORM,0.5063335,7.9556615e-10
1705,./node_1705_INORM,0.3546979,0.0000036
1797,./node_1797_INORM,0.3852426,0.0000004
235,./node_235_INORM,0.5853150,5.358069e-14
1269,./node_1269_INORM,0.5112608,2.2542031e-11
736,./node_736_INORM,0.5364311,6.5540965e-12
1294,./node_1294_INORM,0.5443756,4.2150852e-11
1892,./node_1892_INORM,0.3450318,0.0000058
833,./node_833_INORM,0.4729093,2.7181942e-09
412,./node_412_INORM,0.5250371,2.9524981e-11
111,./node_111_INORM,0.5836495,9.881112e-14
1503,./node_1503_INORM,0.4914125,2.0909658e-10
60,./node_60_INORM,0.5186291,4.5834528e-12
1000,./node_1000_INORM,0.5458746,5.8607955e-13
983,./node_983_INORM,0.3218034,0.0000126
1922,./node_1922_INORM,0.3635886,0.0000070
378,./node_378_INORM,0.4956703,7.3578365e-10
1324,./node_1324_INORM,0.5658147,3.1223957e-11
686,./node_686_INORM,0.5070067,1.6457706e-09
385,./node_385_INORM,0.4901811,2.5192759e-10
1627,./node_1627_INORM,0.3511539,0.0000017
317,./node_317_INORM,0.6042685,5.030442e-18
614,./node_614_INORM,0.3856710,0.0000032
1648,./node_1648_INORM,0.2697939,0.0005066
911,./node_911_INORM,0.3813288,0.0000004
1092,./node_1092_INORM,0.3885511,0.0000005
530,./node_530_INORM,0.5043021,8.8451195e-13
1591,./node_1591_INORM,0.4520923,2.9932329e-09
812,./node_812_INORM,0.4571793,3.6071992e-09
1248,./node_1248_INORM,0.5107630,4.7976867e-11
214,./node_214_INORM,0.4101203,1.4683408e-08
717,./node_717_INORM,0.4838448,1.8412089e-09
433,./node_433_INORM,0.4835818,3.0197234e-09
1191,./node_1191_INORM,0.5354417,1.5837856e-12
1492,./node_1492_INORM,0.1234854,0.0490387
130,./node_130_INORM,0.3852707,2.6703059e-08
1400,./node_1400_INORM,0.6264975,3.7119489e-12
1103,./node_1103_INORM,0.4042476,0.0000001
785,./node_785_INORM,0.4491461,4.7677407e-09
1227,./node_1227_INORM,0.4022771,1.0500083e-08
1724,./node_1724_INORM,0.4144231,4.5918958e-08
286,./node_286_INORM,0.5628965,9.99601e-12
778,./node_778_INORM,0.4316800,1.2067808e-08
880,./node_880_INORM,0.5184751,9.9770875e-11
1821,./node_1821_INORM,0.2395870,0.0024458
2011,./node_2011_INORM,0.3818730,0.0000005
1842,./node_1842_INORM,0.2583995,0.0007527
1244,./node_1244_INORM,0.5493777,1.2748793e-11
218,./node_218_INORM,0.5214034,2.0576513e-11
1747,./node_1747_INORM,0.3300550,0.0000567
1463,./node_1463_INORM,0.4139344,1.3598015e-08
1160,./node_1160_INORM,0.4542400,1.5274065e-10
450,./node_450_INORM,0.5265009,7.040023e-11
153,./node_153_INORM,0.5758417,3.0428375e-15
277,./node_277_INORM,0.5287287,4.4805916e-11
789,./node_789_INORM,0.3814645,0.0000003
1728,./node_1728_INORM,0.3482521,0.0000037
774,./node_774_INORM,0.5293319,7.661589e-12
871,./node_871_INORM,0.4500914,3.6481586e-09
91,./node_91_INORM,0.3896547,1.8780924e-08
553,./node_553_INORM,0.4699876,5.8353325e-10
972,./node_972_INORM,0.5244291,1.6669339e-12
374,./node_374_INORM,0.4106489,0.0000001
1328,./node_1328_INORM,0.5729121,3.0516999e-11
389,./node_389_INORM,0.5006488,2.9578289e-10
677,./node_677_INORM,0.5300690,1.3636688e-10
1347,./node_1347_INORM,0.4764817,3.3764134e-10
618,./node_618_INORM,0.4387393,3.917323e-08
1644,./node_1644_INORM,0.3762991,0.0000003
1941,./node_1941_INORM,0.2840772,0.0002594
1560,./node_1560_INORM,0.4217773,2.1225096e-08
1063,./node_1063_INORM,0.4781432,1.6620756e-09
471,./node_471_INORM,0.4277181,0.0000001
172,./node_172_INORM,0.6026225,4.0361605e-16
850,./node_850_INORM,0.5546315,2.320298e-13
256,./node_256_INORM,0.4726717,5.5029045e-09
755,./node_755_INORM,0.5378501,8.0975095e-12
1709,./node_1709_INORM,0.4887596,3.443487e-09
239,./node_239_INORM,0.6101519,2.528056e-17
1265,./node_1265_INORM,0.5348168,2.8893841e-12
1766,./node_1766_INORM,0.2766355,0.0005292
1298,./node_1298_INORM,0.5392161,5.154866e-12
2030,./node_2030_INORM,0.3782767,0.0000018
1863,./node_1863_INORM,0.2502382,0.0008826
1442,./node_1442_INORM,0.5183243,8.0711955e-11
1141,./node_1141_INORM,0.5247231,1.8835821e-11
1960,./node_1960_INORM,0.2709111,0.0005219
1698,./node_1698_INORM,0.3560549,0.0000031
1366,./node_1366_INORM,0.5259206,4.7964796e-11
1665,./node_1665_INORM,0.5133558,9.196322e-10
639,./node_639_INORM,0.3845543,0.0000003
1541,./node_1541_INORM,0.3521476,0.0000071
1042,./node_1042_INORM,0.3493511,0.0000062
22,./node_22_INORM,0.4974882,3.0114513e-11
572,./node_572_INORM,0.4949403,1.9171944e-09
1309,./node_1309_INORM,0.4021131,3.4032946e-08
355,./node_355_INORM,0.4285444,4.0687517e-08
656,./node_656_INORM,0.3997748,0.0000008
1,./node_1_INORM,0.4680803,2.3584716e-10
953,./node_953_INORM,0.5100878,2.6221792e-11
1332,./node_1332_INORM,0.4208912,1.5979221e-08
690,./node_690_INORM,0.4378216,0.0000001
393,./node_393_INORM,0.5400121,1.6333104e-11
1631,./node_1631_INORM,0.4517218,0.0000002
995,./node_995_INORM,0.4512817,4.7841264e-09
1934,./node_1934_INORM,0.3683610,0.0000216
968,./node_968_INORM,0.4361334,1.0219639e-08
1515,./node_1515_INORM,0.4302437,2.2440888e-08
549,./node_549_INORM,0.4530649,1.813526e-08
1016,./node_1016_INORM,0.3224760,0.0000161
76,./node_76_INORM,0.5549737,4.5133101e-13
1084,./node_1084_INORM,0.3864660,0.0000004
526,./node_526_INORM,0.4965622,1.7785535e-09
1079,./node_1079_INORM,0.3893217,0.0000005
1587,./node_1587_INORM,0.3868828,0.0000003
19,./node_19_INORM,0.4025364,3.6416506e-08
907,./node_907_INORM,0.4934776,7.918261e-11
301,./node_301_INORM,0.4962932,6.3544305e-10
602,./node_602_INORM,0.4225945,0.0000001
425,./node_425_INORM,0.4826849,3.8468508e-11
1187,./node_1187_INORM,0.5300169,1.5179942e-11
1479,./node_1479_INORM,0.4379628,4.0230364e-09
1484,./node_1484_INORM,0.2144722,0.0025644
126,./node_126_INORM,0.5282418,1.9339162e-12
202,./node_202_INORM,0.6203466,2.1604151e-17
701,./node_701_INORM,0.5987245,4.2609547e-16
804,./node_804_INORM,0.5846066,1.5605324e-15
1858,./node_1858_INORM,0.2972420,0.0001531
896,./node_896_INORM,0.4992256,2.5826581e-10
1837,./node_1837_INORM,0.3204753,0.0000534
793,./node_793_INORM,0.4740917,1.2196082e-09
1231,./node_1231_INORM,0.4467839,7.5166305e-09
1732,./node_1732_INORM,0.3823169,0.0000017
290,./node_290_INORM,0.5218716,3.9286162e-11
1416,./node_1416_INORM,0.4619777,1.271678e-09
149,./node_149_INORM,0.5000293,1.6719416e-10
1115,./node_1115_INORM,0.5579796,6.8855105e-13
507,./node_507_INORM,0.4214456,0.0000001
1058,./node_1058_INORM,0.4178947,0.0000001
38,./node_38_INORM,0.5003578,3.1207233e-11
320,./node_320_INORM,0.4554661,9.3955335e-09
1682,./node_1682_INORM,0.2789559,0.0003556
1381,./node_1381_INORM,0.4411880,5.985528e-09
623,./node_623_INORM,0.4616668,3.4195013e-10
1987,./node_1987_INORM,0.3439464,0.0000049
926,./node_926_INORM,0.4740942,2.5632089e-10
949,./node_949_INORM,0.4445526,2.3645679e-08
1915,./node_1915_INORM,0.2961085,0.0003373
1313,./node_1313_INORM,0.4489270,1.7847963e-09
1610,./node_1610_INORM,0.4286352,4.5781662e-08
568,./node_568_INORM,0.5446745,1.4300411e-13
1534,./node_1534_INORM,0.1617905,0.0165653
1037,./node_1037_INORM,0.5076640,1.0020607e-10
595,./node_595_INORM,0.3971586,0.0000023
57,./node_57_INORM,0.3827402,4.0097928e-08
1210,./node_1210_INORM,0.5384855,1.3501459e-11
1713,./node_1713_INORM,0.2908408,0.0001084
2045,./node_2045_INORM,0.3842834,0.0000004
1816,./node_1816_INORM,0.2583946,0.0016684
1437,./node_1437_INORM,0.3290914,0.0000155
195,./node_195_INORM,0.5144301,3.1994738e-11
496,./node_496_INORM,0.4866301,2.8435719e-09
1134,./node_1134_INORM,0.4437157,2.7009351e-09
168,./node_168_INORM,0.4404485,4.5708081e-09
1458,./node_1458_INORM,0.6267498,3.0353795e-12
404,./node_404_INORM,0.4691893,1.8955099e-10
107,./node_107_INORM,0.3956407,0.0000001
1884,./node_1884_INORM,0.2614033,0.0009978
1879,./node_1879_INORM,0.2914075,0.0005102
825,./node_825_INORM,0.5040347,8.9046835e-11
1781,./node_1781_INORM,0.2212116,0.0050054
223,./node_223_INORM,0.3888065,0.0000001
720,./node_720_INORM,0.3911099,0.0000001
1282,./node_1282_INORM,0.5472876,4.4285984e-12
240,./node_240_INORM,0.3825481,0.0000001
743,./node_743_INORM,0.5569525,1.0041638e-13
846,./node_846_INORM,0.4644660,4.5474619e-09
467,./node_467_INORM,0.4559199,2.1583652e-08
199,./node_199_INORM,0.3898921,1.8036576e-08
1138,./node_1138_INORM,0.5251152,3.6993639e-11
164,./node_164_INORM,0.5092320,4.722886e-11
1454,./node_1454_INORM,0.1767361,0.0094773
408,./node_408_INORM,0.4815092,2.5323039e-09
1157,./node_1157_INORM,0.3684465,0.0000007
1888,./node_1888_INORM,0.2596487,0.0003541
2026,./node_2026_INORM,0.3216099,0.0000158
1875,./node_1875_INORM,0.3870602,0.0000006
829,./node_829_INORM,0.5406978,2.6528999e-12
1273,./node_1273_INORM,0.4791951,5.28189e-10
1770,./node_1770_INORM,0.4246330,0.0000001
1557,./node_1557_INORM,0.3163227,0.0000454
34,./node_34_INORM,0.4013427,1.316604e-08
1054,./node_1054_INORM,0.5606304,6.4564625e-14
1370,./node_1370_INORM,0.5339940,2.2553278e-11
1673,./node_1673_INORM,0.1564879,0.0251272
1976,./node_1976_INORM,0.5042923,2.5778224e-09
945,./node_945_INORM,0.4060927,0.0000001
1919,./node_1919_INORM,0.2941240,0.0001874
343,./node_343_INORM,0.3897899,0.0000001
640,./node_640_INORM,0.6026999,5.9817995e-17
564,./node_564_INORM,0.5364936,5.542831e-13
1538,./node_1538_INORM,0.4955596,1.1101675e-09
599,./node_599_INORM,0.4000190,0.0000001
429,./node_429_INORM,0.5953266,1.355983e-17
1475,./node_1475_INORM,0.5688217,2.2823248e-11
1176,./node_1176_INORM,0.4445513,3.7048568e-10
1488,./node_1488_INORM,0.4496434,3.0769771e-09
1252,./node_1252_INORM,0.4472366,3.2679736e-09
1751,./node_1751_INORM,0.3450991,0.0000041
2007,./node_2007_INORM,0.3876087,0.0000003
808,./node_808_INORM,0.4288912,4.3980797e-09
1854,./node_1854_INORM,0.3607571,0.0000076
867,./node_867_INORM,0.5152306,1.739597e-10
261,./node_261_INORM,0.5733934,3.3139961e-14
762,./node_762_INORM,0.5343264,5.5462845e-12
446,./node_446_INORM,0.4610154,2.8851722e-08
145,./node_145_INORM,0.5666372,6.2977345e-13
1119,./node_1119_INORM,0.5897212,1.3618643e-12
362,./node_362_INORM,0.4725085,3.0747446e-09
661,./node_661_INORM,0.4718270,7.6452935e-11
999,./node_999_INORM,0.5242865,1.2508828e-11
1938,./node_1938_INORM,0.2561089,0.0005116
964,./node_964_INORM,0.4886190,1.7777712e-10
1519,./node_1519_INORM,0.1104398,0.0610211
545,./node_545_INORM,0.3927825,0.0000018
87,./node_87_INORM,0.5013138,7.0921825e-11
1088,./node_1088_INORM,0.5550373,3.5280646e-13
1576,./node_1576_INORM,0.2757653,0.0002922
15,./node_15_INORM,0.4342523,4.071484e-09
1075,./node_1075_INORM,0.4931725,2.6788334e-09
1957,./node_1957_INORM,0.3683789,0.0000015
1351,./node_1351_INORM,0.6314890,4.1266637e-12
1652,./node_1652_INORM,0.4296027,0.0000002
1100,./node_1100_INORM,0.4116274,0.0000001
1403,./node_1403_INORM,0.2758443,0.0001637
285,./node_285_INORM,0.3684264,0.0000001
1727,./node_1727_INORM,0.3816745,0.0000002
278,./node_278_INORM,0.5995706,5.3721815e-17
1224,./node_1224_INORM,0.5844621,1.9603297e-12
786,./node_786_INORM,0.4228239,7.116776e-09
1822,./node_1822_INORM,0.3161811,0.0000793
883,./node_883_INORM,0.4878378,1.0065737e-10
811,./node_811_INORM,0.5251325,1.9431329e-11
714,./node_714_INORM,0.5472992,2.3003054e-12
1748,./node_1748_INORM,0.2569287,0.0005967
217,./node_217_INORM,0.3740761,0.0000001
133,./node_133_INORM,0.5883325,3.0449287e-14
1491,./node_1491_INORM,0.3313273,0.0000127
1192,./node_1192_INORM,0.4820955,9.4107245e-10
430,./node_430_INORM,0.5406226,1.5785636e-13
617,./node_617_INORM,0.4505767,1.6198368e-09
1348,./node_1348_INORM,0.4662701,4.6147004e-10
314,./node_314_INORM,0.5771112,4.1269105e-16
912,./node_912_INORM,0.4225373,1.0481184e-08
1592,./node_1592_INORM,0.0869990,0.1145140
533,./node_533_INORM,0.4545249,0.0000001
1091,./node_1091_INORM,0.5380660,1.2437055e-11
1003,./node_1003_INORM,0.3332289,0.0000092
63,./node_63_INORM,0.4081712,3.5719857e-09
1500,./node_1500_INORM,0.5001022,2.3696111e-10
1921,./node_1921_INORM,0.2774953,0.0004250
980,./node_980_INORM,0.4620997,4.8714082e-09
1624,./node_1624_INORM,0.4178301,4.302556e-08
386,./node_386_INORM,0.5766646,1.9996778e-16
678,./node_678_INORM,0.4368589,0.0000001
685,./node_685_INORM,0.5442168,2.6636613e-13
1327,./node_1327_INORM,0.4311902,9.823796e-09
1769,./node_1769_INORM,0.2769640,0.0002496
1297,./node_1297_INORM,0.3127950,0.0000094
735,./node_735_INORM,0.5226656,9.4462645e-12
236,./node_236_INORM,0.5279598,2.3662617e-11
1794,./node_1794_INORM,0.3248236,0.0000840
830,./node_830_INORM,0.4634688,5.3319875e-09
1891,./node_1891_INORM,0.2855129,0.0003527
112,./node_112_INORM,0.3935986,1.1292368e-08
411,./node_411_INORM,0.4722025,1.3324204e-08
1121,./node_1121_INORM,0.5247812,3.2379808e-11
483,./node_483_INORM,0.4343729,1.6268862e-08
180,./node_180_INORM,0.4940142,1.4742488e-10
1422,./node_1422_INORM,0.4255505,1.5426218e-08
1803,./node_1803_INORM,0.3443676,0.0000045
1706,./node_1706_INORM,0.1423426,0.0381309
1205,./node_1205_INORM,0.3509507,0.0000011
259,./node_259_INORM,0.3980166,0.0000001
580,./node_580_INORM,0.4192790,5.636934e-09
1022,./node_1022_INORM,0.5057778,2.2720791e-11
42,./node_42_INORM,0.3989652,1.0796576e-08
1521,./node_1521_INORM,0.4807035,9.938517e-10
659,./node_659_INORM,0.5143251,8.8521325e-10
1605,./node_1605_INORM,0.3934588,0.0000001
1306,./node_1306_INORM,0.3466149,0.0000015
1900,./node_1900_INORM,0.2635224,0.0011254
933,./node_933_INORM,0.4316439,3.3710633e-08
1992,./node_1992_INORM,0.3118777,0.0000317
636,./node_636_INORM,0.5606259,2.7852782e-15
1394,./node_1394_INORM,0.3330244,0.0000084
1697,./node_1697_INORM,0.4958612,3.4347243e-09
335,./node_335_INORM,0.4932950,1.143084e-09
1369,./node_1369_INORM,0.5147895,1.3399199e-11
512,./node_512_INORM,0.4212416,0.0000001
571,./node_571_INORM,0.4432409,0.0000001
655,./node_655_INORM,0.5602791,5.6007995e-14
1609,./node_1609_INORM,0.4929088,9.2725955e-09
356,./node_356_INORM,0.5634402,6.843052e-13
950,./node_950_INORM,0.3428175,0.0000044
2,./node_2_INORM,0.4798376,1.6874503e-10
1963,./node_1963_INORM,0.3697763,0.0000015
1666,./node_1666_INORM,0.3958595,0.0000014
1398,./node_1398_INORM,0.5318428,5.1308085e-11
339,./node_339_INORM,0.3681504,0.0000004
1365,./node_1365_INORM,0.5298408,1.1089729e-11
21,./node_21_INORM,0.3865532,0.0000001
1041,./node_1041_INORM,0.3564234,0.0000023
1542,./node_1542_INORM,0.0958554,0.0897140
1765,./node_1765_INORM,0.3035681,0.0000511
739,./node_739_INORM,0.3928441,0.0000002
1798,./node_1798_INORM,0.3391447,0.0000058
1266,./node_1266_INORM,0.5641361,4.0385165e-11
1860,./node_1860_INORM,0.2962968,0.0001770
2033,./node_2033_INORM,0.4225865,0.0000002
1142,./node_1142_INORM,0.4035555,0.0000001
1441,./node_1441_INORM,0.4097035,2.9520509e-08
171,./node_171_INORM,0.3917327,1.4007834e-08
472,./node_472_INORM,0.5682618,1.6940146e-13
853,./node_853_INORM,0.3628720,0.0000007
756,./node_756_INORM,0.4932543,1.472733e-09
1209,./node_1209_INORM,0.4491692,1.2118495e-08
255,./node_255_INORM,0.4795968,8.263602e-10
1647,./node_1647_INORM,0.3658233,0.0000006
1344,./node_1344_INORM,0.5882084,1.2153464e-11
318,./node_318_INORM,0.4687298,9.6109365e-09
1942,./node_1942_INORM,0.4598431,0.0000001
1060,./node_1060_INORM,0.3692427,0.0000015
1563,./node_1563_INORM,0.4066628,0.0000001
550,./node_550_INORM,0.4610184,5.2260735e-09
92,./node_92_INORM,0.5682884,2.7835437e-14
971,./node_971_INORM,0.5325904,7.651449e-12
1628,./node_1628_INORM,0.3784588,0.0000004
674,./node_674_INORM,0.5573189,1.4260609e-12
377,./node_377_INORM,0.4709899,6.956179e-10
689,./node_689_INORM,0.4057230,0.0000001
150,./node_150_INORM,0.4489301,2.3737445e-09
453,./node_453_INORM,0.4446211,2.5818311e-08
289,./node_289_INORM,0.4200696,3.7184862e-08
777,./node_777_INORM,0.4653032,2.5477019e-10
274,./node_274_INORM,0.5913091,7.0117625e-17
1228,./node_1228_INORM,0.5186443,6.2432135e-12
872,./node_872_INORM,0.3649569,0.0000007
1841,./node_1841_INORM,0.2288784,0.0035668
2012,./node_2012_INORM,0.4503673,0.0000001
718,./node_718_INORM,0.5465485,1.1721568e-11
1744,./node_1744_INORM,0.2889085,0.0000672
1247,./node_1247_INORM,0.4232812,2.9041741e-08
1163,./node_1163_INORM,0.5519777,6.430948e-13
1460,./node_1460_INORM,0.5211844,1.6329621e-10
104,./node_104_INORM,0.3992056,6.430887e-09
1158,./node_1158_INORM,0.4494031,4.6081984e-10
407,./node_407_INORM,0.5060481,4.7604679e-11
826,./node_826_INORM,0.4761756,2.6487735e-09
2029,./node_2029_INORM,0.3713113,0.0000008
1887,./node_1887_INORM,0.2592935,0.0012520
1281,./node_1281_INORM,0.5110308,1.3824371e-11
723,./node_723_INORM,0.4597509,1.2867526e-08
220,./node_220_INORM,0.5518107,1.1591855e-13
1782,./node_1782_INORM,0.3354492,0.0000400
1710,./node_1710_INORM,0.3845455,0.0000025
1213,./node_1213_INORM,0.4047750,9.705575e-09
849,./node_849_INORM,0.5024748,3.1788418e-10
1815,./node_1815_INORM,0.2315595,0.0039001
2046,./node_2046_INORM,0.3928871,0.0000003
1137,./node_1137_INORM,0.4443130,7.518612e-09
495,./node_495_INORM,0.4137917,1.6710888e-08
468,./node_468_INORM,0.4300701,0.0000001
196,./node_196_INORM,0.3726596,0.0000002
1434,./node_1434_INORM,0.5026252,6.294436e-11
1916,./node_1916_INORM,0.2654231,0.0007401
1613,./node_1613_INORM,0.4600774,4.342036e-08
1310,./node_1310_INORM,0.5374471,2.8107516e-11
54,./node_54_INORM,0.5186989,4.2979931e-12
596,./node_596_INORM,0.5543051,5.308854e-14
1034,./node_1034_INORM,0.5736694,1.1766205e-13
1537,./node_1537_INORM,0.4360411,1.4148644e-08
1558,./node_1558_INORM,0.4246945,1.6460623e-08
504,./node_504_INORM,0.5426998,2.901479e-11
620,./node_620_INORM,0.4129885,0.0000001
1382,./node_1382_INORM,0.4589104,1.0830055e-09
1681,./node_1681_INORM,0.1019269,0.0919400
323,./node_323_INORM,0.3738056,0.0000003
1979,./node_1979_INORM,0.2716648,0.0004148
925,./node_925_INORM,0.5125359,9.6142785e-11
1984,./node_1984_INORM,0.3655956,0.0000024
1834,./node_1834_INORM,0.2300797,0.0027566
868,./node_868_INORM,0.4971815,5.404965e-10
895,./node_895_INORM,0.3726558,0.0000005
293,./node_293_INORM,0.6132554,3.1819465e-18
1731,./node_1731_INORM,0.4299976,0.0000001
1232,./node_1232_INORM,0.4754930,5.6749335e-10
790,./node_790_INORM,0.3786111,0.0000003
1116,./node_1116_INORM,0.4233734,3.1699365e-08
1415,./node_1415_INORM,0.4873966,1.7222796e-10
449,./node_449_INORM,0.4430814,7.893608e-09
1179,./node_1179_INORM,0.4655881,2.5615679e-10
125,./node_125_INORM,0.5578364,4.2906769e-14
1487,./node_1487_INORM,0.5798261,4.034075e-11
1184,./node_1184_INORM,0.4186764,0.0000001
426,./node_426_INORM,0.5890051,1.0146727e-13
702,./node_702_INORM,0.5729616,1.4961714e-15
201,./node_201_INORM,0.4226785,9.9184195e-09
807,./node_807_INORM,0.5261895,9.147141e-11
2008,./node_2008_INORM,0.2982920,0.0000622
1584,./node_1584_INORM,0.4133906,0.0000002
525,./node_525_INORM,0.4100554,1.1755414e-08
1087,./node_1087_INORM,0.5335967,1.9254058e-11
1579,./node_1579_INORM,0.2007200,0.0057545
904,./node_904_INORM,0.4808790,4.4289504e-10
1958,./node_1958_INORM,0.5003205,2.7047026e-08
601,./node_601_INORM,0.4611845,7.5193655e-11
302,./node_302_INORM,0.5847774,6.4630495e-17
1632,./node_1632_INORM,0.1255017,0.0557074
390,./node_390_INORM,0.4934143,1.7164472e-09
693,./node_693_INORM,0.4392249,1.6937441e-08
1331,./node_1331_INORM,0.4444492,3.6859318e-09
1937,./node_1937_INORM,0.3458873,0.0000049
996,./node_996_INORM,0.5712710,1.6094859e-14
75,./node_75_INORM,0.4754225,1.7625991e-10
1015,./node_1015_INORM,0.4410128,3.355066e-08
1516,./node_1516_INORM,0.5883285,2.0001869e-11
88,./node_88_INORM,0.4688595,1.4274656e-09
1076,./node_1076_INORM,0.4889409,1.1431439e-10
1588,./node_1588_INORM,0.0909786,0.1052803
16,./node_16_INORM,0.4897346,5.8133695e-11
529,./node_529_INORM,0.4845867,3.7555831e-09
1575,./node_1575_INORM,0.0965195,0.0913608
908,./node_908_INORM,0.5723479,4.7265379e-14
1954,./node_1954_INORM,0.2921371,0.0001622
1651,./node_1651_INORM,0.1216515,0.0621210
1352,./node_1352_INORM,0.3893811,0.0000002
662,./node_662_INORM,0.5440278,2.6704958e-11
361,./node_361_INORM,0.5251218,6.0059855e-13
967,./node_967_INORM,0.5841189,1.255019e-14
1019,./node_1019_INORM,0.3881031,0.0000005
79,./node_79_INORM,0.4008852,6.0404595e-09
84,./node_84_INORM,0.3977072,7.664984e-09
546,./node_546_INORM,0.4404824,0.0000001
1838,./node_1838_INORM,0.3272287,0.0000355
864,./node_864_INORM,0.4384720,1.5052759e-08
899,./node_899_INORM,0.4224711,1.471081e-08
761,./node_761_INORM,0.4096362,4.5400879e-08
262,./node_262_INORM,0.5047558,5.0701595e-10
146,./node_146_INORM,0.5828969,2.9129756e-15
1419,./node_1419_INORM,0.4515002,6.35089e-09
445,./node_445_INORM,0.4518700,1.7641949e-08
1175,./node_1175_INORM,0.4917275,5.0784315e-11
129,./node_129_INORM,0.5169885,3.9955057e-11
1188,./node_1188_INORM,0.4325444,9.1013195e-10
1476,./node_1476_INORM,0.3749800,0.0000014
1752,./node_1752_INORM,0.1785170,0.0152961
1251,./node_1251_INORM,0.4508120,1.2760414e-09
1857,./node_1857_INORM,0.3881959,0.0000016
2004,./node_2004_INORM,0.3597627,0.0000029
946,./node_946_INORM,0.4022120,0.0000001
643,./node_643_INORM,0.5349550,1.7187429e-12
340,./node_340_INORM,0.4464803,0.0000001
1038,./node_1038_INORM,0.5439679,1.3063973e-11
58,./node_58_INORM,0.3983262,9.0211585e-09
567,./node_567_INORM,0.4950036,4.5169901e-09
1057,./node_1057_INORM,0.5187644,4.779129e-11
37,./node_37_INORM,0.3733419,0.0000001
1554,./node_1554_INORM,0.3938331,0.0000007
508,./node_508_INORM,0.4485348,3.1928669e-08
1670,./node_1670_INORM,0.3591583,0.0000011
1373,./node_1373_INORM,0.4219010,0.0000001
1975,./node_1975_INORM,0.2782288,0.0003110
929,./node_929_INORM,0.4535132,8.47473e-09
1988,./node_1988_INORM,0.3671075,0.0000043
108,./node_108_INORM,0.4939775,5.9421135e-11
1154,./node_1154_INORM,0.4589993,2.6237023e-10
1457,./node_1457_INORM,0.6061167,6.429542e-12
1876,./node_1876_INORM,0.2574493,0.0015062
2025,./node_2025_INORM,0.4032497,0.0000007
1773,./node_1773_INORM,0.3821758,0.0000007
1270,./node_1270_INORM,0.5396246,1.1425653e-11
740,./node_740_INORM,0.4238603,3.0265616e-08
243,./node_243_INORM,0.5852872,2.455918e-16
845,./node_845_INORM,0.4882867,8.950352e-10
1819,./node_1819_INORM,0.2323075,0.0035067
499,./node_499_INORM,0.4577532,8.4948145e-11
167,./node_167_INORM,0.5263781,3.5938217e-11
464,./node_464_INORM,0.5975990,1.5135349e-17
1438,./node_1438_INORM,0.5858065,2.407683e-12
1090,./node_1090_INORM,0.5011313,5.0277995e-10
532,./node_532_INORM,0.4328319,9.303979e-10
1593,./node_1593_INORM,0.3539471,0.0000033
913,./node_913_INORM,0.3548617,0.0000030
315,./node_315_INORM,0.5418150,8.3967955e-11
1349,./node_1349_INORM,0.6164871,5.2732845e-12
616,./node_616_INORM,0.5232343,1.6585178e-13
1326,./node_1326_INORM,0.3810258,0.0000002
684,./node_684_INORM,0.5272539,1.5709874e-12
679,./node_679_INORM,0.5263294,5.9602845e-12
387,./node_387_INORM,0.4839624,2.3770205e-09
1625,./node_1625_INORM,0.0851113,0.1228566
981,./node_981_INORM,0.3673017,0.0000022
1920,./node_1920_INORM,0.3470666,0.0000108
1501,./node_1501_INORM,0.5622114,3.6865772e-11
1002,./node_1002_INORM,0.3351566,0.0000092
62,./node_62_INORM,0.5180742,9.866706e-12
882,./node_882_INORM,0.4630744,1.7150497e-09
1823,./node_1823_INORM,0.2651535,0.0004970
787,./node_787_INORM,0.4671394,2.3217357e-10
1225,./node_1225_INORM,0.3934622,0.0000003
279,./node_279_INORM,0.4802928,1.4305311e-09
1726,./node_1726_INORM,0.3325329,0.0000051
284,./node_284_INORM,0.4947094,8.609697e-10
1402,./node_1402_INORM,0.1845992,0.0055562
1101,./node_1101_INORM,0.5524184,2.9575971e-13
431,./node_431_INORM,0.4712085,9.7465575e-11
1193,./node_1193_INORM,0.5365439,2.2102012e-11
1490,./node_1490_INORM,0.5778806,4.2150679e-11
132,./node_132_INORM,0.4029140,4.5010157e-08
216,./node_216_INORM,0.5127437,5.053656e-11
1749,./node_1749_INORM,0.2053335,0.0076807
715,./node_715_INORM,0.5337799,1.3411867e-10
810,./node_810_INORM,0.5161419,3.0248188e-10
1901,./node_1901_INORM,0.3789803,0.0000010
1307,./node_1307_INORM,0.3976883,4.4676901e-08
1604,./node_1604_INORM,0.0866573,0.1203714
658,./node_658_INORM,0.4189591,0.0000001
1520,./node_1520_INORM,0.1016146,0.0763504
1023,./node_1023_INORM,0.5224708,4.9557436e-11
581,./node_581_INORM,0.4328157,0.0000001
43,./node_43_INORM,0.3918430,2.3183895e-08
513,./node_513_INORM,0.4482247,0.0000001
1368,./node_1368_INORM,0.3970891,0.0000001
334,./node_334_INORM,0.5177635,3.9043947e-10
1696,./node_1696_INORM,0.2038132,0.0064571
1395,./node_1395_INORM,0.2658665,0.0002445
637,./node_637_INORM,0.3889051,0.0000021
1993,./node_1993_INORM,0.2676218,0.0003594
932,./node_932_INORM,0.4618897,2.307544e-09
410,./node_410_INORM,0.4536209,1.8023916e-08
113,./node_113_INORM,0.4029888,4.6105467e-09
1890,./node_1890_INORM,0.3984615,0.0000015
831,./node_831_INORM,0.4791176,2.0057139e-09
1795,./node_1795_INORM,0.2428202,0.0015475
237,./node_237_INORM,0.5427969,1.3639948e-12
734,./node_734_INORM,0.4476648,1.9165016e-08
1296,./node_1296_INORM,0.5473822,4.5735023e-11
1768,./node_1768_INORM,0.2487923,0.0020457
258,./node_258_INORM,0.5654882,4.2023028e-12
1204,./node_1204_INORM,0.4323264,8.2493175e-10
1707,./node_1707_INORM,0.3182467,0.0000122
1802,./node_1802_INORM,0.2757509,0.0002187
1423,./node_1423_INORM,0.3836072,0.0000005
181,./node_181_INORM,0.4984800,1.041127e-10
482,./node_482_INORM,0.4779205,3.88837e-09
1120,./node_1120_INORM,0.4253242,1.0385032e-08
1440,./node_1440_INORM,0.4109338,0.0000001
1143,./node_1143_INORM,0.5466195,2.288565e-10
2032,./node_2032_INORM,0.3699386,0.0000013
1861,./node_1861_INORM,0.3409950,0.0000057
1267,./node_1267_INORM,0.5072365,1.206482e-10
1799,./node_1799_INORM,0.3357977,0.0000131
738,./node_738_INORM,0.4621732,7.9957565e-09
1764,./node_1764_INORM,0.3604081,0.0000011
254,./node_254_INORM,0.5720527,3.2884786e-15
1208,./node_1208_INORM,0.5420417,1.7120787e-10
757,./node_757_INORM,0.4076312,2.3886237e-08
852,./node_852_INORM,0.3748304,0.0000003
473,./node_473_INORM,0.4719770,2.650838e-09
170,./node_170_INORM,0.6096893,1.3132179e-15
3,./node_3_INORM,0.4992057,1.9981274e-11
951,./node_951_INORM,0.4848979,1.4343747e-10
357,./node_357_INORM,0.4764559,4.0303087e-09
1608,./node_1608_INORM,0.1353081,0.0389310
654,./node_654_INORM,0.5097094,1.109943e-09
570,./node_570_INORM,0.5579376,1.4716227e-11
1543,./node_1543_INORM,0.5498004,2.9750171e-11
20,./node_20_INORM,0.4385696,2.3589301e-09
1040,./node_1040_INORM,0.5386178,1.255884e-11
1364,./node_1364_INORM,0.4894867,9.2223945e-11
338,./node_338_INORM,0.4355138,3.0546763e-08
1399,./node_1399_INORM,0.5215391,3.532684e-11
1667,./node_1667_INORM,0.1649004,0.0217228
1962,./node_1962_INORM,0.4809555,2.8511198e-08
873,./node_873_INORM,0.4022416,4.4202482e-08
1229,./node_1229_INORM,0.5638328,1.3856581e-10
275,./node_275_INORM,0.4385211,1.0578608e-08
776,./node_776_INORM,0.5481772,1.1911615e-11
288,./node_288_INORM,0.4177517,8.909226e-09
452,./node_452_INORM,0.4734143,3.4787606e-11
151,./node_151_INORM,0.3919532,0.0000001
1461,./node_1461_INORM,0.1840184,0.0073133
1162,./node_1162_INORM,0.4581971,5.609882e-09
1246,./node_1246_INORM,0.4001294,3.3584098e-08
1745,./node_1745_INORM,0.2061666,0.0073015
719,./node_719_INORM,0.4488721,2.755411e-08
2013,./node_2013_INORM,0.4610275,4.3758188e-08
1840,./node_1840_INORM,0.2281827,0.0031816
1562,./node_1562_INORM,0.1046077,0.0781742
1061,./node_1061_INORM,0.4939028,3.7775877e-10
1943,./node_1943_INORM,0.3989214,0.0000017
319,./node_319_INORM,0.5085970,3.1184438e-10
1345,./node_1345_INORM,0.5946711,1.7079219e-11
1646,./node_1646_INORM,0.4306833,0.0000002
688,./node_688_INORM,0.3954942,0.0000003
376,./node_376_INORM,0.4887325,8.0409265e-10
675,./node_675_INORM,0.4405261,1.4182748e-09
1629,./node_1629_INORM,0.4218257,0.0000006
970,./node_970_INORM,0.3919992,0.0000003
551,./node_551_INORM,0.5086185,5.277474e-12
93,./node_93_INORM,0.3846729,3.0684753e-08
1536,./node_1536_INORM,0.4578737,5.3184045e-09
55,./node_55_INORM,0.3976483,1.5960142e-08
1035,./node_1035_INORM,0.4645747,2.6433613e-09
597,./node_597_INORM,0.3796145,0.0000050
1311,./node_1311_INORM,0.4948996,6.8160115e-11
1612,./node_1612_INORM,0.4018263,0.0000001
1917,./node_1917_INORM,0.2606567,0.0008088
1985,./node_1985_INORM,0.4915507,1.1996884e-08
924,./node_924_INORM,0.5425671,1.030558e-12
1978,./node_1978_INORM,0.2571970,0.0006421
322,./node_322_INORM,0.3534812,0.0000008
1680,./node_1680_INORM,0.3535871,0.0000017
1383,./node_1383_INORM,0.3759755,0.0000004
621,./node_621_INORM,0.4105847,0.0000001
505,./node_505_INORM,0.5489791,9.555246e-14
1559,./node_1559_INORM,0.3845650,0.0000003
1783,./node_1783_INORM,0.3389025,0.0000051
221,./node_221_INORM,0.5944483,5.4882965e-15
722,./node_722_INORM,0.5397036,2.5348567e-12
1280,./node_1280_INORM,0.3228209,0.0000040
1886,./node_1886_INORM,0.3613760,0.0000075
2028,./node_2028_INORM,0.3506589,0.0000032
827,./node_827_INORM,0.4303787,2.5764744e-08
406,./node_406_INORM,0.4931695,3.4832739e-11
1159,./node_1159_INORM,0.5227865,2.6989739e-12
105,./node_105_INORM,0.5826940,3.3305961e-14
1435,./node_1435_INORM,0.3118764,0.0000487
197,./node_197_INORM,0.5385029,3.9423482e-13
469,./node_469_INORM,0.4298688,0.0000001
494,./node_494_INORM,0.4617517,1.3550541e-09
1136,./node_1136_INORM,0.4649537,6.306208e-10
2047,./node_2047_INORM,0.3738168,0.0000009
1814,./node_1814_INORM,0.2468445,0.0024324
848,./node_848_INORM,0.5015095,4.3585768e-10
1212,./node_1212_INORM,0.5402984,2.7119551e-12
1711,./node_1711_INORM,0.3281937,0.0000274
303,./node_303_INORM,0.5345038,7.7960575e-13
600,./node_600_INORM,0.4394893,4.5779865e-08
1959,./node_1959_INORM,0.3606174,0.0000020
905,./node_905_INORM,0.3830338,0.0000005
1578,./node_1578_INORM,0.4466638,8.038217e-09
1086,./node_1086_INORM,0.3848639,0.0000006
524,./node_524_INORM,0.4880272,3.3278912e-09
1585,./node_1585_INORM,0.2437879,0.0013622
1517,./node_1517_INORM,0.3447673,0.0000091
89,./node_89_INORM,0.5238019,2.9782354e-12
74,./node_74_INORM,0.4954281,1.3111484e-10
1014,./node_1014_INORM,0.5792175,1.2819976e-12
997,./node_997_INORM,0.5335371,1.278458e-11
1936,./node_1936_INORM,0.2686347,0.0006112
1330,./node_1330_INORM,0.3619325,0.0000007
692,./node_692_INORM,0.4186838,0.0000001
391,./node_391_INORM,0.4693488,3.6350592e-10
1633,./node_1633_INORM,0.5402314,9.3817345e-11
448,./node_448_INORM,0.4867714,4.0075614e-11
1414,./node_1414_INORM,0.4638072,2.0070125e-09
1117,./node_1117_INORM,0.4315118,2.1201336e-08
791,./node_791_INORM,0.4497186,9.935914e-09
1233,./node_1233_INORM,0.3963804,2.0050523e-08
1730,./node_1730_INORM,0.2282074,0.0036239
292,./node_292_INORM,0.4319959,1.8236347e-08
894,./node_894_INORM,0.3949758,0.0000001
869,./node_869_INORM,0.3675355,0.0000006
1835,./node_1835_INORM,0.3780019,0.0000021
2009,./node_2009_INORM,0.4614178,5.009694e-09
806,./node_806_INORM,0.5248646,8.3415585e-12
200,./node_200_INORM,0.4413576,1.0527712e-08
703,./node_703_INORM,0.5454240,8.062866e-13
427,./node_427_INORM,0.5064605,3.4304175e-11
1185,./node_1185_INORM,0.4381759,5.338031e-10
1486,./node_1486_INORM,0.1499793,0.0202197
124,./node_124_INORM,0.4150834,8.9160365e-09
1178,./node_1178_INORM,0.4215522,3.7495797e-08
444,./node_444_INORM,0.4736135,6.723299e-11
1418,./node_1418_INORM,0.4440304,2.4875263e-09
147,./node_147_INORM,0.4782774,1.4936002e-09
263,./node_263_INORM,0.3732493,0.0000002
760,./node_760_INORM,0.4576583,3.4848773e-09
898,./node_898_INORM,0.4902182,8.145612e-11
865,./node_865_INORM,0.3792512,0.0000009
1839,./node_1839_INORM,0.2714014,0.0005638
2005,./node_2005_INORM,0.4086070,0.0000010
1856,./node_1856_INORM,0.3357863,0.0001002
1250,./node_1250_INORM,0.5068003,1.9693198e-11
1753,./node_1753_INORM,0.3702917,0.0000010
1477,./node_1477_INORM,0.2290556,0.0016937
1189,./node_1189_INORM,0.4618824,1.4673299e-09
128,./node_128_INORM,0.4010748,5.471061e-09
1174,./node_1174_INORM,0.4459093,4.5404962e-10
1353,./node_1353_INORM,0.4962804,2.0092559e-10
1650,./node_1650_INORM,0.3853079,0.0000002
1955,./node_1955_INORM,0.2879707,0.0000990
909,./node_909_INORM,0.5307718,1.4496858e-11
1574,./node_1574_INORM,0.5034196,1.8575877e-09
528,./node_528_INORM,0.5132912,4.9388795e-10
1589,./node_1589_INORM,0.5019872,4.0866038e-09
1077,./node_1077_INORM,0.3782836,0.0000013
17,./node_17_INORM,0.5107876,6.977009e-12
85,./node_85_INORM,0.5405637,3.6429896e-12
547,./node_547_INORM,0.5854241,5.3847905e-13
1018,./node_1018_INORM,0.3227960,0.0000178
78,./node_78_INORM,0.4259877,6.1365845e-09
966,./node_966_INORM,0.3720515,0.0000013
360,./node_360_INORM,0.4999668,1.2688959e-09
663,./node_663_INORM,0.4083307,0.0000002
1271,./node_1271_INORM,0.3725714,0.0000002
1772,./node_1772_INORM,0.4085156,0.0000002
2024,./node_2024_INORM,0.3045368,0.0000434
1877,./node_1877_INORM,0.3016089,0.0003597
1456,./node_1456_INORM,0.2011753,0.0028567
1155,./node_1155_INORM,0.5333328,2.8740674e-11
109,./node_109_INORM,0.4449135,2.2912141e-09
1439,./node_1439_INORM,0.4922642,4.9025573e-10
465,./node_465_INORM,0.5065694,9.8102645e-12
166,./node_166_INORM,0.5320204,2.1181598e-12
498,./node_498_INORM,0.4842588,1.1261557e-08
1818,./node_1818_INORM,0.2572667,0.0004393
844,./node_844_INORM,0.4614487,4.9441396e-10
242,./node_242_INORM,0.4565738,3.2221722e-09
741,./node_741_INORM,0.4801375,5.544032e-11
566,./node_566_INORM,0.4925664,4.5921008e-09
1039,./node_1039_INORM,0.3570832,0.0000020
59,./node_59_INORM,0.5255711,2.0596134e-12
341,./node_341_INORM,0.4396182,2.411526e-08
642,./node_642_INORM,0.4666889,1.1163041e-08
947,./node_947_INORM,0.4391869,5.65342e-09
1989,./node_1989_INORM,0.5203270,1.4095283e-09
928,./node_928_INORM,0.5068920,4.9983799e-11
1974,./node_1974_INORM,0.4384653,0.0000003
1372,./node_1372_INORM,0.4618124,3.7554634e-09
1671,./node_1671_INORM,0.4020551,0.0000002
509,./node_509_INORM,0.4371410,0.0000001
1555,./node_1555_INORM,0.4884565,7.550726e-09
1056,./node_1056_INORM,0.4925251,3.7459191e-10
36,./node_36_INORM,0.4934426,6.989978e-11
455,./node_455_INORM,0.4824366,1.7415616e-10
1409,./node_1409_INORM,0.4020377,0.0000001
156,./node_156_INORM,0.4005322,6.7152165e-09
889,./node_889_INORM,0.3950851,0.0000002
874,./node_874_INORM,0.4275521,7.270767e-09
1828,./node_1828_INORM,0.3711196,0.0000030
272,./node_272_INORM,0.5790958,8.5853705e-13
771,./node_771_INORM,0.5253150,9.562795e-12
1241,./node_1241_INORM,0.3775270,0.0000001
1742,./node_1742_INORM,0.3440065,0.0000081
2014,./node_2014_INORM,0.3041448,0.0000514
1847,./node_1847_INORM,0.2469985,0.0014604
1466,./node_1466_INORM,0.4343669,1.1060406e-08
1198,./node_1198_INORM,0.3601445,0.0000005
139,./node_139_INORM,0.3999387,6.9057155e-09
1165,./node_1165_INORM,0.4505756,1.1149134e-08
1944,./node_1944_INORM,0.4386867,0.0000001
918,./node_918_INORM,0.3677656,0.0000008
1342,./node_1342_INORM,0.5407965,2.0359238e-10
1641,./node_1641_INORM,0.4256649,2.4101432e-08
1565,./node_1565_INORM,0.4200731,3.6367961e-08
539,./node_539_INORM,0.6061342,1.1253913e-17
1598,./node_1598_INORM,0.4708514,0.0000001
1066,./node_1066_INORM,0.4175352,0.0000001
556,./node_556_INORM,0.5024061,1.0893454e-09
94,./node_94_INORM,0.4897230,6.096092e-11
69,./node_69_INORM,0.5111715,8.627244e-12
1009,./node_1009_INORM,0.4984352,9.683571e-11
371,./node_371_INORM,0.4738580,1.1448527e-09
672,./node_672_INORM,0.4232620,4.5620078e-08
977,./node_977_INORM,0.3285975,0.0000116
2035,./node_2035_INORM,0.4289524,3.4447383e-08
1866,./node_1866_INORM,0.2897604,0.0001992
1260,./node_1260_INORM,0.4199187,0.0000001
1763,./node_1763_INORM,0.2112282,0.0066511
1447,./node_1447_INORM,0.3923903,0.0000003
1144,./node_1144_INORM,0.5454393,1.255453e-11
118,./node_118_INORM,0.5280158,2.9952246e-12
1428,./node_1428_INORM,0.5107255,4.7693381e-11
474,./node_474_INORM,0.4663915,7.9804915e-09
177,./node_177_INORM,0.3646403,0.0000002
489,./node_489_INORM,0.5292296,1.7006962e-13
253,./node_253_INORM,0.6113324,7.0531435e-18
750,./node_750_INORM,0.4601782,7.4221795e-09
1809,./node_1809_INORM,0.2697982,0.0005527
855,./node_855_INORM,0.3897921,0.0000001
577,./node_577_INORM,0.5391128,8.698619e-11
48,./node_48_INORM,0.4064698,1.6558145e-08
1028,./node_1028_INORM,0.3598714,0.0000038
4,./node_4_INORM,0.4925654,4.2923235e-11
956,./node_956_INORM,0.3276241,0.0000088
350,./node_350_INORM,0.4560787,1.0705971e-08
653,./node_653_INORM,0.4182965,0.0000003
1363,./node_1363_INORM,0.5097997,2.7019429e-11
1660,./node_1660_INORM,0.3835790,0.0000015
1998,./node_1998_INORM,0.2748739,0.0002575
939,./node_939_INORM,0.5629533,3.9561287e-12
1965,./node_1965_INORM,0.3580422,0.0000040
518,./node_518_INORM,0.4659397,2.5591434e-11
1544,./node_1544_INORM,0.2317453,0.0016604
27,./node_27_INORM,0.3745000,0.0000001
1047,./node_1047_INORM,0.4734574,6.4008545e-09
1527,./node_1527_INORM,0.4057422,0.0000001
586,./node_586_INORM,0.3866505,0.0000037
1024,./node_1024_INORM,0.5047624,1.4174782e-11
44,./node_44_INORM,0.4558705,7.978798e-10
8,./node_8_INORM,0.4393712,2.3973234e-09
1906,./node_1906_INORM,0.3401191,0.0000806
1300,./node_1300_INORM,0.4978549,5.658018e-11
1603,./node_1603_INORM,0.3909993,0.0000001
1691,./node_1691_INORM,0.3887249,0.0000029
333,./node_333_INORM,0.4841168,1.786961e-09
630,./node_630_INORM,0.5616453,1.6803506e-14
1392,./node_1392_INORM,0.5144529,2.7154446e-11
1994,./node_1994_INORM,0.4594932,1.3624526e-08
935,./node_935_INORM,0.4793231,1.9588217e-10
1969,./node_1969_INORM,0.2562807,0.0007225
514,./node_514_INORM,0.4122169,0.0000004
1548,./node_1548_INORM,0.4162640,0.0000001
1897,./node_1897_INORM,0.3493217,0.0000039
2039,./node_2039_INORM,0.3424758,0.0000043
836,./node_836_INORM,0.5241368,1.103642e-10
230,./node_230_INORM,0.5830314,1.6973245e-13
1792,./node_1792_INORM,0.3307077,0.0000105
1291,./node_1291_INORM,0.4389559,6.078268e-09
733,./node_733_INORM,0.4132101,0.0000001
417,./node_417_INORM,0.4830614,3.8704315e-10
1148,./node_1148_INORM,0.4116334,0.0000001
114,./node_114_INORM,0.3859078,3.386763e-08
186,./node_186_INORM,0.3870368,0.0000001
1424,./node_1424_INORM,0.4448171,1.8307468e-09
478,./node_478_INORM,0.4401080,1.8582538e-09
1127,./node_1127_INORM,0.4283263,6.6988275e-09
485,./node_485_INORM,0.5108595,4.5245178e-10
1203,./node_1203_INORM,0.3974596,2.0384428e-08
1700,./node_1700_INORM,0.1398680,0.0401863
1805,./node_1805_INORM,0.3310075,0.0000094
859,./node_859_INORM,0.5570979,8.4626925e-14
1948,./node_1948_INORM,0.2487357,0.0011840
914,./node_914_INORM,0.3654308,0.0000011
312,./node_312_INORM,0.5701490,1.6710225e-13
611,./node_611_INORM,0.4371852,0.0000001
1569,./node_1569_INORM,0.5252807,2.1679632e-09
535,./node_535_INORM,0.5617626,5.855948e-13
1097,./node_1097_INORM,0.4616722,8.885062e-10
1594,./node_1594_INORM,0.4991761,3.4564918e-09
98,./node_98_INORM,0.4851508,5.509205e-10
1506,./node_1506_INORM,0.1350264,0.0368464
1005,./node_1005_INORM,0.5284479,2.3862488e-11
65,./node_65_INORM,0.5048771,4.2645948e-11
683,./node_683_INORM,0.4521163,1.0868754e-08
1321,./node_1321_INORM,0.5276790,5.771456e-11
1622,./node_1622_INORM,0.3742568,0.0000004
380,./node_380_INORM,0.4870892,5.550643e-10
986,./node_986_INORM,0.4286229,3.4862414e-08
1927,./node_1927_INORM,0.4620742,0.0000002
459,./node_459_INORM,0.5107597,1.1550634e-09
1405,./node_1405_INORM,0.4494489,9.5756475e-10
1106,./node_1106_INORM,0.4189609,3.6278932e-08
885,./node_885_INORM,0.4062220,0.0000001
878,./node_878_INORM,0.4423553,1.8319151e-09
1824,./node_1824_INORM,0.4051956,0.0000003
1222,./node_1222_INORM,0.5305314,8.136242e-12
780,./node_780_INORM,0.5179741,1.1737817e-12
283,./node_283_INORM,0.3874305,0.0000002
1721,./node_1721_INORM,0.3542190,0.0000177
211,./node_211_INORM,0.5329429,4.2356516e-12
712,./node_712_INORM,0.4215284,1.410546e-08
2018,./node_2018_INORM,0.3519877,0.0000031
817,./node_817_INORM,0.4719090,2.3530661e-09
1194,./node_1194_INORM,0.5470782,1.1048269e-11
436,./node_436_INORM,0.4835662,1.7963647e-10
135,./node_135_INORM,0.5446387,1.8156026e-13
1497,./node_1497_INORM,0.4015230,0.0000001
1169,./node_1169_INORM,0.4236715,3.0855109e-09
1451,./node_1451_INORM,0.2999892,0.0000790
1152,./node_1152_INORM,0.4405841,7.650979e-10
1276,./node_1276_INORM,0.5660271,5.798063e-12
1788,./node_1788_INORM,0.3656901,0.0000060
729,./node_729_INORM,0.4352129,2.540612e-09
1775,./node_1775_INORM,0.3607449,0.0000039
2023,./node_2023_INORM,0.4927835,1.7693346e-09
1870,./node_1870_INORM,0.2347764,0.0028494
843,./node_843_INORM,0.4690544,2.0936767e-09
245,./node_245_INORM,0.5585051,3.0425205e-12
1219,./node_1219_INORM,0.4582776,2.8981302e-09
746,./node_746_INORM,0.5365290,4.254116e-12
462,./node_462_INORM,0.4583944,2.4893724e-08
161,./node_161_INORM,0.3690202,0.0000001
346,./node_346_INORM,0.4997161,1.4859698e-10
1619,./node_1619_INORM,0.0894642,0.1176561
645,./node_645_INORM,0.4091205,0.0000007
940,./node_940_INORM,0.5032131,4.0723131e-11
561,./node_561_INORM,0.4485979,1.3028859e-10
1552,./node_1552_INORM,0.0964453,0.0893017
1051,./node_1051_INORM,0.5953311,9.4535435e-13
31,./node_31_INORM,0.3909674,2.844663e-08
1973,./node_1973_INORM,0.2630189,0.0006241
1375,./node_1375_INORM,0.4520973,3.5839394e-09
329,./node_329_INORM,0.4339599,1.3581909e-08
1388,./node_1388_INORM,0.5911820,1.7620005e-11
1676,./node_1676_INORM,0.2275975,0.0033374
1238,./node_1238_INORM,0.3809864,0.0000001
264,./node_264_INORM,0.5895954,1.5606132e-15
767,./node_767_INORM,0.4226688,1.0836846e-08
299,./node_299_INORM,0.5412586,2.8295291e-12
862,./node_862_INORM,0.4657747,6.554073e-10
443,./node_443_INORM,0.5559784,4.0428821e-12
140,./node_140_INORM,0.3810683,3.1661663e-08
1470,./node_1470_INORM,0.5148803,1.5912183e-10
1173,./node_1173_INORM,0.5257623,6.2396015e-11
2002,./node_2002_INORM,0.2663858,0.0003415
1851,./node_1851_INORM,0.2776871,0.0008582
1257,./node_1257_INORM,0.5371445,2.7920282e-12
1754,./node_1754_INORM,0.3154662,0.0000358
708,./node_708_INORM,0.5006407,3.0336301e-12
1573,./node_1573_INORM,0.4922308,6.0712085e-10
1070,./node_1070_INORM,0.5603034,4.2433267e-13
10,./node_10_INORM,0.5058016,1.0401156e-11
308,./node_308_INORM,0.5214767,2.5221196e-10
1354,./node_1354_INORM,0.4907833,1.900781e-10
1657,./node_1657_INORM,0.3765941,0.0000006
1952,./node_1952_INORM,0.5001493,1.9392002e-08
961,./node_961_INORM,0.3275340,0.0000098
699,./node_699_INORM,0.5332030,1.0279429e-13
367,./node_367_INORM,0.4635827,1.288265e-08
664,./node_664_INORM,0.5383212,1.9576163e-12
1638,./node_1638_INORM,0.3564325,0.0000012
82,./node_82_INORM,0.5262093,2.6509383e-12
540,./node_540_INORM,0.5794941,1.0819907e-16
523,./node_523_INORM,0.4037443,0.0000006
1081,./node_1081_INORM,0.3850012,0.0000005
1582,./node_1582_INORM,0.1432749,0.0328498
304,./node_304_INORM,0.4954356,8.7390135e-10
1358,./node_1358_INORM,0.2957663,0.0000224
607,./node_607_INORM,0.4137296,0.0000001
902,./node_902_INORM,0.4109019,0.0000001
990,./node_990_INORM,0.4603730,4.9819033e-09
1931,./node_1931_INORM,0.2523982,0.0011593
695,./node_695_INORM,0.5459771,1.2398921e-12
1337,./node_1337_INORM,0.3472988,0.0000026
668,./node_668_INORM,0.4757202,3.2663945e-11
1634,./node_1634_INORM,0.1133621,0.0707178
396,./node_396_INORM,0.4213663,1.8135634e-08
1510,./node_1510_INORM,0.3975192,0.0000001
73,./node_73_INORM,0.5311995,1.5917051e-12
1013,./node_1013_INORM,0.3254937,0.0000121
1234,./node_1234_INORM,0.5384653,6.982482e-12
796,./node_796_INORM,0.5078185,6.9381465e-10
268,./node_268_INORM,0.5424835,3.0041234e-11
295,./node_295_INORM,0.4390983,2.0613252e-08
1737,./node_1737_INORM,0.2333908,0.0030367
893,./node_893_INORM,0.3758407,0.0000003
1832,./node_1832_INORM,0.2601753,0.0015781
1413,./node_1413_INORM,0.5206412,9.9892685e-11
1110,./node_1110_INORM,0.3962162,0.0000002
1182,./node_1182_INORM,0.5490827,9.2848515e-12
420,./node_420_INORM,0.4944298,3.3003549e-11
123,./node_123_INORM,0.3585516,0.0000003
1481,./node_1481_INORM,0.3776253,0.0000014
801,./node_801_INORM,0.4178970,1.9656029e-08
207,./node_207_INORM,0.4510447,1.1916674e-08
1758,./node_1758_INORM,0.3361088,0.0000325
704,./node_704_INORM,0.4770364,4.6114128e-11
1316,./node_1316_INORM,0.4894147,9.6050495e-10
1615,./node_1615_INORM,0.3934160,0.0000001
649,./node_649_INORM,0.3929213,0.0000001
1910,./node_1910_INORM,0.2307311,0.0020147
1531,./node_1531_INORM,0.4457064,7.112777e-09
52,./node_52_INORM,0.5385466,9.5713345e-13
590,./node_590_INORM,0.5577798,6.1293385e-12
1032,./node_1032_INORM,0.3489959,0.0000058
502,./node_502_INORM,0.4934252,6.435243e-10
1982,./node_1982_INORM,0.3190261,0.0000367
923,./node_923_INORM,0.4723912,3.4128519e-09
1379,./node_1379_INORM,0.5186531,1.336683e-10
1687,./node_1687_INORM,0.3722044,0.0000059
325,./node_325_INORM,0.3660785,0.0000002
626,./node_626_INORM,0.4026077,0.0000013
1384,./node_1384_INORM,0.5042168,6.2063735e-11
401,./node_401_INORM,0.4284330,8.497239e-09
102,./node_102_INORM,0.4471859,3.061412e-09
226,./node_226_INORM,0.3741683,0.0000001
1784,./node_1784_INORM,0.2317754,0.0031361
1287,./node_1287_INORM,0.4902098,9.2038645e-11
725,./node_725_INORM,0.4380126,2.9620959e-09
1779,./node_1779_INORM,0.2471879,0.0015491
1881,./node_1881_INORM,0.2819603,0.0003963
820,./node_820_INORM,0.5260038,2.3755845e-11
2040,./node_2040_INORM,0.3842109,0.0000010
1813,./node_1813_INORM,0.3409132,0.0000117
249,./node_249_INORM,0.3696673,0.0000001
1215,./node_1215_INORM,0.4328526,7.9561825e-09
1716,./node_1716_INORM,0.1628502,0.0237433
190,./node_190_INORM,0.3933361,1.2697419e-08
1432,./node_1432_INORM,0.4074010,0.0000001
1131,./node_1131_INORM,0.5478257,3.3180967e-13
493,./node_493_INORM,0.5220617,6.013378e-13
1067,./node_1067_INORM,0.3854672,0.0000004
1599,./node_1599_INORM,0.2607765,0.0007925
538,./node_538_INORM,0.4642826,4.2251688e-09
1564,./node_1564_INORM,0.3983158,0.0000001
1640,./node_1640_INORM,0.3697580,0.0000005
1343,./node_1343_INORM,0.3368135,0.0000057
919,./node_919_INORM,0.3495028,0.0000025
1945,./node_1945_INORM,0.4845531,0.0000001
976,./node_976_INORM,0.3402147,0.0000065
673,./node_673_INORM,0.3998870,0.0000006
370,./node_370_INORM,0.4900616,1.5181401e-09
68,./node_68_INORM,0.3638384,0.0000003
1008,./node_1008_INORM,0.4268189,2.6352271e-08
557,./node_557_INORM,0.4563092,2.2445356e-08
95,./node_95_INORM,0.5662079,9.503141e-14
770,./node_770_INORM,0.4087871,0.0000001
273,./node_273_INORM,0.3615101,0.0000003
1829,./node_1829_INORM,0.2484173,0.0011217
875,./node_875_INORM,0.4354180,4.8703108e-09
888,./node_888_INORM,0.4682240,1.5460549e-09
157,./node_157_INORM,0.3600412,0.0000004
1408,./node_1408_INORM,0.3545774,0.0000030
454,./node_454_INORM,0.4397396,1.467064e-08
1164,./node_1164_INORM,0.5202746,3.5594512e-12
138,./node_138_INORM,0.3980557,7.34887e-09
1199,./node_1199_INORM,0.4521451,3.6426856e-09
1467,./node_1467_INORM,0.4511696,4.690597e-09
1846,./node_1846_INORM,0.4047872,0.0000010
2015,./node_2015_INORM,0.3839493,0.0000022
1743,./node_1743_INORM,0.3572438,0.0000176
1240,./node_1240_INORM,0.4386398,2.5244848e-08
652,./node_652_INORM,0.3871007,0.0000017
351,./node_351_INORM,0.5054112,1.0262098e-09
957,./node_957_INORM,0.5144080,2.7998422e-11
5,./node_5_INORM,0.4424919,1.9438902e-09
49,./node_49_INORM,0.5050842,1.3644657e-11
1029,./node_1029_INORM,0.5573746,3.2623377e-12
576,./node_576_INORM,0.4864776,4.9895385e-12
26,./node_26_INORM,0.5109384,7.73504e-12
1046,./node_1046_INORM,0.3432986,0.0000069
1545,./node_1545_INORM,0.4261161,1.8188237e-08
519,./node_519_INORM,0.4489796,6.3660205e-09
1964,./node_1964_INORM,0.4808305,1.5504826e-08
938,./node_938_INORM,0.4592970,2.5223762e-09
1999,./node_1999_INORM,0.2623349,0.0004666
1661,./node_1661_INORM,0.3402152,0.0000029
1362,./node_1362_INORM,0.4880812,8.7872045e-11
119,./node_119_INORM,0.5963327,3.037485e-15
1145,./node_1145_INORM,0.3791476,0.0000002
1446,./node_1446_INORM,0.3161799,0.0000318
1762,./node_1762_INORM,0.3023464,0.0001294
1261,./node_1261_INORM,0.3128750,0.0000080
1867,./node_1867_INORM,0.2410177,0.0009172
2034,./node_2034_INORM,0.3330787,0.0000087
854,./node_854_INORM,0.5779296,4.3556603e-15
1808,./node_1808_INORM,0.3089577,0.0001296
751,./node_751_INORM,0.4558098,4.7085654e-10
252,./node_252_INORM,0.6220059,4.9928288e-18
488,./node_488_INORM,0.4822101,3.3014312e-09
176,./node_176_INORM,0.3804980,4.4819579e-08
475,./node_475_INORM,0.4876115,2.26051e-09
1429,./node_1429_INORM,0.2179941,0.0020485
115,./node_115_INORM,0.3883402,1.6181018e-08
1149,./node_1149_INORM,0.4519776,2.6976584e-09
416,./node_416_INORM,0.5540365,5.9697465e-15
732,./node_732_INORM,0.4103192,0.0000001
1290,./node_1290_INORM,0.4675903,5.728197e-10
1793,./node_1793_INORM,0.2600003,0.0003116
231,./node_231_INORM,0.5147821,1.1513125e-10
837,./node_837_INORM,0.5848835,3.3817618e-15
2038,./node_2038_INORM,0.4112850,0.0000002
1896,./node_1896_INORM,0.3748268,0.0000009
858,./node_858_INORM,0.5205692,2.9946939e-11
1804,./node_1804_INORM,0.2264058,0.0044814
1701,./node_1701_INORM,0.3391341,0.0000055
1202,./node_1202_INORM,0.4581232,2.9928636e-09
484,./node_484_INORM,0.4420275,2.9413373e-08
1126,./node_1126_INORM,0.5356205,1.6736784e-11
479,./node_479_INORM,0.4912016,1.8154739e-09
1425,./node_1425_INORM,0.4992557,1.0981286e-10
187,./node_187_INORM,0.5351099,1.9904433e-12
1602,./node_1602_INORM,0.3766702,0.0000005
1301,./node_1301_INORM,0.4337941,1.2969254e-08
1907,./node_1907_INORM,0.2882895,0.0004944
9,./node_9_INORM,0.4201498,9.2662855e-09
1025,./node_1025_INORM,0.4745908,2.7985412e-09
587,./node_587_INORM,0.4464026,1.4009782e-08
45,./node_45_INORM,0.5171666,3.5629726e-12
1526,./node_1526_INORM,0.1130831,0.0591298
1549,./node_1549_INORM,0.5293637,9.5332375e-11
515,./node_515_INORM,0.5627239,2.0726349e-13
1968,./node_1968_INORM,0.3815478,0.0000032
934,./node_934_INORM,0.5210218,3.3969406e-11
1995,./node_1995_INORM,0.2877403,0.0001328
1393,./node_1393_INORM,0.4133645,3.9817472e-08
631,./node_631_INORM,0.4163710,0.0000004
332,./node_332_INORM,0.5606204,6.023901e-15
1690,./node_1690_INORM,0.4094851,0.0000012
1720,./node_1720_INORM,0.4044799,0.0000007
282,./node_282_INORM,0.5683375,2.5413134e-14
781,./node_781_INORM,0.5406957,1.185112e-12
1223,./node_1223_INORM,0.4113291,5.7379765e-09
1825,./node_1825_INORM,0.3792084,0.0000024
879,./node_879_INORM,0.4961652,8.1104925e-11
884,./node_884_INORM,0.5602151,6.0855955e-14
1107,./node_1107_INORM,0.5443440,2.0898405e-13
1404,./node_1404_INORM,0.5207324,1.3442168e-10
458,./node_458_INORM,0.4398799,8.415779e-09
1168,./node_1168_INORM,0.4895384,3.3634599e-10
1496,./node_1496_INORM,0.4148173,4.7874418e-08
134,./node_134_INORM,0.3623983,0.0000004
437,./node_437_INORM,0.4393117,1.12737e-08
1195,./node_1195_INORM,0.4043321,1.521215e-08
816,./node_816_INORM,0.4771197,3.4880608e-10
2019,./node_2019_INORM,0.3754960,0.0000008
713,./node_713_INORM,0.4657261,2.0659726e-10
210,./node_210_INORM,0.5517594,4.6689873e-14
1595,./node_1595_INORM,0.4114122,3.8960114e-08
1096,./node_1096_INORM,0.5257319,1.1322403e-11
534,./node_534_INORM,0.4144781,0.0000001
1568,./node_1568_INORM,0.1775392,0.0133965
610,./node_610_INORM,0.5522511,2.3971163e-13
313,./node_313_INORM,0.5226313,4.9477915e-11
915,./node_915_INORM,0.5791934,7.2164725e-15
1949,./node_1949_INORM,0.4526813,0.0000004
1926,./node_1926_INORM,0.2952076,0.0000616
987,./node_987_INORM,0.3161466,0.0000203
381,./node_381_INORM,0.5814498,2.4464967e-13
1623,./node_1623_INORM,0.1343633,0.0438612
1320,./node_1320_INORM,0.3993431,0.0000001
682,./node_682_INORM,0.4199040,1.5653224e-08
1004,./node_1004_INORM,0.5253043,4.0543699e-11
64,./node_64_INORM,0.5222752,3.0968676e-12
99,./node_99_INORM,0.4008451,5.43122e-09
1507,./node_1507_INORM,0.4504210,2.886057e-09
560,./node_560_INORM,0.4739776,1.8668168e-08
941,./node_941_INORM,0.5747517,1.2437016e-13
644,./node_644_INORM,0.4449997,3.0780259e-08
1618,./node_1618_INORM,0.4281041,1.5644771e-08
347,./node_347_INORM,0.4836030,1.9260764e-09
1677,./node_1677_INORM,0.2850276,0.0001646
1389,./node_1389_INORM,0.5780002,8.433566e-12
328,./node_328_INORM,0.4105064,1.4000559e-08
1374,./node_1374_INORM,0.3285614,0.0000128
1972,./node_1972_INORM,0.5134804,5.7356745e-09
1050,./node_1050_INORM,0.5473686,5.941002e-13
30,./node_30_INORM,0.4061020,1.3702167e-08
1553,./node_1553_INORM,0.4068411,4.5427945e-08
1871,./node_1871_INORM,0.2949622,0.0002169
2022,./node_2022_INORM,0.3738111,0.0000006
1774,./node_1774_INORM,0.2472299,0.0009396
728,./node_728_INORM,0.5202246,4.622164e-10
1789,./node_1789_INORM,0.3416495,0.0000242
1277,./node_1277_INORM,0.3615555,0.0000004
1153,./node_1153_INORM,0.4238863,3.9268972e-08
1450,./node_1450_INORM,0.3573738,0.0000026
160,./node_160_INORM,0.4858208,2.1465605e-10
463,./node_463_INORM,0.4803245,1.4158065e-11
747,./node_747_INORM,0.4009819,0.0000001
1218,./node_1218_INORM,0.4920609,7.968392e-11
244,./node_244_INORM,0.4691330,5.299035e-09
842,./node_842_INORM,0.4754682,2.2399868e-10
1953,./node_1953_INORM,0.4603801,3.4229093e-08
1656,./node_1656_INORM,0.3964990,0.0000001
1355,./node_1355_INORM,0.4620765,5.18962e-10
309,./node_309_INORM,0.5375695,1.0018771e-10
1071,./node_1071_INORM,0.3906379,0.0000003
11,./node_11_INORM,0.4103764,2.1701089e-08
1572,./node_1572_INORM,0.3800750,0.0000013
83,./node_83_INORM,0.5225791,4.1616666e-12
541,./node_541_INORM,0.3841707,0.0000035
1639,./node_1639_INORM,0.4319510,3.9201191e-08
665,./node_665_INORM,0.4294758,0.0000001
366,./node_366_INORM,0.4498684,3.8724602e-08
698,./node_698_INORM,0.4453565,4.0088778e-08
960,./node_960_INORM,0.4536431,2.9839821e-09
141,./node_141_INORM,0.5054648,4.3419419e-11
442,./node_442_INORM,0.5147227,2.8552978e-11
863,./node_863_INORM,0.3773475,0.0000007
298,./node_298_INORM,0.5988878,1.0357689e-17
766,./node_766_INORM,0.4955356,6.999411e-10
265,./node_265_INORM,0.5172907,9.871419e-11
1239,./node_1239_INORM,0.5532784,7.0643685e-12
709,./node_709_INORM,0.5102002,9.311188e-13
1755,./node_1755_INORM,0.3106429,0.0000224
1256,./node_1256_INORM,0.3781824,0.0000001
1850,./node_1850_INORM,0.4073276,0.0000005
2003,./node_2003_INORM,0.4152740,0.0000001
1172,./node_1172_INORM,0.5239633,1.902427e-10
1471,./node_1471_INORM,0.4252413,4.978327e-09
1111,./node_1111_INORM,0.5354838,2.5263366e-11
1412,./node_1412_INORM,0.4643881,1.6565059e-09
1833,./node_1833_INORM,0.2904763,0.0005430
892,./node_892_INORM,0.5218058,3.6188536e-12
1736,./node_1736_INORM,0.3510100,0.0000019
294,./node_294_INORM,0.5263702,1.8883271e-11
269,./node_269_INORM,0.6097340,6.678162e-18
797,./node_797_INORM,0.4997006,7.6778905e-10
1235,./node_1235_INORM,0.5294558,4.7319174e-12
705,./node_705_INORM,0.5874145,2.4274256e-15
1759,./node_1759_INORM,0.2650765,0.0002198
206,./node_206_INORM,0.4787365,1.790776e-09
800,./node_800_INORM,0.4291797,1.0111445e-08
1480,./node_1480_INORM,0.1425846,0.0238330
122,./node_122_INORM,0.5072978,2.0792921e-11
421,./node_421_INORM,0.4593136,2.8803854e-08
1183,./node_1183_INORM,0.4850361,1.2733204e-10
903,./node_903_INORM,0.4822899,1.2076439e-09
606,./node_606_INORM,0.4463404,3.9292618e-08
1359,./node_1359_INORM,0.5223853,8.7697035e-10
305,./node_305_INORM,0.3829618,0.0000001
1583,./node_1583_INORM,0.4003260,0.0000001
1080,./node_1080_INORM,0.5504802,1.2802367e-13
522,./node_522_INORM,0.4263980,0.0000001
72,./node_72_INORM,0.3934173,2.1011018e-08
1012,./node_1012_INORM,0.4877847,3.0593264e-10
1511,./node_1511_INORM,0.3035164,0.0000598
397,./node_397_INORM,0.4526150,1.4595607e-08
1635,./node_1635_INORM,0.3629853,0.0000017
669,./node_669_INORM,0.4235374,0.0000002
1336,./node_1336_INORM,0.3650622,0.0000006
694,./node_694_INORM,0.5628228,5.117313e-14
1930,./node_1930_INORM,0.3990445,0.0000061
991,./node_991_INORM,0.4483490,1.3848346e-08
821,./node_821_INORM,0.5332420,1.0636142e-11
1880,./node_1880_INORM,0.3758679,0.0000103
1778,./node_1778_INORM,0.2343572,0.0035025
724,./node_724_INORM,0.3962930,0.0000002
1286,./node_1286_INORM,0.5359846,3.066753e-12
1785,./node_1785_INORM,0.3766777,0.0000008
227,./node_227_INORM,0.4881330,1.0531048e-09
103,./node_103_INORM,0.3907275,1.4645923e-08
400,./node_400_INORM,0.4725712,5.5865795e-10
492,./node_492_INORM,0.5851692,4.4610308e-13
1130,./node_1130_INORM,0.4045864,0.0000001
1433,./node_1433_INORM,0.4321511,3.2353846e-08
191,./node_191_INORM,0.4949190,4.3694859e-10
1717,./node_1717_INORM,0.1576360,0.0263832
1214,./node_1214_INORM,0.3971750,2.9292355e-08
248,./node_248_INORM,0.5670829,2.9644588e-15
1812,./node_1812_INORM,0.2993878,0.0001898
2041,./node_2041_INORM,0.3651654,0.0000013
53,./node_53_INORM,0.4870624,1.4191597e-10
1033,./node_1033_INORM,0.5820729,2.6842953e-14
591,./node_591_INORM,0.4272938,0.0000001
1530,./node_1530_INORM,0.4620591,4.7015052e-09
1911,./node_1911_INORM,0.4194860,0.0000007
648,./node_648_INORM,0.5143909,6.7308075e-10
1614,./node_1614_INORM,0.2888838,0.0001853
1317,./node_1317_INORM,0.5517156,8.001839e-12
1385,./node_1385_INORM,0.4787894,4.27536e-10
627,./node_627_INORM,0.4326175,0.0000001
324,./node_324_INORM,0.3634024,0.0000004
1686,./node_1686_INORM,0.4098557,0.0000001
1378,./node_1378_INORM,0.2204833,0.0011119
922,./node_922_INORM,0.3486291,0.0000028
1983,./node_1983_INORM,0.3847036,0.0000004
503,./node_503_INORM,0.5175198,1.3017205e-12
857,./node_857_INORM,0.4658724,4.6575112e-09
251,./node_251_INORM,0.4103304,3.5657577e-08
752,./node_752_INORM,0.3928797,0.0000002
476,./node_476_INORM,0.4793538,7.2729405e-10
188,./node_188_INORM,0.4669436,1.0168796e-09
1129,./node_1129_INORM,0.5727055,1.0268291e-13
175,./node_175_INORM,0.5472233,3.9491462e-12
1445,./node_1445_INORM,0.5857054,8.026078e-12
419,./node_419_INORM,0.4458193,6.0891625e-09
1146,./node_1146_INORM,0.3866506,0.0000003
1262,./node_1262_INORM,0.3902369,0.0000001
1761,./node_1761_INORM,0.3452494,0.0000222
1899,./node_1899_INORM,0.3836613,0.0000096
2037,./node_2037_INORM,0.3577244,0.0000016
1864,./node_1864_INORM,0.2678147,0.0011044
838,./node_838_INORM,0.4498853,1.3700389e-08
1546,./node_1546_INORM,0.1680460,0.0151066
1045,./node_1045_INORM,0.3488490,0.0000063
25,./node_25_INORM,0.5038826,1.4667009e-11
1967,./node_1967_INORM,0.5078438,1.2226745e-08
1361,./node_1361_INORM,0.4409630,5.9073275e-09
1662,./node_1662_INORM,0.4105206,3.7727055e-08
352,./node_352_INORM,0.5456939,5.2051775e-12
651,./node_651_INORM,0.5014441,2.6700148e-09
6,./node_6_INORM,0.4696471,3.8906852e-10
954,./node_954_INORM,0.3307554,0.0000076
1908,./node_1908_INORM,0.2678946,0.0002263
575,./node_575_INORM,0.4118263,0.0000012
1529,./node_1529_INORM,0.1554203,0.0202766
588,./node_588_INORM,0.4306780,4.3235412e-08
438,./node_438_INORM,0.4884343,4.9327076e-11
1464,./node_1464_INORM,0.5539216,8.064945e-11
1167,./node_1167_INORM,0.5766027,6.1329635e-11
1499,./node_1499_INORM,0.3043708,0.0000566
2016,./node_2016_INORM,0.3258117,0.0000158
819,./node_819_INORM,0.5226696,1.3550666e-11
1845,./node_1845_INORM,0.3041521,0.0000392
1243,./node_1243_INORM,0.6037045,1.2407204e-12
1740,./node_1740_INORM,0.2119250,0.0065366
270,./node_270_INORM,0.3651249,0.0000003
773,./node_773_INORM,0.5372665,2.811105e-11
876,./node_876_INORM,0.4447510,1.5967218e-08
457,./node_457_INORM,0.5323442,1.5129877e-12
154,./node_154_INORM,0.4000272,2.2863163e-08
1108,./node_1108_INORM,0.4976610,6.3258005e-10
988,./node_988_INORM,0.4662486,1.3134773e-09
1929,./node_1929_INORM,0.3573865,0.0000381
975,./node_975_INORM,0.3436905,0.0000063
373,./node_373_INORM,0.5570238,7.102363e-15
670,./node_670_INORM,0.4358191,0.0000001
96,./node_96_INORM,0.5615769,4.0667825e-13
1508,./node_1508_INORM,0.1423569,0.0274973
554,./node_554_INORM,0.4002453,0.0000016
1099,./node_1099_INORM,0.3987436,0.0000004
1567,./node_1567_INORM,0.4141817,2.9284798e-08
1064,./node_1064_INORM,0.3598277,0.0000037
1340,./node_1340_INORM,0.4806660,1.2064795e-10
1643,./node_1643_INORM,0.3456312,0.0000129
1946,./node_1946_INORM,0.2427859,0.0010612
984,./node_984_INORM,0.5425135,5.4022065e-12
1925,./node_1925_INORM,0.2933317,0.0000705
979,./node_979_INORM,0.4507328,1.6845234e-08
681,./node_681_INORM,0.3844708,0.0000002
1323,./node_1323_INORM,0.3139082,0.0000146
1620,./node_1620_INORM,0.2726308,0.0003802
382,./node_382_INORM,0.4568440,2.1276581e-08
1504,./node_1504_INORM,0.5875957,2.6667093e-11
558,./node_558_INORM,0.4116309,0.0000003
67,./node_67_INORM,0.4778199,5.6070325e-10
1007,./node_1007_INORM,0.4323067,4.1007598e-08
537,./node_537_INORM,0.5587234,1.9015553e-15
1095,./node_1095_INORM,0.5370236,6.277766e-12
1068,./node_1068_INORM,0.5014137,1.9103828e-10
1596,./node_1596_INORM,0.4264415,0.0000001
310,./node_310_INORM,0.5543065,4.8484121e-14
613,./node_613_INORM,0.4542083,2.5626039e-08
916,./node_916_INORM,0.4489964,1.1865188e-09
1196,./node_1196_INORM,0.5541885,5.113266e-12
434,./node_434_INORM,0.4626313,7.3428425e-09
1468,./node_1468_INORM,0.4896742,2.3045251e-10
137,./node_137_INORM,0.3626074,0.0000002
1495,./node_1495_INORM,0.4252405,1.2535543e-08
815,./node_815_INORM,0.4658836,1.2716441e-09
1849,./node_1849_INORM,0.3098695,0.0001117
213,./node_213_INORM,0.4469300,4.7485086e-09
710,./node_710_INORM,0.5329852,3.4364391e-12
1220,./node_1220_INORM,0.4831731,1.1141772e-09
782,./node_782_INORM,0.4348646,2.9493375e-09
281,./node_281_INORM,0.5052409,2.8129664e-10
1723,./node_1723_INORM,0.3757034,0.0000075
887,./node_887_INORM,0.3962305,0.0000001
1826,./node_1826_INORM,0.2472684,0.0023359
1407,./node_1407_INORM,0.4750995,1.9273556e-10
158,./node_158_INORM,0.5461961,1.5589368e-13
1104,./node_1104_INORM,0.5165562,7.185589e-11
516,./node_516_INORM,0.5441372,1.7446774e-14
29,./node_29_INORM,0.4080979,2.7509876e-08
1049,./node_1049_INORM,0.3673143,0.0000022
1996,./node_1996_INORM,0.2825150,0.0002174
937,./node_937_INORM,0.5742979,1.2483128e-14
1693,./node_1693_INORM,0.3466928,0.0000129
331,./node_331_INORM,0.4631213,1.1785987e-08
632,./node_632_INORM,0.5226046,2.7992303e-12
1390,./node_1390_INORM,0.5317791,2.4414007e-11
1302,./node_1302_INORM,0.4933637,5.874488e-11
1601,./node_1601_INORM,0.4073891,0.0000001
958,./node_958_INORM,0.3197368,0.0000144
1904,./node_1904_INORM,0.3395756,0.0000136
579,./node_579_INORM,0.5686519,2.3082117e-13
1525,./node_1525_INORM,0.3752662,0.0000008
46,./node_46_INORM,0.4348960,4.6809369e-09
584,./node_584_INORM,0.5103408,1.2796009e-09
1026,./node_1026_INORM,0.3487748,0.0000053
1807,./node_1807_INORM,0.2812783,0.0002222
1201,./node_1201_INORM,0.4148957,6.828793e-09
1702,./node_1702_INORM,0.1500577,0.0306187
184,./node_184_INORM,0.5360159,6.8141e-13
1426,./node_1426_INORM,0.5469290,2.181299e-10
1125,./node_1125_INORM,0.4177958,1.7362278e-08
487,./node_487_INORM,0.4416627,6.1732635e-10
179,./node_179_INORM,0.3908377,1.4990316e-08
1449,./node_1449_INORM,0.3867816,0.0000006
415,./node_415_INORM,0.4780130,6.15385e-09
116,./node_116_INORM,0.4662338,2.4590197e-09
232,./node_232_INORM,0.6259272,3.8362337e-18
1790,./node_1790_INORM,0.2420137,0.0012151
1293,./node_1293_INORM,0.3626366,0.0000005
731,./node_731_INORM,0.4781013,2.7749291e-09
1895,./node_1895_INORM,0.4141767,0.0000003
1868,./node_1868_INORM,0.2508229,0.0016836
834,./node_834_INORM,0.4129489,0.0000001
1255,./node_1255_INORM,0.5538399,6.7596145e-12
209,./node_209_INORM,0.6031978,4.5089853e-16
1756,./node_1756_INORM,0.2050911,0.0077489
2000,./node_2000_INORM,0.2960208,0.0001138
1853,./node_1853_INORM,0.3104508,0.0000770
1472,./node_1472_INORM,0.1226131,0.0471699
1171,./node_1171_INORM,0.4490336,1.927948e-10
441,./node_441_INORM,0.4628395,8.5575545e-09
142,./node_142_INORM,0.3748343,0.0000001
860,./node_860_INORM,0.5071257,1.0608157e-10
266,./node_266_INORM,0.5952360,1.8927447e-16
798,./node_798_INORM,0.4504662,1.0387696e-08
1739,./node_1739_INORM,0.3032938,0.0000284
765,./node_765_INORM,0.5493551,4.4771941e-14
542,./node_542_INORM,0.4007921,0.0000001
80,./node_80_INORM,0.3947458,0.0000001
365,./node_365_INORM,0.3765127,0.0000003
1339,./node_1339_INORM,0.4673909,6.3950535e-10
398,./node_398_INORM,0.4821918,4.3020034e-09
666,./node_666_INORM,0.5417095,3.5490893e-11
963,./node_963_INORM,0.4678433,7.0038435e-10
1950,./node_1950_INORM,0.3695692,0.0000010
1356,./node_1356_INORM,0.5219526,7.9744125e-11
609,./node_609_INORM,0.4861333,8.39225e-09
1655,./node_1655_INORM,0.3656792,0.0000007
1571,./node_1571_INORM,0.0889808,0.1072749
12,./node_12_INORM,0.4998825,1.9706143e-11
1072,./node_1072_INORM,0.5130879,1.3447163e-09
460,./node_460_INORM,0.5719471,1.0692706e-12
163,./node_163_INORM,0.4573176,5.9439095e-09
247,./node_247_INORM,0.6055966,3.9053046e-17
744,./node_744_INORM,0.4596002,8.837869e-09
1718,./node_1718_INORM,0.3223131,0.0000236
841,./node_841_INORM,0.5204667,5.576363e-11
2021,./node_2021_INORM,0.3353285,0.0000073
1872,./node_1872_INORM,0.3720385,0.0000024
228,./node_228_INORM,0.3690257,0.0000001
1274,./node_1274_INORM,0.4736502,2.0682533e-10
1777,./node_1777_INORM,0.2754337,0.0001498
1289,./node_1289_INORM,0.2715381,0.0000877
1453,./node_1453_INORM,0.4493647,2.464016e-09
1150,./node_1150_INORM,0.5222231,5.990487e-11
1689,./node_1689_INORM,0.2481087,0.0014234
1377,./node_1377_INORM,0.3961095,0.0000001
1674,./node_1674_INORM,0.4146904,0.0000001
628,./node_628_INORM,0.5688642,1.4911587e-12
1971,./node_1971_INORM,0.2596350,0.0006553
1550,./node_1550_INORM,0.5690863,1.0342935e-10
33,./node_33_INORM,0.5087750,8.1477075e-12
1053,./node_1053_INORM,0.4684569,5.66968e-10
563,./node_563_INORM,0.4406510,0.0000001
942,./node_942_INORM,0.5525015,1.0821998e-12
1318,./node_1318_INORM,0.4929679,9.23838e-11
344,./node_344_INORM,0.4555279,1.6128759e-08
647,./node_647_INORM,0.4108183,0.0000004
1685,./node_1685_INORM,0.1417024,0.0382849
327,./node_327_INORM,0.3945647,0.0000001
1678,./node_1678_INORM,0.1133754,0.0728266
624,./node_624_INORM,0.4216038,0.0000001
1386,./node_1386_INORM,0.4001974,0.0000001
1980,./node_1980_INORM,0.3026429,0.0000503
921,./node_921_INORM,0.5556948,9.209674e-14
500,./node_500_INORM,0.4159764,0.0000004
1533,./node_1533_INORM,0.3921658,0.0000001
592,./node_592_INORM,0.5287874,1.2998377e-13
1030,./node_1030_INORM,0.5064993,7.7285575e-11
50,./node_50_INORM,0.4871993,1.5477282e-10
1912,./node_1912_INORM,0.3691595,0.0000103
1314,./node_1314_INORM,0.5925884,3.7273983e-12
348,./node_348_INORM,0.5134475,9.6062415e-11
1617,./node_1617_INORM,0.4294170,0.0000001
192,./node_192_INORM,0.3786031,0.0000001
1430,./node_1430_INORM,0.5415461,3.3834803e-11
1133,./node_1133_INORM,0.4207524,0.0000001
491,./node_491_INORM,0.5387119,4.3872559e-13
1217,./node_1217_INORM,0.4089666,0.0000001
748,./node_748_INORM,0.5395031,1.046822e-10
1714,./node_1714_INORM,0.2333579,0.0025987
2042,./node_2042_INORM,0.3484848,0.0000034
1811,./node_1811_INORM,0.3421224,0.0000050
1883,./node_1883_INORM,0.2543338,0.0009549
822,./node_822_INORM,0.4554284,5.285672e-09
224,./node_224_INORM,0.3733038,0.0000001
1786,./node_1786_INORM,0.3342235,0.0000071
1278,./node_1278_INORM,0.5111879,2.0463392e-11
1285,./node_1285_INORM,0.6058934,1.4853734e-11
727,./node_727_INORM,0.4020004,0.0000002
403,./node_403_INORM,0.4384657,2.9842152e-09
100,./node_100_INORM,0.5090702,1.1220809e-11
1512,./node_1512_INORM,0.4337910,3.4904908e-08
1011,./node_1011_INORM,0.3290336,0.0000098
71,./node_71_INORM,0.3908147,1.5133485e-08
369,./node_369_INORM,0.4916447,7.170433e-10
697,./node_697_INORM,0.4090125,0.0000001
1335,./node_1335_INORM,0.3260493,0.0000078
1636,./node_1636_INORM,0.0987666,0.0979568
394,./node_394_INORM,0.4741906,1.8009115e-10
992,./node_992_INORM,0.3932986,0.0000004
1933,./node_1933_INORM,0.4480873,0.0000002
900,./node_900_INORM,0.5049531,9.7017665e-11
306,./node_306_INORM,0.3538505,0.0000007
605,./node_605_INORM,0.4096500,0.0000006
1659,./node_1659_INORM,0.5120623,3.655421e-10
521,./node_521_INORM,0.4827197,1.4772833e-08
1083,./node_1083_INORM,0.5003054,1.0426496e-09
1580,./node_1580_INORM,0.3009462,0.0000646
1259,./node_1259_INORM,0.4276249,1.3499676e-08
205,./node_205_INORM,0.3813232,3.7451882e-08
706,./node_706_INORM,0.5478853,2.5721834e-11
803,./node_803_INORM,0.5250640,1.2295998e-11
1180,./node_1180_INORM,0.5540770,7.502518e-13
422,./node_422_INORM,0.4359228,1.4603311e-08
121,./node_121_INORM,0.3737248,0.0000002
1483,./node_1483_INORM,0.1591958,0.0138970
1411,./node_1411_INORM,0.2438584,0.0004640
1112,./node_1112_INORM,0.4209364,0.0000001
891,./node_891_INORM,0.5029326,3.4920641e-10
1830,./node_1830_INORM,0.3408863,0.0000150
1236,./node_1236_INORM,0.4276553,4.9042799e-09
794,./node_794_INORM,0.4120480,3.0881927e-08
297,./node_297_INORM,0.5323130,4.5733637e-12
1735,./node_1735_INORM,0.3920913,0.0000002
769,./node_769_INORM,0.4612058,4.1405594e-09
1663,./node_1663_INORM,0.3869995,0.0000003
1360,./node_1360_INORM,0.4925344,4.7139577e-11
1966,./node_1966_INORM,0.4317281,0.0000001
1044,./node_1044_INORM,0.3541204,0.0000044
24,./node_24_INORM,0.3962272,2.8096425e-08
1547,./node_1547_INORM,0.1250462,0.0488447
589,./node_589_INORM,0.4319461,3.2553601e-08
1528,./node_1528_INORM,0.1259225,0.0443320
574,./node_574_INORM,0.5450733,2.902648e-14
1909,./node_1909_INORM,0.3084031,0.0002484
955,./node_955_INORM,0.4158091,0.0000001
7,./node_7_INORM,0.4960972,2.9921936e-11
650,./node_650_INORM,0.4961662,3.4208095e-09
353,./node_353_INORM,0.5979158,9.150602e-18
174,./node_174_INORM,0.5962919,1.6769352e-14
1128,./node_1128_INORM,0.5371483,1.9990212e-12
189,./node_189_INORM,0.6060196,7.60112e-16
477,./node_477_INORM,0.5494716,1.0885992e-12
753,./node_753_INORM,0.3940558,0.0000002
250,./node_250_INORM,0.3757909,0.0000001
856,./node_856_INORM,0.5146721,1.4389987e-10
839,./node_839_INORM,0.5564840,2.9637567e-14
1865,./node_1865_INORM,0.3448570,0.0000046
2036,./node_2036_INORM,0.4451738,2.2479647e-08
1898,./node_1898_INORM,0.3088435,0.0001848
1760,./node_1760_INORM,0.3507557,0.0000065
1263,./node_1263_INORM,0.5186325,1.1197887e-11
1147,./node_1147_INORM,0.4615610,2.2848565e-09
418,./node_418_INORM,0.4535669,2.5633336e-08
1444,./node_1444_INORM,0.4545839,1.1282785e-09
97,./node_97_INORM,0.4767452,1.2491478e-09
555,./node_555_INORM,0.5514286,2.8809085e-13
1509,./node_1509_INORM,0.1558091,0.0191925
671,./node_671_INORM,0.4027657,0.0000004
372,./node_372_INORM,0.4690134,1.0566911e-08
974,./node_974_INORM,0.5098055,5.143025e-11
1928,./node_1928_INORM,0.3873617,0.0000008
989,./node_989_INORM,0.3159863,0.0000208
1947,./node_1947_INORM,0.2540371,0.0009801
1642,./node_1642_INORM,0.4370583,0.0000002
1341,./node_1341_INORM,0.4941678,1.1969983e-10
1065,./node_1065_INORM,0.5762435,5.686738e-14
1566,./node_1566_INORM,0.5319695,7.588332e-10
1098,./node_1098_INORM,0.4007286,0.0000002
1741,./node_1741_INORM,0.2552824,0.0007265
1242,./node_1242_INORM,0.5775116,2.5766545e-11
1844,./node_1844_INORM,0.3800500,0.0000051
818,./node_818_INORM,0.3712368,0.0000005
2017,./node_2017_INORM,0.2789941,0.0001769
1498,./node_1498_INORM,0.4012486,0.0000001
1166,./node_1166_INORM,0.5813780,4.689005e-11
1465,./node_1465_INORM,0.1850683,0.0074329
439,./node_439_INORM,0.4800257,1.2918716e-08
1109,./node_1109_INORM,0.5225472,6.1647325e-12
155,./node_155_INORM,0.3943889,1.0796599e-08
456,./node_456_INORM,0.4749838,1.2575358e-10
877,./node_877_INORM,0.3892060,0.0000002
772,./node_772_INORM,0.4646286,4.1732841e-09
271,./node_271_INORM,0.5631942,5.6738155e-13
711,./node_711_INORM,0.4458936,3.5916352e-08
212,./node_212_INORM,0.3729146,0.0000001
1848,./node_1848_INORM,0.2920076,0.0005553
814,./node_814_INORM,0.5203953,6.2689275e-11
1494,./node_1494_INORM,0.3970401,0.0000001
136,./node_136_INORM,0.5195620,1.0660765e-11
1469,./node_1469_INORM,0.4355000,1.2000802e-08
435,./node_435_INORM,0.5895812,1.3705714e-16
1197,./node_1197_INORM,0.4232810,4.3295617e-09
1105,./node_1105_INORM,0.4105980,0.0000002
159,./node_159_INORM,0.4963903,9.1993065e-11
1406,./node_1406_INORM,0.4723985,7.014889e-10
1827,./node_1827_INORM,0.3264269,0.0000152
886,./node_886_INORM,0.3551089,0.0000028
1722,./node_1722_INORM,0.3680115,0.0000021
280,./node_280_INORM,0.4317177,2.9915688e-08
783,./node_783_INORM,0.4767620,2.0789201e-09
1221,./node_1221_INORM,0.5371793,2.9494408e-12
66,./node_66_INORM,0.5313345,2.9251181e-12
1006,./node_1006_INORM,0.3338221,0.0000077
559,./node_559_INORM,0.3758981,0.0000068
1505,./node_1505_INORM,0.2127721,0.0029975
383,./node_383_INORM,0.4048772,0.0000001
1621,./node_1621_INORM,0.0894419,0.1149167
1322,./node_1322_INORM,0.4407702,2.0487361e-08
680,./node_680_INORM,0.4571970,1.9823581e-08
978,./node_978_INORM,0.3256547,0.0000111
1924,./node_1924_INORM,0.4452523,0.0000003
985,./node_985_INORM,0.3153722,0.0000181
917,./node_917_INORM,0.3563982,0.0000015
612,./node_612_INORM,0.5257351,2.8044062e-10
311,./node_311_INORM,0.5153119,1.3971274e-10
1597,./node_1597_INORM,0.3797372,0.0000003
1069,./node_1069_INORM,0.5228058,4.4438846e-10
1094,./node_1094_INORM,0.4687162,4.2110333e-10
536,./node_536_INORM,0.5054658,1.9078439e-09
178,./node_178_INORM,0.6172511,1.3381219e-16
486,./node_486_INORM,0.4540806,4.8783689e-08
1124,./node_1124_INORM,0.5111368,6.3619465e-12
1427,./node_1427_INORM,0.4735444,2.7381752e-10
185,./node_185_INORM,0.5163394,1.9677245e-11
1703,./node_1703_INORM,0.1659013,0.0222365
1200,./node_1200_INORM,0.4089541,9.2665525e-09
1806,./node_1806_INORM,0.2504706,0.0005487
835,./node_835_INORM,0.5322026,2.5340292e-12
1869,./node_1869_INORM,0.2335161,0.0026491
1894,./node_1894_INORM,0.4024052,0.0000010
730,./node_730_INORM,0.5349235,1.2352993e-10
1292,./node_1292_INORM,0.3950958,0.0000002
1791,./node_1791_INORM,0.3978582,0.0000009
233,./node_233_INORM,0.5250176,3.8333421e-11
117,./node_117_INORM,0.5323086,1.2076329e-12
414,./node_414_INORM,0.4777328,4.454246e-11
1448,./node_1448_INORM,0.4885938,1.4711647e-10
1391,./node_1391_INORM,0.5581369,7.9544815e-12
633,./node_633_INORM,0.4321161,1.2988901e-08
330,./node_330_INORM,0.5060227,1.3171919e-11
1692,./node_1692_INORM,0.3508084,0.0000052
936,./node_936_INORM,0.5902028,6.879581e-15
1997,./node_1997_INORM,0.3588585,0.0000020
28,./node_28_INORM,0.4802269,1.0916981e-10
1048,./node_1048_INORM,0.5428881,1.1772035e-12
517,./node_517_INORM,0.5615358,2.6713574e-12
47,./node_47_INORM,0.4468329,2.1558875e-09
1027,./node_1027_INORM,0.3519593,0.0000037
585,./node_585_INORM,0.5838020,1.642943e-15
1524,./node_1524_INORM,0.1201420,0.0470052
578,./node_578_INORM,0.4359495,0.0000001
1905,./node_1905_INORM,0.4153827,0.0000005
959,./node_959_INORM,0.4898734,1.4726072e-10
1600,./node_1600_INORM,0.1049530,0.0826256
1303,./node_1303_INORM,0.5086873,8.1238335e-11
962,./node_962_INORM,0.5110586,7.45324e-12
667,./node_667_INORM,0.4652416,4.8257921e-09
399,./node_399_INORM,0.5142489,2.5204429e-10
1338,./node_1338_INORM,0.4746530,3.0876832e-10
364,./node_364_INORM,0.5791823,7.8069565e-14
543,./node_543_INORM,0.5216209,2.5375175e-10
81,./node_81_INORM,0.4390996,3.2499134e-09
13,./node_13_INORM,0.4854614,1.0123489e-10
1073,./node_1073_INORM,0.4989180,2.378726e-10
1570,./node_1570_INORM,0.3847792,0.0000001
1654,./node_1654_INORM,0.1964166,0.0087230
608,./node_608_INORM,0.4956641,3.7493278e-09
1357,./node_1357_INORM,0.4323730,1.3089365e-08
1951,./node_1951_INORM,0.2540424,0.0007728
1170,./node_1170_INORM,0.4412127,6.344455e-09
1473,./node_1473_INORM,0.4229034,1.6388881e-08
1852,./node_1852_INORM,0.2728745,0.0009965
2001,./node_2001_INORM,0.3220455,0.0000268
1757,./node_1757_INORM,0.4037891,0.0000002
208,./node_208_INORM,0.3922063,0.0000001
1254,./node_1254_INORM,0.3543224,0.0000004
764,./node_764_INORM,0.5282527,2.3470477e-10
1738,./node_1738_INORM,0.3271084,0.0000088
799,./node_799_INORM,0.4982925,9.176711e-10
267,./node_267_INORM,0.5569216,2.0670133e-12
861,./node_861_INORM,0.4556098,5.2845575e-09
143,./node_143_INORM,0.5409748,5.744181e-13
440,./node_440_INORM,0.4667576,1.3570423e-08
32,./node_32_INORM,0.4845159,1.5130835e-10
1052,./node_1052_INORM,0.4033578,0.0000001
1551,./node_1551_INORM,0.5175243,1.6919482e-10
1970,./node_1970_INORM,0.2688967,0.0003239
629,./node_629_INORM,0.4238455,6.4088175e-09
1675,./node_1675_INORM,0.1179410,0.0660776
1376,./node_1376_INORM,0.5658166,6.0501095e-12
1688,./node_1688_INORM,0.2750799,0.0002624
646,./node_646_INORM,0.4221853,0.0000001
345,./node_345_INORM,0.5888625,5.495572e-17
1319,./node_1319_INORM,0.5992348,1.7825811e-12
943,./node_943_INORM,0.3633484,0.0000024
562,./node_562_INORM,0.3732518,0.0000076
840,./node_840_INORM,0.5287653,1.6732475e-11
1719,./node_1719_INORM,0.3064416,0.0001191
745,./node_745_INORM,0.4121480,1.505158e-08
246,./node_246_INORM,0.5549346,1.8675489e-13
162,./node_162_INORM,0.5164548,1.6077549e-11
461,./node_461_INORM,0.5337390,7.240384e-11
1151,./node_1151_INORM,0.5042330,2.0676053e-11
1452,./node_1452_INORM,0.4017080,0.0000001
1288,./node_1288_INORM,0.4844769,1.480441e-10
1776,./node_1776_INORM,0.2112938,0.0068766
1275,./node_1275_INORM,0.5882489,1.3409833e-12
229,./node_229_INORM,0.5790037,3.0025399e-13
1873,./node_1873_INORM,0.2397725,0.0010834
2020,./node_2020_INORM,0.4775739,1.1736137e-08
1810,./node_1810_INORM,0.2346440,0.0035808
2043,./node_2043_INORM,0.3532424,0.0000025
1715,./node_1715_INORM,0.3491494,0.0000168
749,./node_749_INORM,0.4953161,4.1843837e-10
1216,./node_1216_INORM,0.5324628,5.9532365e-12
490,./node_490_INORM,0.4915925,8.469625e-12
1132,./node_1132_INORM,0.5741055,2.477926e-12
1431,./node_1431_INORM,0.5283658,8.7630365e-11
193,./node_193_INORM,0.3847195,2.8146918e-08
101,./node_101_INORM,0.5407266,4.5228621e-13
402,./node_402_INORM,0.4312357,5.7440205e-09
726,./node_726_INORM,0.5142136,5.8888705e-10
1284,./node_1284_INORM,0.3588723,0.0000010
1279,./node_1279_INORM,0.4316309,4.0329541e-09
1787,./node_1787_INORM,0.2985711,0.0001890
225,./node_225_INORM,0.4905927,3.7889323e-10
823,./node_823_INORM,0.5109177,7.955367e-12
1882,./node_1882_INORM,0.3328223,0.0000152
501,./node_501_INORM,0.5379956,6.7684745e-11
920,./node_920_INORM,0.5256421,4.739192e-12
1981,./node_1981_INORM,0.2900969,0.0001601
1387,./node_1387_INORM,0.2065711,0.0025800
625,./node_625_INORM,0.5554325,1.0514917e-12
1679,./node_1679_INORM,0.3650961,0.0000063
326,./node_326_INORM,0.3838374,0.0000001
1684,./node_1684_INORM,0.2703963,0.0004678
1616,./node_1616_INORM,0.4354007,0.0000001
349,./node_349_INORM,0.4746982,3.6395179e-09
1315,./node_1315_INORM,0.5345371,1.3486244e-10
1913,./node_1913_INORM,0.3018610,0.0002627
1031,./node_1031_INORM,0.3594183,0.0000020
593,./node_593_INORM,0.4379457,1.5154401e-08
51,./node_51_INORM,0.4003390,7.9972465e-09
1532,./node_1532_INORM,0.4257904,2.0396225e-08
1482,./node_1482_INORM,0.2996523,0.0000988
120,./node_120_INORM,0.5299636,1.0832326e-11
423,./node_423_INORM,0.5191458,1.0093648e-10
1181,./node_1181_INORM,0.4495893,2.4989444e-09
802,./node_802_INORM,0.3808871,0.0000003
707,./node_707_INORM,0.4034595,0.0000002
204,./node_204_INORM,0.3832985,0.0000001
1258,./node_1258_INORM,0.4949571,1.1202236e-10
768,./node_768_INORM,0.5867775,3.4235013e-15
1734,./node_1734_INORM,0.1754654,0.0174926
296,./node_296_INORM,0.4352344,5.8528855e-09
795,./node_795_INORM,0.5101287,3.4699214e-12
1237,./node_1237_INORM,0.3879975,3.7297023e-08
1831,./node_1831_INORM,0.3180790,0.0001677
890,./node_890_INORM,0.5212564,1.142815e-11
1113,./node_1113_INORM,0.5516021,9.892884e-11
1410,./node_1410_INORM,0.3583486,0.0000015
1932,./node_1932_INORM,0.2420405,0.0015535
993,./node_993_INORM,0.4331062,4.740337e-08
395,./node_395_INORM,0.5082568,8.935759e-10
1637,./node_1637_INORM,0.4071148,0.0000015
1334,./node_1334_INORM,0.4237549,1.1955621e-08
696,./node_696_INORM,0.5347039,2.1227496e-12
368,./node_368_INORM,0.3977269,3.7693452e-08
1010,./node_1010_INORM,0.5379220,6.8682675e-12
70,./node_70_INORM,0.4044182,4.7290234e-09
1513,./node_1513_INORM,0.3953171,4.8968742e-08
1581,./node_1581_INORM,0.1116473,0.0715716
1082,./node_1082_INORM,0.3798446,0.0000009
520,./node_520_INORM,0.4191463,2.4542251e-08
1658,./node_1658_INORM,0.3988952,0.0000005
604,./node_604_INORM,0.4326299,0.0000001
307,./node_307_INORM,0.4898917,1.6759204e-09
901,./node_901_INORM,0.4048441,0.0000001
