node,name,H2r,rp
370,./node_370_INORM,0.5269176,4.5211934e-11
673,./node_673_INORM,0.3285568,0.0000073
976,./node_976_INORM,0.2977263,0.0001501
8,./node_8_INORM,0.4619130,7.8459175e-10
557,./node_557_INORM,0.4613744,8.252518e-10
15,./node_15_INORM,0.4605831,7.6225115e-10
87,./node_87_INORM,0.5593861,1.7886464e-13
538,./node_538_INORM,0.5168959,1.091196e-12
919,./node_919_INORM,0.3333094,0.0000253
138,./node_138_INORM,0.5920324,8.586349e-15
888,./node_888_INORM,0.3305015,0.0000193
875,./node_875_INORM,0.3365633,0.0000112
273,./node_273_INORM,0.6125917,7.2243455e-14
770,./node_770_INORM,0.2975958,0.0000621
454,./node_454_INORM,0.4592855,8.437976e-10
157,./node_157_INORM,0.4661794,7.261858e-09
519,./node_519_INORM,0.4110546,2.7918494e-09
938,./node_938_INORM,0.2606544,0.0005793
957,./node_957_INORM,0.3105373,0.0000596
351,./node_351_INORM,0.5113237,4.1125928e-10
652,./node_652_INORM,0.4686105,2.74561e-10
576,./node_576_INORM,0.4421094,9.0178535e-10
34,./node_34_INORM,0.4711102,3.0501719e-10
252,./node_252_INORM,0.5385130,6.6150295e-13
751,./node_751_INORM,0.3148690,0.0000126
854,./node_854_INORM,0.3487072,0.0000100
475,./node_475_INORM,0.4718108,2.0531349e-11
176,./node_176_INORM,0.6306173,1.405556e-15
488,./node_488_INORM,0.4536564,2.3248612e-10
119,./node_119_INORM,0.5443112,1.8073832e-12
858,./node_858_INORM,0.3541528,0.0000099
187,./node_187_INORM,0.4558198,8.3107485e-10
479,./node_479_INORM,0.4462552,5.3516205e-09
484,./node_484_INORM,0.5035457,8.5716985e-12
416,./node_416_INORM,0.5602705,3.9052315e-13
115,./node_115_INORM,0.4325956,7.348643e-09
837,./node_837_INORM,0.3238856,0.0000215
231,./node_231_INORM,0.4638164,1.0275126e-09
732,./node_732_INORM,0.3893615,0.0000004
515,./node_515_INORM,0.4899029,5.4412805e-12
57,./node_57_INORM,0.4002571,1.7077432e-08
332,./node_332_INORM,0.4446177,1.6788545e-09
631,./node_631_INORM,0.4686436,2.1611261e-10
934,./node_934_INORM,0.3018169,0.0001232
38,./node_38_INORM,0.3960097,2.592562e-08
587,./node_587_INORM,0.4264043,4.5947236e-08
437,./node_437_INORM,0.5737706,2.3362722e-14
134,./node_134_INORM,0.4617903,4.418912e-09
210,./node_210_INORM,0.6148555,2.8223376e-15
713,./node_713_INORM,0.3070247,0.0000245
816,./node_816_INORM,0.2711836,0.0004587
884,./node_884_INORM,0.3082099,0.0000964
879,./node_879_INORM,0.3310595,0.0000154
781,./node_781_INORM,0.3387646,0.0000030
282,./node_282_INORM,0.5844104,1.5159436e-12
1007,./node_1007_INORM,0.3082788,0.0001040
458,./node_458_INORM,0.4943429,5.532667e-11
682,./node_682_INORM,0.3403513,0.0000013
381,./node_381_INORM,0.4500425,4.5018079e-09
987,./node_987_INORM,0.2852099,0.0002365
4,./node_4_INORM,0.4110316,2.1127861e-08
19,./node_19_INORM,0.3878514,0.0000001
534,./node_534_INORM,0.4880105,5.286039e-11
76,./node_76_INORM,0.4466074,2.2233464e-09
915,./node_915_INORM,0.3216558,0.0000356
313,./node_313_INORM,0.6232692,5.511508e-15
610,./node_610_INORM,0.4341823,1.4078432e-08
328,./node_328_INORM,0.6468561,4.1279494e-16
560,./node_560_INORM,0.4546769,1.1069367e-09
22,./node_22_INORM,0.4061772,1.988878e-08
347,./node_347_INORM,0.5980626,3.9033922e-14
644,./node_644_INORM,0.4411861,5.5929015e-09
941,./node_941_INORM,0.3041666,0.0000770
463,./node_463_INORM,0.4519438,6.767893e-11
160,./node_160_INORM,0.5875928,5.2310985e-14
842,./node_842_INORM,0.3254880,0.0000277
244,./node_244_INORM,0.6546399,1.1705121e-17
747,./node_747_INORM,0.2979246,0.0000442
728,./node_728_INORM,0.3246879,0.0000061
541,./node_541_INORM,0.4355453,1.2019562e-08
960,./node_960_INORM,0.2728137,0.0003650
698,./node_698_INORM,0.4239543,4.4965966e-08
366,./node_366_INORM,0.4933118,1.3005516e-11
665,./node_665_INORM,0.3274381,0.0000083
309,./node_309_INORM,0.5007749,1.8462812e-09
91,./node_91_INORM,0.5017431,9.37611e-12
709,./node_709_INORM,0.4086872,0.0000002
442,./node_442_INORM,0.4823314,1.8758372e-10
141,./node_141_INORM,0.4837058,2.2545457e-09
265,./node_265_INORM,0.5380638,5.8928225e-10
766,./node_766_INORM,0.2842830,0.0001547
298,./node_298_INORM,0.4998031,7.136246e-11
863,./node_863_INORM,0.2768558,0.0004086
800,./node_800_INORM,0.3585216,0.0000018
206,./node_206_INORM,0.6004609,6.164601e-14
705,./node_705_INORM,0.3295394,0.0000025
421,./node_421_INORM,0.5389117,1.1229488e-12
122,./node_122_INORM,0.5368338,1.4466395e-11
1011,./node_1011_INORM,0.2925682,0.0001906
797,./node_797_INORM,0.2754423,0.0003062
269,./node_269_INORM,0.5195241,4.4376159e-12
294,./node_294_INORM,0.5139891,9.6450395e-10
892,./node_892_INORM,0.2985310,0.0000570
991,./node_991_INORM,0.3005180,0.0001195
694,./node_694_INORM,0.4231475,0.0000001
669,./node_669_INORM,0.3390052,0.0000034
397,./node_397_INORM,0.4797231,3.8289464e-11
305,./node_305_INORM,0.5478376,2.4543318e-11
606,./node_606_INORM,0.4432187,1.1556137e-08
903,./node_903_INORM,0.2976066,0.0000984
522,./node_522_INORM,0.4825744,1.1383114e-10
60,./node_60_INORM,0.5239764,4.5545211e-12
191,./node_191_INORM,0.4180472,1.2990467e-08
492,./node_492_INORM,0.4473670,1.9928655e-09
248,./node_248_INORM,0.4641920,8.464384e-10
227,./node_227_INORM,0.6717622,2.8787715e-17
724,./node_724_INORM,0.3887924,0.0000006
821,./node_821_INORM,0.3085522,0.0000892
400,./node_400_INORM,0.4752993,3.012808e-10
103,./node_103_INORM,0.5677230,6.4936645e-14
922,./node_922_INORM,0.3054053,0.0000742
324,./node_324_INORM,0.5553264,1.3549648e-13
627,./node_627_INORM,0.3713594,0.0000003
503,./node_503_INORM,0.5427393,1.3935003e-13
41,./node_41_INORM,0.3944465,2.9218083e-08
591,./node_591_INORM,0.3442510,0.0000003
648,./node_648_INORM,0.4235550,2.1694017e-08
139,./node_139_INORM,0.5757558,6.94136e-14
156,./node_156_INORM,0.5697240,2.5164703e-14
455,./node_455_INORM,0.4530662,6.382208e-11
771,./node_771_INORM,0.3346822,0.0000033
272,./node_272_INORM,0.6735949,3.5724603e-17
874,./node_874_INORM,0.3028568,0.0001004
889,./node_889_INORM,0.3319255,0.0000082
14,./node_14_INORM,0.4230525,7.2033145e-09
556,./node_556_INORM,0.4718793,2.1835327e-10
9,./node_9_INORM,0.3836084,0.0000001
977,./node_977_INORM,0.2869544,0.0002278
672,./node_672_INORM,0.3106230,0.0000193
371,./node_371_INORM,0.5734853,2.291962e-13
918,./node_918_INORM,0.3577747,0.0000083
86,./node_86_INORM,0.5200892,6.9526315e-12
539,./node_539_INORM,0.4415827,4.3065266e-10
489,./node_489_INORM,0.4822543,2.8843726e-11
177,./node_177_INORM,0.4781221,8.9513085e-09
474,./node_474_INORM,0.4910823,6.4715325e-12
855,./node_855_INORM,0.3267896,0.0000155
750,./node_750_INORM,0.3119778,0.0000124
253,./node_253_INORM,0.6499296,4.9115928e-17
118,./node_118_INORM,0.4438325,1.8083859e-09
939,./node_939_INORM,0.2803887,0.0002759
518,./node_518_INORM,0.4396466,4.2974842e-10
35,./node_35_INORM,0.4830149,9.1845355e-11
577,./node_577_INORM,0.4265685,9.9144105e-10
653,./node_653_INORM,0.3723325,0.0000003
350,./node_350_INORM,0.5831251,1.7050372e-14
956,./node_956_INORM,0.3025673,0.0001001
935,./node_935_INORM,0.2592237,0.0006054
630,./node_630_INORM,0.3400748,0.0000026
333,./node_333_INORM,0.5380767,4.2785439e-11
56,./node_56_INORM,0.4108093,8.611805e-09
514,./node_514_INORM,0.4584784,6.6869995e-11
39,./node_39_INORM,0.4243487,3.3226158e-09
586,./node_586_INORM,0.4325269,2.4465149e-08
485,./node_485_INORM,0.5426632,1.694753e-13
478,./node_478_INORM,0.4298580,1.6308523e-08
186,./node_186_INORM,0.6090682,3.3993921e-15
859,./node_859_INORM,0.3362460,0.0000068
733,./node_733_INORM,0.3205888,0.0000121
230,./node_230_INORM,0.4977859,5.8513015e-09
836,./node_836_INORM,0.3157544,0.0000670
114,./node_114_INORM,0.4262806,3.8003828e-09
417,./node_417_INORM,0.5612499,8.9469215e-14
18,./node_18_INORM,0.4307022,4.250096e-09
5,./node_5_INORM,0.4201062,1.3785749e-08
986,./node_986_INORM,0.2919497,0.0001669
380,./node_380_INORM,0.4493701,2.4843943e-10
683,./node_683_INORM,0.3063338,0.0000303
611,./node_611_INORM,0.4845145,1.7024491e-11
312,./node_312_INORM,0.4558995,1.0330976e-09
914,./node_914_INORM,0.3147724,0.0000313
77,./node_77_INORM,0.3981536,1.9403463e-08
535,./node_535_INORM,0.3709077,4.9036679e-08
817,./node_817_INORM,0.2527034,0.0011443
712,./node_712_INORM,0.2770997,0.0001411
211,./node_211_INORM,0.6093942,7.02293e-15
135,./node_135_INORM,0.4529731,1.8640203e-09
436,./node_436_INORM,0.5165991,7.248992e-12
459,./node_459_INORM,0.5433779,5.455481e-13
1006,./node_1006_INORM,0.2855764,0.0002542
283,./node_283_INORM,0.6595326,1.4493551e-17
780,./node_780_INORM,0.2507084,0.0012254
878,./node_878_INORM,0.3420551,0.0000073
885,./node_885_INORM,0.3588628,0.0000034
746,./node_746_INORM,0.3714761,0.0000011
245,./node_245_INORM,0.5017915,4.0179257e-09
843,./node_843_INORM,0.3275774,0.0000078
161,./node_161_INORM,0.4781672,6.5664285e-11
462,./node_462_INORM,0.4441429,3.6130771e-10
729,./node_729_INORM,0.3958249,0.0000003
329,./node_329_INORM,0.5060967,2.6708322e-10
940,./node_940_INORM,0.3252893,0.0000266
645,./node_645_INORM,0.3472883,0.0000012
346,./node_346_INORM,0.4977842,6.6847495e-10
23,./node_23_INORM,0.4858929,1.0117191e-10
561,./node_561_INORM,0.4809892,1.6063953e-11
708,./node_708_INORM,0.3192549,0.0000062
862,./node_862_INORM,0.2851490,0.0003011
299,./node_299_INORM,0.6510712,2.625701e-16
767,./node_767_INORM,0.2619794,0.0004787
264,./node_264_INORM,0.5560457,1.0049811e-10
140,./node_140_INORM,0.5234252,1.4563107e-12
443,./node_443_INORM,0.4716436,2.8164295e-11
664,./node_664_INORM,0.3650437,0.0000005
367,./node_367_INORM,0.6127954,1.193118e-15
699,./node_699_INORM,0.3217446,0.0000101
961,./node_961_INORM,0.2733552,0.0003902
540,./node_540_INORM,0.4393242,7.7154175e-09
90,./node_90_INORM,0.5592693,2.8395946e-13
308,./node_308_INORM,0.5023306,1.4792054e-09
396,./node_396_INORM,0.4918509,1.2673775e-10
668,./node_668_INORM,0.4097828,8.0530455e-09
695,./node_695_INORM,0.4179119,4.6940168e-08
990,./node_990_INORM,0.3398876,0.0000249
61,./node_61_INORM,0.4339524,1.4729251e-09
523,./node_523_INORM,0.4946275,3.9399984e-11
902,./node_902_INORM,0.2955150,0.0001133
607,./node_607_INORM,0.3731842,0.0000002
304,./node_304_INORM,0.5769777,2.4473963e-13
123,./node_123_INORM,0.4858534,2.6620981e-11
420,./node_420_INORM,0.5389051,5.499156e-13
704,./node_704_INORM,0.3134977,0.0000196
207,./node_207_INORM,0.6579425,8.9931805e-17
801,./node_801_INORM,0.3433687,0.0000037
893,./node_893_INORM,0.3206314,0.0000271
295,./node_295_INORM,0.4630477,8.6700425e-10
268,./node_268_INORM,0.5222109,1.4595912e-11
796,./node_796_INORM,0.3014089,0.0000700
1010,./node_1010_INORM,0.2554448,0.0010397
40,./node_40_INORM,0.3890597,4.0801796e-08
502,./node_502_INORM,0.4673356,4.2988211e-11
626,./node_626_INORM,0.3280873,0.0000018
325,./node_325_INORM,0.5120948,2.1816329e-11
923,./node_923_INORM,0.3396932,0.0000111
649,./node_649_INORM,0.4513820,4.1120357e-09
590,./node_590_INORM,0.3689230,0.0000001
249,./node_249_INORM,0.4882309,1.2599613e-10
493,./node_493_INORM,0.4735615,5.095014e-11
190,./node_190_INORM,0.6264903,2.4031851e-16
102,./node_102_INORM,0.4890520,4.6154055e-10
401,./node_401_INORM,0.4968791,7.6064465e-12
820,./node_820_INORM,0.3361182,0.0000074
725,./node_725_INORM,0.2650627,0.0002927
226,./node_226_INORM,0.4415341,3.6731766e-09
574,./node_574_INORM,0.3824272,3.7362238e-08
36,./node_36_INORM,0.4695400,2.8129058e-10
589,./node_589_INORM,0.3549977,0.0000003
353,./node_353_INORM,0.5202822,2.8742711e-12
650,./node_650_INORM,0.3490447,0.0000003
955,./node_955_INORM,0.3087935,0.0000850
59,./node_59_INORM,0.4243518,3.1565837e-09
839,./node_839_INORM,0.3203661,0.0000347
418,./node_418_INORM,0.5005512,1.1819076e-11
477,./node_477_INORM,0.5066521,8.5550745e-12
189,./node_189_INORM,0.4362117,3.7188117e-09
174,./node_174_INORM,0.4779241,8.909786e-09
856,./node_856_INORM,0.3301346,0.0000077
250,./node_250_INORM,0.5451686,6.1181295e-11
753,./node_753_INORM,0.3093709,0.0000217
85,./node_85_INORM,0.4961077,8.377294e-11
78,./node_78_INORM,0.4569792,4.8048891e-10
555,./node_555_INORM,0.4260603,2.0405549e-09
17,./node_17_INORM,0.3814655,0.0000001
989,./node_989_INORM,0.3321827,0.0000353
974,./node_974_INORM,0.3002354,0.0001153
372,./node_372_INORM,0.5431664,5.1670755e-13
671,./node_671_INORM,0.3282304,0.0000061
456,./node_456_INORM,0.4501726,2.3075985e-09
155,./node_155_INORM,0.4777827,5.325929e-10
1009,./node_1009_INORM,0.2715233,0.0004779
271,./node_271_INORM,0.6691208,5.033024e-17
772,./node_772_INORM,0.2694629,0.0002660
877,./node_877_INORM,0.2812050,0.0002269
818,./node_818_INORM,0.2746425,0.0004513
439,./node_439_INORM,0.4346920,1.4750149e-08
159,./node_159_INORM,0.5309231,9.88077e-11
1005,./node_1005_INORM,0.3082022,0.0001132
783,./node_783_INORM,0.3525249,0.0000054
280,./node_280_INORM,0.6656560,7.1955625e-17
886,./node_886_INORM,0.3561788,0.0000032
814,./node_814_INORM,0.3138385,0.0000195
212,./node_212_INORM,0.5828848,8.0631895e-14
711,./node_711_INORM,0.3649643,0.0000006
435,./node_435_INORM,0.4509435,8.865462e-11
136,./node_136_INORM,0.4581417,4.9847949e-09
311,./node_311_INORM,0.4507763,1.487688e-09
612,./node_612_INORM,0.4804731,6.793675e-11
917,./node_917_INORM,0.3254477,0.0000152
89,./node_89_INORM,0.4649504,1.1478643e-09
536,./node_536_INORM,0.4699351,5.8225415e-11
74,./node_74_INORM,0.4457351,8.193182e-10
559,./node_559_INORM,0.4024227,9.10349e-09
985,./node_985_INORM,0.3265959,0.0000415
978,./node_978_INORM,0.3107398,0.0000793
6,./node_6_INORM,0.4438494,2.6892837e-09
680,./node_680_INORM,0.4347107,3.0913211e-08
383,./node_383_INORM,0.4578582,3.5585859e-09
233,./node_233_INORM,0.4487186,2.6446467e-09
730,./node_730_INORM,0.3483128,0.0000010
835,./node_835_INORM,0.3026133,0.0000817
414,./node_414_INORM,0.4817726,3.8489718e-11
117,./node_117_INORM,0.4166045,7.9806315e-09
1024,./node_1024_INORM,0.2667224,0.0006634
185,./node_185_INORM,0.5567221,7.1599065e-14
486,./node_486_INORM,0.4472672,1.7903272e-09
178,./node_178_INORM,0.4534822,6.401538e-10
578,./node_578_INORM,0.4523402,2.2398593e-09
585,./node_585_INORM,0.4718063,1.428608e-10
959,./node_959_INORM,0.3299995,0.0000333
936,./node_936_INORM,0.3071049,0.0000990
330,./node_330_INORM,0.4514171,8.0989505e-10
633,./node_633_INORM,0.4403896,1.5310087e-08
517,./node_517_INORM,0.4138586,3.9817826e-09
55,./node_55_INORM,0.4137884,8.822783e-09
93,./node_93_INORM,0.4542761,9.179584e-10
608,./node_608_INORM,0.4617998,7.1284245e-10
364,./node_364_INORM,0.5898069,9.787248e-15
399,./node_399_INORM,0.4704617,8.0749185e-10
667,./node_667_INORM,0.3333381,0.0000044
962,./node_962_INORM,0.3355932,0.0000274
543,./node_543_INORM,0.4246306,2.8748585e-09
861,./node_861_INORM,0.3021571,0.0000832
267,./node_267_INORM,0.6364688,1.2301573e-15
799,./node_799_INORM,0.3280969,0.0000060
764,./node_764_INORM,0.3675785,0.0000010
440,./node_440_INORM,0.4407864,9.548394e-09
143,./node_143_INORM,0.4712875,3.4474584e-09
208,./node_208_INORM,0.5728844,5.985974e-13
943,./node_943_INORM,0.3197298,0.0000419
345,./node_345_INORM,0.5623737,7.727663e-13
646,./node_646_INORM,0.3546127,0.0000013
562,./node_562_INORM,0.4001394,1.2309832e-08
20,./node_20_INORM,0.3807611,0.0000001
629,./node_629_INORM,0.3824293,0.0000001
229,./node_229_INORM,0.5794481,1.4996482e-12
246,./node_246_INORM,0.4984283,6.576529e-09
745,./node_745_INORM,0.3148801,0.0000165
840,./node_840_INORM,0.3335699,0.0000178
461,./node_461_INORM,0.5391252,4.4736436e-13
162,./node_162_INORM,0.4854625,1.4119447e-09
402,./node_402_INORM,0.4737931,2.3346646e-11
101,./node_101_INORM,0.4626011,2.0719114e-10
823,./node_823_INORM,0.3290657,0.0000062
225,./node_225_INORM,0.4962410,6.314495e-09
726,./node_726_INORM,0.3325099,0.0000035
749,./node_749_INORM,0.3047097,0.0000342
193,./node_193_INORM,0.6353617,1.6570073e-16
490,./node_490_INORM,0.4579637,5.876592e-11
349,./node_349_INORM,0.5377013,7.595217e-13
593,./node_593_INORM,0.3794490,0.0000001
501,./node_501_INORM,0.4854508,6.5511595e-12
43,./node_43_INORM,0.4459290,1.0914969e-09
326,./node_326_INORM,0.4923263,2.1555929e-09
625,./node_625_INORM,0.4322926,1.1884218e-08
920,./node_920_INORM,0.3440533,0.0000088
890,./node_890_INORM,0.3098753,0.0000474
795,./node_795_INORM,0.2919807,0.0001741
296,./node_296_INORM,0.4776075,2.342807e-10
768,./node_768_INORM,0.3841451,0.0000002
1013,./node_1013_INORM,0.2562142,0.0010215
423,./node_423_INORM,0.5600991,2.3718893e-13
120,./node_120_INORM,0.4633184,2.6134708e-10
204,./node_204_INORM,0.4876763,8.413284e-09
707,./node_707_INORM,0.3165140,0.0000070
802,./node_802_INORM,0.2791976,0.0001947
520,./node_520_INORM,0.4682664,6.140857e-10
62,./node_62_INORM,0.4622305,5.0919615e-10
901,./node_901_INORM,0.3247853,0.0000110
307,./node_307_INORM,0.5363327,6.0843625e-12
604,./node_604_INORM,0.4843293,7.2695e-11
368,./node_368_INORM,0.4901051,1.2281756e-09
696,./node_696_INORM,0.4071038,0.0000001
395,./node_395_INORM,0.4752867,5.9105255e-11
993,./node_993_INORM,0.2759621,0.0003731
419,./node_419_INORM,0.5801613,1.1257078e-14
838,./node_838_INORM,0.2798207,0.0002447
752,./node_752_INORM,0.3820050,0.0000009
251,./node_251_INORM,0.5933957,4.6422607e-15
857,./node_857_INORM,0.3451323,0.0000088
175,./node_175_INORM,0.5007729,1.772296e-09
188,./node_188_INORM,0.5037925,9.3489295e-10
476,./node_476_INORM,0.4338033,5.6854555e-10
954,./node_954_INORM,0.3117738,0.0000464
651,./node_651_INORM,0.4365509,2.0335106e-08
352,./node_352_INORM,0.5400171,2.6690146e-12
37,./node_37_INORM,0.5135349,7.7482655e-12
588,./node_588_INORM,0.4992710,9.7028375e-12
575,./node_575_INORM,0.4502869,2.4517799e-09
58,./node_58_INORM,0.4389551,1.2440473e-09
876,./node_876_INORM,0.3570956,0.0000038
773,./node_773_INORM,0.2814186,0.0002808
270,./node_270_INORM,0.5965266,4.7128188e-14
1008,./node_1008_INORM,0.2883908,0.0002490
154,./node_154_INORM,0.4359025,2.4913513e-09
457,./node_457_INORM,0.4357352,1.2935486e-08
438,./node_438_INORM,0.4364561,1.0512746e-08
819,./node_819_INORM,0.3162789,0.0000394
79,./node_79_INORM,0.4559525,7.879844e-10
84,./node_84_INORM,0.4041904,1.3533469e-08
670,./node_670_INORM,0.3214799,0.0000047
373,./node_373_INORM,0.6145862,4.3379709e-15
975,./node_975_INORM,0.3201323,0.0000451
988,./node_988_INORM,0.2811717,0.0002632
16,./node_16_INORM,0.4634749,5.9475475e-10
554,./node_554_INORM,0.4385379,5.3246075e-10
75,./node_75_INORM,0.5438899,6.030039e-13
88,./node_88_INORM,0.5351238,3.1820265e-12
537,./node_537_INORM,0.3761135,3.8730161e-08
916,./node_916_INORM,0.3146756,0.0000264
613,./node_613_INORM,0.4249277,3.4247367e-08
310,./node_310_INORM,0.4677436,2.5196631e-10
382,./node_382_INORM,0.4740879,3.3623773e-11
681,./node_681_INORM,0.3314211,0.0000058
7,./node_7_INORM,0.3927667,0.0000001
979,./node_979_INORM,0.3002496,0.0001047
984,./node_984_INORM,0.2745563,0.0004347
558,./node_558_INORM,0.4215257,2.7550429e-09
887,./node_887_INORM,0.2746590,0.0003289
281,./node_281_INORM,0.6335359,9.6698255e-16
782,./node_782_INORM,0.2629389,0.0007049
1004,./node_1004_INORM,0.2898358,0.0002557
158,./node_158_INORM,0.5204594,1.6017685e-12
137,./node_137_INORM,0.6020153,1.2370661e-14
434,./node_434_INORM,0.4499196,1.0086107e-10
710,./node_710_INORM,0.4149304,0.0000001
213,./node_213_INORM,0.5643536,3.7315277e-12
815,./node_815_INORM,0.3076726,0.0000228
958,./node_958_INORM,0.3124403,0.0000498
584,./node_584_INORM,0.4190874,8.6239715e-09
579,./node_579_INORM,0.3941964,3.4914387e-08
54,./node_54_INORM,0.4666440,4.4875775e-10
516,./node_516_INORM,0.4410296,9.749779e-09
632,./node_632_INORM,0.3573101,0.0000009
331,./node_331_INORM,0.4508583,1.2231294e-09
937,./node_937_INORM,0.2961183,0.0001272
116,./node_116_INORM,0.4479933,6.9469575e-10
415,./node_415_INORM,0.5343848,2.6441856e-12
834,./node_834_INORM,0.2627525,0.0007433
731,./node_731_INORM,0.2725453,0.0001872
232,./node_232_INORM,0.6089067,2.9882302e-14
179,./node_179_INORM,0.4852489,6.7688255e-09
487,./node_487_INORM,0.4281064,7.380822e-10
184,./node_184_INORM,0.5513253,6.0495445e-13
142,./node_142_INORM,0.4942671,9.982604e-11
441,./node_441_INORM,0.4831389,6.2503705e-10
765,./node_765_INORM,0.3003174,0.0000405
798,./node_798_INORM,0.2859170,0.0001240
266,./node_266_INORM,0.6233537,5.831821e-15
860,./node_860_INORM,0.3099438,0.0000456
209,./node_209_INORM,0.5444407,6.9906575e-11
609,./node_609_INORM,0.4429469,1.2807483e-08
92,./node_92_INORM,0.5757958,1.1867118e-13
542,./node_542_INORM,0.3970070,1.2236802e-08
963,./node_963_INORM,0.2743492,0.0003216
666,./node_666_INORM,0.3328527,0.0000048
398,./node_398_INORM,0.4708243,9.314068e-10
365,./node_365_INORM,0.4740669,1.0135268e-10
228,./node_228_INORM,0.6242044,2.9050142e-15
163,./node_163_INORM,0.5842764,7.3773385e-14
460,./node_460_INORM,0.5212661,2.606339e-12
841,./node_841_INORM,0.3234562,0.0000083
744,./node_744_INORM,0.2678590,0.0004138
247,./node_247_INORM,0.5205774,8.299354e-10
21,./node_21_INORM,0.4750800,2.5116413e-10
563,./node_563_INORM,0.4482555,3.1991382e-09
647,./node_647_INORM,0.4434936,5.320079e-09
344,./node_344_INORM,0.5083863,7.8066125e-12
942,./node_942_INORM,0.3282095,0.0000250
628,./node_628_INORM,0.4222855,1.6285883e-09
592,./node_592_INORM,0.4036940,3.6166477e-08
348,./node_348_INORM,0.5163010,2.4828631e-11
921,./node_921_INORM,0.3361604,0.0000087
624,./node_624_INORM,0.3488786,0.0000005
327,./node_327_INORM,0.6409435,1.1377881e-15
42,./node_42_INORM,0.5042018,1.1539423e-11
500,./node_500_INORM,0.4679226,4.4075963e-11
727,./node_727_INORM,0.4021722,4.0871759e-08
224,./node_224_INORM,0.5208430,5.355002e-10
822,./node_822_INORM,0.3464178,0.0000047
100,./node_100_INORM,0.5666565,2.7495469e-13
403,./node_403_INORM,0.4489814,1.346523e-10
491,./node_491_INORM,0.4499153,2.5389414e-09
192,./node_192_INORM,0.4122247,1.6564616e-08
748,./node_748_INORM,0.2976405,0.0000767
605,./node_605_INORM,0.3644830,0.0000004
306,./node_306_INORM,0.6690352,9.1091255e-17
900,./node_900_INORM,0.3418668,0.0000173
63,./node_63_INORM,0.3930705,2.8007441e-08
521,./node_521_INORM,0.4274869,1.3567513e-09
992,./node_992_INORM,0.3096422,0.0001102
394,./node_394_INORM,0.4947036,1.6728389e-11
697,./node_697_INORM,0.3333771,0.0000033
369,./node_369_INORM,0.5578925,8.755779e-13
1012,./node_1012_INORM,0.2859806,0.0002989
769,./node_769_INORM,0.2635989,0.0006602
297,./node_297_INORM,0.5252219,4.3738564e-10
794,./node_794_INORM,0.2494251,0.0012672
891,./node_891_INORM,0.3481514,0.0000075
803,./node_803_INORM,0.2465370,0.0014696
706,./node_706_INORM,0.3341029,0.0000042
205,./node_205_INORM,0.4553914,1.0771403e-09
121,./node_121_INORM,0.4314981,6.321069e-09
422,./node_422_INORM,0.4831398,8.9637545e-11
583,./node_583_INORM,0.4427846,3.2987507e-09
359,./node_359_INORM,0.5847141,1.135515e-13
635,./node_635_INORM,0.3678386,0.0000005
336,./node_336_INORM,0.5437086,2.8163841e-12
930,./node_930_INORM,0.3573158,0.0000078
53,./node_53_INORM,0.4749392,1.9211781e-10
511,./node_511_INORM,0.5312111,6.2218135e-13
833,./node_833_INORM,0.3216278,0.0000202
736,./node_736_INORM,0.3174356,0.0000131
235,./node_235_INORM,0.6076925,4.648109e-14
111,./node_111_INORM,0.4366790,3.33176e-09
412,./node_412_INORM,0.5662152,2.1294038e-13
480,./node_480_INORM,0.4664626,2.2024372e-11
183,./node_183_INORM,0.5819465,7.373135e-14
1022,./node_1022_INORM,0.2815046,0.0003435
759,./node_759_INORM,0.2861792,0.0000936
911,./node_911_INORM,0.3143655,0.0000445
614,./node_614_INORM,0.4001597,3.4916874e-08
317,./node_317_INORM,0.6136473,8.242669e-16
72,./node_72_INORM,0.4949233,1.6716087e-11
530,./node_530_INORM,0.4602978,1.2868279e-10
385,./node_385_INORM,0.5245561,4.2582384e-12
686,./node_686_INORM,0.4302843,2.1756647e-08
378,./node_378_INORM,0.5789155,3.8375398e-14
983,./node_983_INORM,0.3163365,0.0000593
1003,./node_1003_INORM,0.2987550,0.0001511
880,./node_880_INORM,0.3138425,0.0000270
778,./node_778_INORM,0.3041437,0.0000316
286,./node_286_INORM,0.4938298,6.1875685e-11
785,./node_785_INORM,0.3243024,0.0000074
717,./node_717_INORM,0.3190010,0.0000111
214,./node_214_INORM,0.4593046,9.0677365e-10
812,./node_812_INORM,0.2884769,0.0002405
130,./node_130_INORM,0.4517832,1.3988276e-09
433,./node_433_INORM,0.4635083,3.8165387e-11
153,./node_153_INORM,0.4221482,7.713726e-09
450,./node_450_INORM,0.4564189,4.7335545e-11
871,./node_871_INORM,0.3570868,0.0000077
774,./node_774_INORM,0.2552117,0.0009519
789,./node_789_INORM,0.3219850,0.0000100
277,./node_277_INORM,0.5207032,6.3977305e-10
218,./node_218_INORM,0.6460103,2.4965211e-16
618,./node_618_INORM,0.4219419,7.374273e-09
83,./node_83_INORM,0.5104723,7.6941795e-12
11,./node_11_INORM,0.4370105,3.7929293e-09
553,./node_553_INORM,0.4376226,5.9543905e-10
677,./node_677_INORM,0.4567880,5.879009e-10
389,./node_389_INORM,0.6140479,1.1233517e-15
374,./node_374_INORM,0.4917761,2.7111204e-11
972,./node_972_INORM,0.2930377,0.0001536
239,./node_239_INORM,0.5482777,4.0260582e-10
172,./node_172_INORM,0.5705997,2.2987244e-12
471,./node_471_INORM,0.4575366,7.085492e-10
755,./node_755_INORM,0.2858209,0.0001034
256,./node_256_INORM,0.6545665,2.8070697e-17
850,./node_850_INORM,0.3048813,0.0001156
30,./node_30_INORM,0.3949516,3.3755902e-08
572,./node_572_INORM,0.3872505,0.0000001
953,./node_953_INORM,0.2936234,0.0001676
656,./node_656_INORM,0.3592959,0.0000008
355,./node_355_INORM,0.4624493,1.5850393e-10
639,./node_639_INORM,0.3308451,0.0000012
64,./node_64_INORM,0.5355873,1.4483873e-12
526,./node_526_INORM,0.4786644,1.7562663e-11
99,./node_99_INORM,0.5591958,1.0044244e-13
602,./node_602_INORM,0.4139773,6.770986e-09
301,./node_301_INORM,0.6623005,1.4445859e-16
907,./node_907_INORM,0.2595361,0.0006331
968,./node_968_INORM,0.2746289,0.0003316
995,./node_995_INORM,0.2796505,0.0003280
393,./node_393_INORM,0.5236780,6.391484e-12
690,./node_690_INORM,0.3270497,0.0000083
549,./node_549_INORM,0.4219583,3.9335302e-09
290,./node_290_INORM,0.6217679,2.942911e-15
793,./node_793_INORM,0.3355279,0.0000047
896,./node_896_INORM,0.3495420,0.0000074
149,./node_149_INORM,0.4168937,1.0718672e-08
1015,./node_1015_INORM,0.2781858,0.0003900
126,./node_126_INORM,0.4449431,8.3383975e-09
425,./node_425_INORM,0.5710052,1.0407287e-13
804,./node_804_INORM,0.2615175,0.0007416
701,./node_701_INORM,0.3198381,0.0000054
202,./node_202_INORM,0.4241393,1.0282136e-08
949,./node_949_INORM,0.3395819,0.0000183
595,./node_595_INORM,0.4258937,2.3297029e-09
568,./node_568_INORM,0.4314040,1.8894071e-08
45,./node_45_INORM,0.4480591,9.9635615e-10
507,./node_507_INORM,0.4853075,1.1020937e-11
926,./node_926_INORM,0.3181162,0.0000420
623,./node_623_INORM,0.3771171,0.0000001
320,./node_320_INORM,0.5575041,2.7968009e-12
107,./node_107_INORM,0.5135914,3.921299e-12
404,./node_404_INORM,0.4421815,2.4533524e-10
720,./node_720_INORM,0.3821349,0.0000008
223,./node_223_INORM,0.5012623,3.3346148e-09
825,./node_825_INORM,0.3213227,0.0000157
168,./node_168_INORM,0.4717522,8.314606e-09
496,./node_496_INORM,0.4410010,9.2349515e-09
195,./node_195_INORM,0.5581208,6.7164345e-14
408,./node_408_INORM,0.4930089,7.328759e-12
829,./node_829_INORM,0.3199161,0.0000122
846,./node_846_INORM,0.3269977,0.0000142
743,./node_743_INORM,0.3208083,0.0000072
240,./node_240_INORM,0.5447507,5.718087e-11
164,./node_164_INORM,0.5828857,2.181086e-14
199,./node_199_INORM,0.5215604,1.0480496e-11
467,./node_467_INORM,0.4917456,8.200888e-12
640,./node_640_INORM,0.4585501,9.3856935e-10
343,./node_343_INORM,0.4808422,1.8453824e-09
945,./node_945_INORM,0.3135792,0.0000712
599,./node_599_INORM,0.3627631,0.0000003
26,./node_26_INORM,0.4540534,7.9366795e-10
564,./node_564_INORM,0.5109805,1.9237784e-12
49,./node_49_INORM,0.5225511,3.6379074e-12
762,./node_762_INORM,0.3009271,0.0000509
261,./node_261_INORM,0.4690550,6.1200795e-10
867,./node_867_INORM,0.3323554,0.0000092
145,./node_145_INORM,0.4677499,1.5279837e-09
446,./node_446_INORM,0.4517726,1.3053763e-10
1019,./node_1019_INORM,0.2733987,0.0005045
429,./node_429_INORM,0.5749308,2.2686119e-14
808,./node_808_INORM,0.3064495,0.0000259
68,./node_68_INORM,0.4453647,9.4048155e-10
95,./node_95_INORM,0.4072859,1.3235021e-08
964,./node_964_INORM,0.3535675,0.0000101
999,./node_999_INORM,0.2744591,0.0004304
661,./node_661_INORM,0.4524486,1.2442286e-09
362,./node_362_INORM,0.4962482,1.5785524e-11
545,./node_545_INORM,0.3752028,4.8186107e-08
413,./node_413_INORM,0.4661831,1.3110477e-10
110,./node_110_INORM,0.5395011,3.7944816e-13
234,./node_234_INORM,0.6497619,2.2965475e-17
737,./node_737_INORM,0.3160441,0.0000143
832,./node_832_INORM,0.3275449,0.0000097
758,./node_758_INORM,0.3861800,0.0000003
1023,./node_1023_INORM,0.2647828,0.0007313
182,./node_182_INORM,0.5729344,2.2236876e-14
481,./node_481_INORM,0.4728655,1.6275124e-10
358,./node_358_INORM,0.4536488,3.4984272e-10
582,./node_582_INORM,0.4442969,5.4659745e-09
510,./node_510_INORM,0.5122733,5.9953015e-12
52,./node_52_INORM,0.5391049,9.509663e-13
931,./node_931_INORM,0.3203722,0.0000489
337,./node_337_INORM,0.4636930,4.1775121e-10
634,./node_634_INORM,0.3436539,0.0000023
784,./node_784_INORM,0.3679694,0.0000023
287,./node_287_INORM,0.5085122,2.595974e-09
779,./node_779_INORM,0.2717216,0.0002198
881,./node_881_INORM,0.2927976,0.0001173
1002,./node_1002_INORM,0.2731679,0.0005250
432,./node_432_INORM,0.4589773,5.135518e-11
131,./node_131_INORM,0.4152742,9.002319e-09
813,./node_813_INORM,0.2580004,0.0009431
215,./node_215_INORM,0.6275702,1.2739468e-15
716,./node_716_INORM,0.3886989,0.0000004
531,./node_531_INORM,0.4193832,2.8327947e-09
73,./node_73_INORM,0.4074828,1.1514387e-08
316,./node_316_INORM,0.4634752,5.354173e-10
615,./node_615_INORM,0.4486743,2.5726003e-09
910,./node_910_INORM,0.3015074,0.0000901
982,./node_982_INORM,0.3161348,0.0000593
1,./node_1_INORM,0.4218298,1.4254259e-08
379,./node_379_INORM,0.4475701,2.8878311e-10
687,./node_687_INORM,0.3299445,0.0000026
384,./node_384_INORM,0.4583187,4.643432e-09
82,./node_82_INORM,0.4140182,6.771641e-09
619,./node_619_INORM,0.4473229,2.8185245e-09
973,./node_973_INORM,0.3207262,0.0000436
375,./node_375_INORM,0.5948615,2.733783e-14
388,./node_388_INORM,0.5109529,7.2720255e-12
676,./node_676_INORM,0.3347800,0.0000048
552,./node_552_INORM,0.4078319,4.79886e-09
10,./node_10_INORM,0.3993079,4.267753e-08
276,./node_276_INORM,0.5052453,2.5222025e-09
788,./node_788_INORM,0.3081493,0.0000308
775,./node_775_INORM,0.3291042,0.0000050
870,./node_870_INORM,0.2789502,0.0003859
451,./node_451_INORM,0.4669987,3.0193466e-11
152,./node_152_INORM,0.4711450,4.6946327e-09
219,./node_219_INORM,0.5133899,6.1671435e-12
354,./node_354_INORM,0.5563280,2.6236665e-12
657,./node_657_INORM,0.3268915,0.0000065
952,./node_952_INORM,0.3205647,0.0000512
573,./node_573_INORM,0.3827717,0.0000001
31,./node_31_INORM,0.3844063,0.0000001
638,./node_638_INORM,0.3947384,1.3155368e-08
238,./node_238_INORM,0.6114981,8.9925185e-16
851,./node_851_INORM,0.3376480,0.0000073
257,./node_257_INORM,0.4675563,6.382994e-10
754,./node_754_INORM,0.3328491,0.0000026
470,./node_470_INORM,0.4625711,2.6272396e-11
173,./node_173_INORM,0.6310074,9.5271755e-16
1014,./node_1014_INORM,0.2766975,0.0004454
148,./node_148_INORM,0.5391883,2.9206238e-12
897,./node_897_INORM,0.3351789,0.0000166
792,./node_792_INORM,0.2490968,0.0012849
291,./node_291_INORM,0.5322147,2.0121499e-10
203,./node_203_INORM,0.4290865,5.061507e-09
700,./node_700_INORM,0.4149809,4.3662796e-08
805,./node_805_INORM,0.2596115,0.0008674
424,./node_424_INORM,0.5536712,3.191798e-13
127,./node_127_INORM,0.4918654,4.6855579e-11
906,./node_906_INORM,0.3296965,0.0000199
300,./node_300_INORM,0.6143213,6.8783995e-15
603,./node_603_INORM,0.3447392,0.0000004
527,./node_527_INORM,0.4594057,2.763382e-10
98,./node_98_INORM,0.4797827,5.3104335e-11
65,./node_65_INORM,0.4967014,4.2170342e-11
548,./node_548_INORM,0.3995847,9.4269665e-09
691,./node_691_INORM,0.2949676,0.0000564
392,./node_392_INORM,0.5087069,3.5056347e-11
994,./node_994_INORM,0.2982326,0.0001579
969,./node_969_INORM,0.2826058,0.0002723
824,./node_824_INORM,0.2827690,0.0002165
222,./node_222_INORM,0.4869269,8.1743725e-11
721,./node_721_INORM,0.3792709,0.0000002
405,./node_405_INORM,0.4667160,3.2223198e-11
106,./node_106_INORM,0.4690744,2.6650499e-10
194,./node_194_INORM,0.4988081,4.5704648e-09
497,./node_497_INORM,0.4334267,1.5956506e-08
169,./node_169_INORM,0.5966163,3.1887834e-15
569,./node_569_INORM,0.4947169,3.7308194e-11
594,./node_594_INORM,0.4307325,1.3949171e-08
948,./node_948_INORM,0.2780079,0.0003130
321,./node_321_INORM,0.5435508,3.8876896e-13
622,./node_622_INORM,0.4378488,1.4143526e-08
927,./node_927_INORM,0.3366482,0.0000213
506,./node_506_INORM,0.4506603,2.1957137e-10
44,./node_44_INORM,0.4081508,1.089329e-08
565,./node_565_INORM,0.5021863,1.3296587e-11
598,./node_598_INORM,0.3529346,0.0000012
27,./node_27_INORM,0.4987729,3.1597836e-11
944,./node_944_INORM,0.3150666,0.0000553
342,./node_342_INORM,0.6358754,1.8882522e-16
641,./node_641_INORM,0.3556331,0.0000014
48,./node_48_INORM,0.4227154,2.9647799e-09
828,./node_828_INORM,0.2616410,0.0007847
409,./node_409_INORM,0.5063943,1.3878173e-11
466,./node_466_INORM,0.4512890,1.6198118e-09
198,./node_198_INORM,0.5663271,4.0163058e-13
165,./node_165_INORM,0.4818636,4.2684961e-09
241,./node_241_INORM,0.6697267,4.7172616e-18
742,./node_742_INORM,0.3793463,0.0000008
847,./node_847_INORM,0.3336235,0.0000232
94,./node_94_INORM,0.4379642,4.6884454e-09
69,./node_69_INORM,0.4572775,3.1749051e-10
544,./node_544_INORM,0.4496568,4.1908282e-10
363,./node_363_INORM,0.5002017,1.5405138e-11
660,./node_660_INORM,0.4422096,1.6246689e-08
998,./node_998_INORM,0.2952827,0.0001799
965,./node_965_INORM,0.3036509,0.0001004
1018,./node_1018_INORM,0.2805243,0.0003321
447,./node_447_INORM,0.5598129,4.8969674e-14
144,./node_144_INORM,0.6106239,8.363167e-15
866,./node_866_INORM,0.3619715,0.0000030
260,./node_260_INORM,0.5072457,4.7383929e-09
763,./node_763_INORM,0.3482596,0.0000016
809,./node_809_INORM,0.3202603,0.0000092
428,./node_428_INORM,0.4959122,2.4535191e-11
2,./node_2_INORM,0.4416566,3.1698523e-09
981,./node_981_INORM,0.2837108,0.0003276
387,./node_387_INORM,0.5836975,1.5134948e-14
679,./node_679_INORM,0.4370958,2.6971639e-08
684,./node_684_INORM,0.4227129,1.5593283e-08
70,./node_70_INORM,0.4135290,9.0412105e-09
532,./node_532_INORM,0.4567590,9.2837655e-11
616,./node_616_INORM,0.4492209,2.4330699e-10
315,./node_315_INORM,0.6631794,1.4957985e-17
913,./node_913_INORM,0.3368952,0.0000126
132,./node_132_INORM,0.4203410,5.762581e-09
431,./node_431_INORM,0.4931716,2.3220211e-10
810,./node_810_INORM,0.3115682,0.0000341
715,./node_715_INORM,0.4026957,0.0000001
216,./node_216_INORM,0.5284815,9.1172945e-13
284,./node_284_INORM,0.5304594,1.3320555e-12
279,./node_279_INORM,0.5740125,2.3233493e-14
787,./node_787_INORM,0.2554793,0.0009367
882,./node_882_INORM,0.3394052,0.0000085
1001,./node_1001_INORM,0.2976142,0.0001778
51,./node_51_INORM,0.4947392,3.9094552e-11
513,./node_513_INORM,0.4372067,1.0655106e-09
932,./node_932_INORM,0.3280841,0.0000200
637,./node_637_INORM,0.4388036,2.1284438e-08
334,./node_334_INORM,0.5905809,3.4621104e-14
658,./node_658_INORM,0.3458463,0.0000014
581,./node_581_INORM,0.4334811,1.6092237e-09
258,./node_258_INORM,0.4711249,4.9789727e-10
1020,./node_1020_INORM,0.2508068,0.0012208
482,./node_482_INORM,0.4383559,7.5027205e-10
181,./node_181_INORM,0.6431763,3.7763505e-17
113,./node_113_INORM,0.4586999,4.1279347e-09
410,./node_410_INORM,0.5238568,3.6108635e-12
734,./node_734_INORM,0.3937740,0.0000002
237,./node_237_INORM,0.5234447,1.7876918e-09
831,./node_831_INORM,0.2645823,0.0006379
852,./node_852_INORM,0.3705502,0.0000018
757,./node_757_INORM,0.2865936,0.0000850
254,./node_254_INORM,0.5548949,1.2654634e-12
170,./node_170_INORM,0.4913505,2.4196393e-09
473,./node_473_INORM,0.4426002,6.8452895e-09
738,./node_738_INORM,0.3188193,0.0000131
338,./node_338_INORM,0.6237980,6.384792e-16
654,./node_654_INORM,0.4220262,1.9052071e-08
357,./node_357_INORM,0.4476246,9.3613925e-10
951,./node_951_INORM,0.2754375,0.0003175
32,./node_32_INORM,0.4085591,1.2199865e-08
570,./node_570_INORM,0.3946757,3.3941444e-08
719,./node_719_INORM,0.3217200,0.0000120
288,./node_288_INORM,0.4699507,5.5498115e-10
776,./node_776_INORM,0.2540271,0.0010543
275,./node_275_INORM,0.4971116,7.0561345e-09
873,./node_873_INORM,0.3223387,0.0000152
151,./node_151_INORM,0.4109604,1.4556112e-08
452,./node_452_INORM,0.4792828,1.2132897e-11
970,./node_970_INORM,0.3489847,0.0000132
675,./node_675_INORM,0.3182614,0.0000118
376,./node_376_INORM,0.5993167,3.0801977e-15
688,./node_688_INORM,0.3287407,0.0000073
13,./node_13_INORM,0.4047067,2.1310051e-08
551,./node_551_INORM,0.4392221,5.6341905e-10
81,./node_81_INORM,0.4235389,3.9060854e-09
319,./node_319_INORM,0.5829111,7.1009195e-14
621,./node_621_INORM,0.3959709,0.0000001
322,./node_322_INORM,0.5282562,1.5126498e-12
924,./node_924_INORM,0.3223745,0.0000197
47,./node_47_INORM,0.4630112,2.8778599e-10
505,./node_505_INORM,0.5087129,3.3167101e-12
597,./node_597_INORM,0.3525265,0.0000013
28,./node_28_INORM,0.3846275,0.0000001
494,./node_494_INORM,0.4094312,4.0911204e-09
469,./node_469_INORM,0.5234801,1.9209432e-12
197,./node_197_INORM,0.5197348,2.9544215e-11
848,./node_848_INORM,0.2785508,0.0003880
827,./node_827_INORM,0.3176421,0.0000355
722,./node_722_INORM,0.3747000,0.0000014
221,./node_221_INORM,0.5539567,1.342206e-13
105,./node_105_INORM,0.4388017,1.5815485e-09
406,./node_406_INORM,0.4537273,9.2369425e-11
391,./node_391_INORM,0.5761681,2.8618636e-14
692,./node_692_INORM,0.4334674,2.4561907e-08
997,./node_997_INORM,0.3277855,0.0000385
905,./node_905_INORM,0.3474506,0.0000103
600,./node_600_INORM,0.4096545,1.0042361e-08
303,./node_303_INORM,0.5897208,1.2412478e-13
66,./node_66_INORM,0.4682747,4.5737529e-10
524,./node_524_INORM,0.4554181,1.5462992e-10
703,./node_703_INORM,0.2917838,0.0000563
200,./node_200_INORM,0.5109080,1.6178436e-10
806,./node_806_INORM,0.3203814,0.0000094
124,./node_124_INORM,0.4910418,9.7024915e-11
427,./node_427_INORM,0.5180432,2.2026084e-12
1017,./node_1017_INORM,0.2494048,0.0013560
448,./node_448_INORM,0.5589751,5.168284e-14
869,./node_869_INORM,0.2925002,0.0001457
894,./node_894_INORM,0.3522309,0.0000099
292,./node_292_INORM,0.5933508,1.3273912e-13
791,./node_791_INORM,0.2621979,0.0006139
128,./node_128_INORM,0.4403764,6.7642285e-09
147,./node_147_INORM,0.4541211,5.4238515e-10
444,./node_444_INORM,0.4662330,2.1304308e-11
865,./node_865_INORM,0.3280988,0.0000085
898,./node_898_INORM,0.3421772,0.0000110
760,./node_760_INORM,0.3098837,0.0000178
263,./node_263_INORM,0.6417992,7.146135e-17
547,./node_547_INORM,0.4343793,1.3975397e-09
663,./node_663_INORM,0.4625802,2.0999949e-10
360,./node_360_INORM,0.5284897,5.0474385e-12
966,./node_966_INORM,0.3477583,0.0000140
909,./node_909_INORM,0.3407198,0.0000176
528,./node_528_INORM,0.5135571,1.6418103e-12
97,./node_97_INORM,0.5328208,6.9423555e-13
498,./node_498_INORM,0.4713981,1.6915299e-11
166,./node_166_INORM,0.4709922,7.7694465e-09
465,./node_465_INORM,0.5024314,1.535978e-11
741,./node_741_INORM,0.2842893,0.0001174
242,./node_242_INORM,0.6402714,3.6129476e-16
844,./node_844_INORM,0.3031430,0.0001356
109,./node_109_INORM,0.5941431,5.9786715e-15
928,./node_928_INORM,0.3176233,0.0000314
509,./node_509_INORM,0.4500081,1.7628482e-10
24,./node_24_INORM,0.4722931,2.3375513e-10
566,./node_566_INORM,0.4152898,5.6940555e-09
947,./node_947_INORM,0.3530865,0.0000087
642,./node_642_INORM,0.3409964,0.0000011
341,./node_341_INORM,0.4836241,1.468171e-09
217,./node_217_INORM,0.4381133,4.9142195e-09
714,./node_714_INORM,0.3190821,0.0000129
811,./node_811_INORM,0.2561499,0.0009692
430,./node_430_INORM,0.5537372,1.4592625e-13
133,./node_133_INORM,0.5053104,4.4072963e-10
1000,./node_1000_INORM,0.2935001,0.0001768
883,./node_883_INORM,0.3346816,0.0000131
786,./node_786_INORM,0.3401948,0.0000037
278,./node_278_INORM,0.6209710,6.873752e-15
285,./node_285_INORM,0.5469715,2.35545e-13
685,./node_685_INORM,0.4044429,0.0000001
678,./node_678_INORM,0.3281225,0.0000073
386,./node_386_INORM,0.4742619,2.8734197e-09
980,./node_980_INORM,0.3114830,0.0000711
3,./node_3_INORM,0.3982670,0.0000001
912,./node_912_INORM,0.3382176,0.0000172
314,./node_314_INORM,0.6624324,1.6696559e-16
617,./node_617_INORM,0.4551665,1.0979294e-09
533,./node_533_INORM,0.4834010,1.7903505e-11
71,./node_71_INORM,0.5462052,4.5872568e-13
180,./node_180_INORM,0.6131519,6.3371615e-16
483,./node_483_INORM,0.4874930,1.1963721e-11
1021,./node_1021_INORM,0.2560127,0.0010401
259,./node_259_INORM,0.6689322,5.029549e-17
830,./node_830_INORM,0.3378001,0.0000056
236,./node_236_INORM,0.5800895,8.5153985e-12
735,./node_735_INORM,0.2797612,0.0001288
411,./node_411_INORM,0.5819330,6.0277425e-14
112,./node_112_INORM,0.4367119,9.4050695e-09
335,./node_335_INORM,0.6121095,1.7258205e-14
636,./node_636_INORM,0.4293366,3.9053559e-08
933,./node_933_INORM,0.3292089,0.0000299
512,./node_512_INORM,0.4767501,1.6896762e-10
50,./node_50_INORM,0.4257337,4.3792418e-09
580,./node_580_INORM,0.3956639,2.1196985e-08
659,./node_659_INORM,0.4461124,1.3061515e-08
339,./node_339_INORM,0.6360968,1.96277e-16
571,./node_571_INORM,0.3972849,4.9283906e-08
33,./node_33_INORM,0.5075627,1.3271995e-11
950,./node_950_INORM,0.2736971,0.0003510
356,./node_356_INORM,0.4465255,8.270711e-10
655,./node_655_INORM,0.3429302,0.0000025
472,./node_472_INORM,0.4458092,4.2835203e-09
171,./node_171_INORM,0.6102233,9.507848e-16
255,./node_255_INORM,0.4789018,2.497081e-10
756,./node_756_INORM,0.3573257,0.0000012
853,./node_853_INORM,0.3594960,0.0000033
739,./node_739_INORM,0.3103958,0.0000232
550,./node_550_INORM,0.4464627,2.5630225e-10
12,./node_12_INORM,0.4420836,3.0418171e-09
689,./node_689_INORM,0.4147744,0.0000001
377,./node_377_INORM,0.5986023,4.2268048e-15
674,./node_674_INORM,0.3093933,0.0000196
971,./node_971_INORM,0.3061343,0.0000685
318,./node_318_INORM,0.6416075,1.3531411e-16
80,./node_80_INORM,0.4532604,1.4238991e-09
718,./node_718_INORM,0.4271088,1.107224e-08
453,./node_453_INORM,0.4571081,5.2843035e-11
150,./node_150_INORM,0.5289553,2.7107574e-12
872,./node_872_INORM,0.3500579,0.0000063
274,./node_274_INORM,0.6535297,1.3330219e-16
777,./node_777_INORM,0.3629702,0.0000010
289,./node_289_INORM,0.4879964,3.4585618e-11
849,./node_849_INORM,0.2804057,0.0002945
196,./node_196_INORM,0.4762604,2.2512557e-10
468,./node_468_INORM,0.4717607,1.0479414e-10
495,./node_495_INORM,0.4412848,1.9346289e-10
407,./node_407_INORM,0.4840461,1.0756119e-11
104,./node_104_INORM,0.4428852,2.6103684e-09
220,./node_220_INORM,0.5314958,4.254715e-10
723,./node_723_INORM,0.3623090,0.0000004
826,./node_826_INORM,0.2760835,0.0004330
504,./node_504_INORM,0.4735718,1.7150064e-11
46,./node_46_INORM,0.3908054,3.5145437e-08
925,./node_925_INORM,0.3067766,0.0000526
323,./node_323_INORM,0.6464134,8.895199e-17
620,./node_620_INORM,0.3446522,0.0000009
596,./node_596_INORM,0.4657828,4.6812106e-10
29,./node_29_INORM,0.3945738,3.9425275e-08
426,./node_426_INORM,0.4651667,2.6011687e-09
125,./node_125_INORM,0.4818224,1.3407455e-09
807,./node_807_INORM,0.3349416,0.0000149
201,./node_201_INORM,0.6201158,2.2441401e-15
702,./node_702_INORM,0.4330961,4.9274631e-09
790,./node_790_INORM,0.3158892,0.0000168
293,./node_293_INORM,0.4751155,2.9506684e-10
895,./node_895_INORM,0.3515852,0.0000111
868,./node_868_INORM,0.2762353,0.0004379
449,./node_449_INORM,0.4825065,6.639915e-11
1016,./node_1016_INORM,0.2752492,0.0004318
996,./node_996_INORM,0.2928748,0.0001594
693,./node_693_INORM,0.4286784,3.9779951e-08
390,./node_390_INORM,0.5936547,4.4586808e-15
525,./node_525_INORM,0.4840684,1.1976328e-11
67,./node_67_INORM,0.4652894,2.4316269e-10
302,./node_302_INORM,0.5628593,4.8265953e-12
601,./node_601_INORM,0.3720493,0.0000003
904,./node_904_INORM,0.3224761,0.0000283
967,./node_967_INORM,0.3061594,0.0000632
361,./node_361_INORM,0.4980635,1.5473792e-11
662,./node_662_INORM,0.3632646,0.0000002
546,./node_546_INORM,0.4480937,5.0695875e-10
529,./node_529_INORM,0.4604341,5.7459465e-11
96,./node_96_INORM,0.4085911,1.151459e-08
908,./node_908_INORM,0.2873289,0.0001663
129,./node_129_INORM,0.4708548,1.0091499e-10
262,./node_262_INORM,0.5263790,1.5957489e-09
761,./node_761_INORM,0.2597479,0.0005680
899,./node_899_INORM,0.3410538,0.0000138
864,./node_864_INORM,0.2801853,0.0002667
445,./node_445_INORM,0.5119554,5.372636e-12
146,./node_146_INORM,0.4252971,5.5092615e-09
508,./node_508_INORM,0.4121207,2.8296865e-09
929,./node_929_INORM,0.2674634,0.0004465
340,./node_340_INORM,0.6191973,1.0741243e-15
643,./node_643_INORM,0.3439540,0.0000027
946,./node_946_INORM,0.3102516,0.0000501
567,./node_567_INORM,0.4287922,3.0995991e-08
25,./node_25_INORM,0.4195376,5.6638955e-09
845,./node_845_INORM,0.3324945,0.0000138
243,./node_243_INORM,0.5200169,1.7658452e-11
740,./node_740_INORM,0.3148768,0.0000179
464,./node_464_INORM,0.5217857,2.6018703e-12
167,./node_167_INORM,0.4996862,9.669865e-12
499,./node_499_INORM,0.4918026,4.7869183e-12
108,./node_108_INORM,0.5983737,2.6117272e-14
