node,name,H2r,rp
339,./node_339_INORM,0.6953560,2.5098612e-15
1009,./node_1009_INORM,0.2713116,0.0010440
571,./node_571_INORM,0.3474307,0.0000064
655,./node_655_INORM,0.3383270,0.0000202
356,./node_356_INORM,0.3998089,0.0000001
950,./node_950_INORM,0.2302160,0.0037343
171,./node_171_INORM,0.7089945,2.8817065e-20
27,./node_27_INORM,0.6763147,2.674324e-18
472,./node_472_INORM,0.3273154,0.0000115
853,./node_853_INORM,0.2064851,0.0043599
756,./node_756_INORM,0.2644777,0.0006412
255,./node_255_INORM,0.4729545,1.0863782e-09
739,./node_739_INORM,0.3391123,0.0000333
48,./node_48_INORM,0.5849684,1.2781062e-13
550,./node_550_INORM,0.4854074,0.0000001
971,./node_971_INORM,0.3041806,0.0002256
674,./node_674_INORM,0.3481157,0.0000101
689,./node_689_INORM,0.2534069,0.0004759
377,./node_377_INORM,0.6074711,7.03225e-12
318,./node_318_INORM,0.7228486,4.3114121e-17
718,./node_718_INORM,0.2810519,0.0002476
69,./node_69_INORM,0.6377410,4.5326633e-16
94,./node_94_INORM,0.5456460,9.679102e-13
150,./node_150_INORM,0.7135591,1.2393892e-19
453,./node_453_INORM,0.3597672,0.0000013
777,./node_777_INORM,0.2509651,0.0010988
289,./node_289_INORM,0.5454173,1.8434174e-11
274,./node_274_INORM,0.6980755,1.1611703e-18
872,./node_872_INORM,0.1947712,0.0070232
811,./node_811_INORM,0.3814313,0.0000078
714,./node_714_INORM,0.3466142,0.0000187
217,./node_217_INORM,0.4621946,8.70676e-10
65,./node_65_INORM,0.5666778,1.5792614e-13
133,./node_133_INORM,0.4887007,5.3271645e-11
430,./node_430_INORM,0.5277436,4.9676554e-10
98,./node_98_INORM,0.6724320,1.1584558e-17
285,./node_285_INORM,0.7086438,2.4070925e-17
786,./node_786_INORM,0.2804950,0.0003253
278,./node_278_INORM,0.6069950,2.2471831e-14
883,./node_883_INORM,0.2786697,0.0005119
980,./node_980_INORM,0.2456686,0.0015811
678,./node_678_INORM,0.3415287,0.0000214
386,./node_386_INORM,0.4964507,1.1420431e-10
685,./node_685_INORM,0.2264868,0.0015007
617,./node_617_INORM,0.3615460,0.0000072
314,./node_314_INORM,0.7767771,3.9569979e-21
912,./node_912_INORM,0.2543239,0.0014150
533,./node_533_INORM,0.4878860,0.0000001
1024,./node_1024_INORM,0.2566822,0.0017376
483,./node_483_INORM,0.4853144,1.7406729e-09
180,./node_180_INORM,0.7239551,3.7238411e-20
259,./node_259_INORM,0.7721215,4.8923154e-22
735,./node_735_INORM,0.3434141,0.0000154
236,./node_236_INORM,0.5271246,4.3652385e-12
830,./node_830_INORM,0.2404057,0.0017234
44,./node_44_INORM,0.5547091,2.4927559e-12
112,./node_112_INORM,0.5209271,1.0727921e-11
411,./node_411_INORM,0.5904213,5.954628e-12
933,./node_933_INORM,0.4204927,0.0000018
636,./node_636_INORM,0.2640640,0.0002817
335,./node_335_INORM,0.7582521,3.2542508e-19
1005,./node_1005_INORM,0.3282793,0.0001486
512,./node_512_INORM,0.3874632,0.0000006
580,./node_580_INORM,0.3609642,0.0000067
659,./node_659_INORM,0.2464754,0.0006011
662,./node_662_INORM,0.3547877,0.0000140
361,./node_361_INORM,0.6952011,2.331017e-15
967,./node_967_INORM,0.3859840,0.0000102
546,./node_546_INORM,0.3503713,0.0000067
529,./node_529_INORM,0.3726570,0.0000020
908,./node_908_INORM,0.2333841,0.0026161
129,./node_129_INORM,0.6244420,2.1197034e-15
82,./node_82_INORM,0.5280202,1.4768297e-11
864,./node_864_INORM,0.1909021,0.0103567
899,./node_899_INORM,0.2603686,0.0010436
761,./node_761_INORM,0.3451918,0.0000250
262,./node_262_INORM,0.4592166,7.2227385e-10
10,./node_10_INORM,0.5789837,5.5055035e-13
146,./node_146_INORM,0.5048872,3.5276015e-11
445,./node_445_INORM,0.5550549,3.2862482e-10
508,./node_508_INORM,0.4839930,8.1689015e-09
929,./node_929_INORM,0.2133905,0.0060954
946,./node_946_INORM,0.3503043,0.0000372
643,./node_643_INORM,0.3344294,0.0000294
340,./node_340_INORM,0.6486956,4.6740024e-15
567,./node_567_INORM,0.2895290,0.0000867
740,./node_740_INORM,0.3485653,0.0000237
243,./node_243_INORM,0.6352142,3.7595884e-15
845,./node_845_INORM,0.3781797,0.0000120
31,./node_31_INORM,0.4976550,3.7329734e-10
167,./node_167_INORM,0.6568136,1.7871585e-16
499,./node_499_INORM,0.3777234,0.0000009
464,./node_464_INORM,0.4906929,8.2035525e-09
108,./node_108_INORM,0.7090940,1.6450862e-20
849,./node_849_INORM,0.4218737,0.0000019
495,./node_495_INORM,0.4722701,4.2694182e-09
196,./node_196_INORM,0.6251720,1.3496823e-15
468,./node_468_INORM,0.5656176,1.4725378e-10
104,./node_104_INORM,0.5951537,9.4648295e-15
52,./node_52_INORM,0.6678341,3.2517845e-18
407,./node_407_INORM,0.3906087,0.0000002
826,./node_826_INORM,0.4162019,0.0000020
723,./node_723_INORM,0.3188783,0.0000702
220,./node_220_INORM,0.4628262,6.1659285e-10
504,./node_504_INORM,0.3747489,0.0000012
3,./node_3_INORM,0.5912799,1.7983144e-13
1013,./node_1013_INORM,0.2436498,0.0021446
620,./node_620_INORM,0.3491286,0.0000149
323,./node_323_INORM,0.6724208,2.5967882e-15
925,./node_925_INORM,0.4283190,0.0000012
596,./node_596_INORM,0.3335090,0.0000218
125,./node_125_INORM,0.5030094,2.4438576e-11
73,./node_73_INORM,0.5049033,8.469345e-11
426,./node_426_INORM,0.4700826,1.2891196e-09
702,./node_702_INORM,0.2922387,0.0001938
201,./node_201_INORM,0.7110520,1.3889409e-20
807,./node_807_INORM,0.1946958,0.0070858
868,./node_868_INORM,0.4268492,0.0000011
895,./node_895_INORM,0.3194075,0.0002025
293,./node_293_INORM,0.4393133,1.081959e-08
790,./node_790_INORM,0.3892355,0.0000056
449,./node_449_INORM,0.6097895,3.9822804e-12
390,./node_390_INORM,0.5965264,2.1706212e-11
693,./node_693_INORM,0.2137295,0.0024910
996,./node_996_INORM,0.3188086,0.0001567
525,./node_525_INORM,0.3640720,0.0000029
904,./node_904_INORM,0.2360735,0.0024091
601,./node_601_INORM,0.3390646,0.0000218
302,./node_302_INORM,0.5154699,1.9810498e-11
254,./node_254_INORM,0.6992070,1.0818448e-17
757,./node_757_INORM,0.3499334,0.0000120
852,./node_852_INORM,0.1728220,0.0131613
473,./node_473_INORM,0.3636558,0.0000016
170,./node_170_INORM,0.4646617,7.447124e-10
26,./node_26_INORM,0.6545973,5.813652e-17
49,./node_49_INORM,0.6906609,2.8702732e-19
738,./node_738_INORM,0.3603829,0.0000105
1008,./node_1008_INORM,0.2458423,0.0021826
338,./node_338_INORM,0.7137962,3.661275e-16
951,./node_951_INORM,0.2028253,0.0082931
357,./node_357_INORM,0.4003743,0.0000001
654,./node_654_INORM,0.3017721,0.0000906
570,./node_570_INORM,0.3497198,0.0000144
95,./node_95_INORM,0.4939579,1.5731127e-10
68,./node_68_INORM,0.5857389,3.7012394e-14
719,./node_719_INORM,0.3468922,0.0000198
873,./node_873_INORM,0.3586852,0.0000155
275,./node_275_INORM,0.3928534,0.0000001
288,./node_288_INORM,0.4362869,8.468632e-09
776,./node_776_INORM,0.3755628,0.0000126
452,./node_452_INORM,0.3540657,0.0000028
151,./node_151_INORM,0.5050453,3.8743917e-11
376,./node_376_INORM,0.6277790,2.1648282e-12
688,./node_688_INORM,0.3434389,0.0000200
675,./node_675_INORM,0.3412568,0.0000176
970,./node_970_INORM,0.3908959,0.0000087
551,./node_551_INORM,0.3472434,0.0000079
319,./node_319_INORM,0.5674819,4.3831945e-12
684,./node_684_INORM,0.3269782,0.0000387
387,./node_387_INORM,0.6257462,2.7102292e-12
679,./node_679_INORM,0.2320010,0.0011213
981,./node_981_INORM,0.2504862,0.0014850
532,./node_532_INORM,0.3612587,0.0000039
913,./node_913_INORM,0.2066047,0.0050385
315,./node_315_INORM,0.7003514,1.1924584e-16
616,./node_616_INORM,0.3937853,0.0000051
431,./node_431_INORM,0.4653807,1.4952333e-09
99,./node_99_INORM,0.7059180,3.0787158e-20
64,./node_64_INORM,0.6244769,3.6768481e-16
132,./node_132_INORM,0.5266906,1.1173323e-11
216,./node_216_INORM,0.6874003,1.8189097e-17
715,./node_715_INORM,0.3245076,0.0000463
810,./node_810_INORM,0.3877358,0.0000101
882,./node_882_INORM,0.3579781,0.0000249
279,./node_279_INORM,0.7295188,2.0298279e-18
787,./node_787_INORM,0.3503912,0.0000285
284,./node_284_INORM,0.6554259,4.4726796e-15
513,./node_513_INORM,0.5359393,1.030175e-09
1004,./node_1004_INORM,0.2463479,0.0018555
334,./node_334_INORM,0.5823245,3.6922796e-13
637,./node_637_INORM,0.2488400,0.0005454
932,./node_932_INORM,0.2460220,0.0012496
658,./node_658_INORM,0.3402766,0.0000267
581,./node_581_INORM,0.3490647,0.0000101
258,./node_258_INORM,0.4353627,1.1950621e-08
181,./node_181_INORM,0.7238739,3.1828733e-20
482,./node_482_INORM,0.5587163,4.6849995e-10
410,./node_410_INORM,0.4909607,2.4124884e-09
45,./node_45_INORM,0.6403445,2.4305674e-16
113,./node_113_INORM,0.5133165,1.8996111e-11
831,./node_831_INORM,0.3969813,0.0000043
237,./node_237_INORM,0.4108086,1.779722e-08
734,./node_734_INORM,0.2894418,0.0001872
83,./node_83_INORM,0.6858287,1.3344159e-18
128,./node_128_INORM,0.5380661,2.6178806e-12
444,./node_444_INORM,0.4623787,2.870978e-09
11,./node_11_INORM,0.6467382,3.5330845e-16
147,./node_147_INORM,0.5599333,5.9418195e-13
263,./node_263_INORM,0.7418011,3.7604011e-19
760,./node_760_INORM,0.3723487,0.0000083
898,./node_898_INORM,0.2789101,0.0005707
865,./node_865_INORM,0.3481821,0.0000305
547,./node_547_INORM,0.3461905,0.0000071
966,./node_966_INORM,0.3257878,0.0001619
360,./node_360_INORM,0.6392140,1.7864727e-14
663,./node_663_INORM,0.3425539,0.0000330
909,./node_909_INORM,0.2592001,0.0012973
528,./node_528_INORM,0.5079012,2.0766308e-08
465,./node_465_INORM,0.4484050,1.9117703e-08
30,./node_30_INORM,0.5295894,2.5056104e-11
498,./node_498_INORM,0.4036712,0.0000002
166,./node_166_INORM,0.4384513,3.6697446e-09
844,./node_844_INORM,0.4180097,0.0000027
242,./node_242_INORM,0.7136809,2.7984349e-20
741,./node_741_INORM,0.3457753,0.0000249
109,./node_109_INORM,0.6719613,1.3447079e-18
928,./node_928_INORM,0.2685807,0.0005881
509,./node_509_INORM,0.3910171,0.0000008
566,./node_566_INORM,0.3520882,0.0000109
341,./node_341_INORM,0.5031760,1.0515832e-10
642,./node_642_INORM,0.3535103,0.0000122
947,./node_947_INORM,0.4048164,0.0000042
924,./node_924_INORM,0.3542446,0.0000277
322,./node_322_INORM,0.6855621,7.907631e-16
621,./node_621_INORM,0.3381662,0.0000140
1012,./node_1012_INORM,0.3070470,0.0003330
2,./node_2_INORM,0.6595954,8.7143885e-17
505,./node_505_INORM,0.5462636,2.1077845e-09
597,./node_597_INORM,0.3556507,0.0000036
469,./node_469_INORM,0.4685310,1.206199e-08
197,./node_197_INORM,0.6088308,1.137438e-15
494,./node_494_INORM,0.5140246,4.8041899e-09
848,./node_848_INORM,0.4202632,0.0000015
221,./node_221_INORM,0.7114222,6.3125085e-18
722,./node_722_INORM,0.2029551,0.0045184
827,./node_827_INORM,0.2095289,0.0048551
406,./node_406_INORM,0.4095044,4.7110768e-08
105,./node_105_INORM,0.5837205,7.607522e-14
53,./node_53_INORM,0.5693864,1.1417055e-13
997,./node_997_INORM,0.3229887,0.0001590
692,./node_692_INORM,0.2438142,0.0007476
391,./node_391_INORM,0.5891848,3.252529e-12
303,./node_303_INORM,0.5624812,2.0364403e-12
600,./node_600_INORM,0.3434809,0.0000147
905,./node_905_INORM,0.2926080,0.0004024
524,./node_524_INORM,0.5216962,8.491178e-09
806,./node_806_INORM,0.3632496,0.0000115
200,./node_200_INORM,0.5493174,6.6337035e-13
703,./node_703_INORM,0.3454337,0.0000134
427,./node_427_INORM,0.6036688,2.9542161e-11
124,./node_124_INORM,0.6467236,1.078204e-17
72,./node_72_INORM,0.6959600,4.0754541e-19
448,./node_448_INORM,0.5096484,7.2362095e-09
791,./node_791_INORM,0.3472231,0.0000286
292,./node_292_INORM,0.5642314,3.4006239e-13
894,./node_894_INORM,0.3062286,0.0002782
869,./node_869_INORM,0.1814445,0.0129408
619,./node_619_INORM,0.3155344,0.0000360
388,./node_388_INORM,0.5762268,2.0168415e-12
676,./node_676_INORM,0.3708343,0.0000032
375,./node_375_INORM,0.6786434,1.2535947e-14
973,./node_973_INORM,0.2278952,0.0031618
552,./node_552_INORM,0.4865415,0.0000001
870,./node_870_INORM,0.4255572,0.0000010
775,./node_775_INORM,0.3345938,0.0000290
276,./node_276_INORM,0.4240955,6.8891015e-09
788,./node_788_INORM,0.3803473,0.0000111
152,./node_152_INORM,0.4760504,3.356527e-10
451,./node_451_INORM,0.3492474,0.0000023
96,./node_96_INORM,0.4980186,1.2128701e-10
219,./node_219_INORM,0.6287365,3.5368503e-15
952,./node_952_INORM,0.4249427,0.0000017
657,./node_657_INORM,0.3427634,0.0000115
354,./node_354_INORM,0.5216622,1.8974051e-11
573,./node_573_INORM,0.3404459,0.0000237
638,./node_638_INORM,0.3894624,0.0000049
238,./node_238_INORM,0.7346953,1.4637422e-19
754,./node_754_INORM,0.3262988,0.0000389
257,./node_257_INORM,0.4480972,6.1609285e-09
851,./node_851_INORM,0.2722002,0.0005376
25,./node_25_INORM,0.6091584,1.4273052e-14
173,./node_173_INORM,0.7376958,1.8726894e-21
470,./node_470_INORM,0.4379472,1.8506047e-08
110,./node_110_INORM,0.7094844,1.5106768e-19
46,./node_46_INORM,0.4910989,3.8266334e-10
413,./node_413_INORM,0.6125082,7.464047e-12
832,./node_832_INORM,0.3715187,0.0000120
737,./node_737_INORM,0.3714174,0.0000051
234,./node_234_INORM,0.7306276,1.90553e-19
758,./node_758_INORM,0.2453710,0.0011052
481,./node_481_INORM,0.3817092,0.0000011
29,./node_29_INORM,0.5385599,1.8650737e-11
182,./node_182_INORM,0.7200883,7.285226e-20
358,./node_358_INORM,0.4121246,2.6601281e-08
582,./node_582_INORM,0.2826579,0.0001096
510,./node_510_INORM,0.4137424,0.0000006
1007,./node_1007_INORM,0.3083271,0.0002966
634,./node_634_INORM,0.3282710,0.0000459
337,./node_337_INORM,0.4250908,1.2747116e-08
931,./node_931_INORM,0.2718731,0.0009441
881,./node_881_INORM,0.4229785,0.0000013
287,./node_287_INORM,0.4400317,2.5220262e-09
779,./node_779_INORM,0.3605136,0.0000149
784,./node_784_INORM,0.1848493,0.0087349
131,./node_131_INORM,0.5045514,5.931946e-11
67,./node_67_INORM,0.6641090,1.2755122e-17
432,./node_432_INORM,0.4137999,4.0365647e-08
716,./node_716_INORM,0.2293222,0.0015473
215,./node_215_INORM,0.7574798,8.461824e-22
813,./node_813_INORM,0.4082885,0.0000028
531,./node_531_INORM,0.4084029,0.0000004
910,./node_910_INORM,0.1821876,0.0132150
615,./node_615_INORM,0.3217230,0.0000329
316,./node_316_INORM,0.4191963,2.216033e-08
384,./node_384_INORM,0.4788903,8.1279985e-10
379,./node_379_INORM,0.3914256,0.0000001
687,./node_687_INORM,0.3267112,0.0000355
982,./node_982_INORM,0.2353873,0.0029442
598,./node_598_INORM,0.3287901,0.0000437
565,./node_565_INORM,0.3912650,0.0000025
641,./node_641_INORM,0.3554194,0.0000046
342,./node_342_INORM,0.6590553,3.6328963e-14
944,./node_944_INORM,0.2216325,0.0043372
828,./node_828_INORM,0.4167732,0.0000016
409,./node_409_INORM,0.4701076,6.0670185e-09
165,./node_165_INORM,0.4435091,2.2959539e-09
33,./node_33_INORM,0.6394293,8.727587e-17
466,./node_466_INORM,0.3709214,0.0000013
198,./node_198_INORM,0.6531769,4.6443952e-18
847,./node_847_INORM,0.3975966,0.0000098
742,./node_742_INORM,0.2219643,0.0024345
241,./node_241_INORM,0.7221232,6.147098e-19
544,./node_544_INORM,0.3528849,0.0000072
965,./node_965_INORM,0.2617963,0.0008756
998,./node_998_INORM,0.3381880,0.0001025
660,./node_660_INORM,0.2339156,0.0010133
363,./node_363_INORM,0.5337538,2.3285208e-11
144,./node_144_INORM,0.7197148,6.81954e-21
12,./node_12_INORM,0.6557344,1.2479404e-16
447,./node_447_INORM,0.5256311,2.8485893e-09
763,./node_763_INORM,0.2836266,0.0002829
260,./node_260_INORM,0.4012736,3.4782535e-08
866,./node_866_INORM,0.2256842,0.0021669
809,./node_809_INORM,0.3532221,0.0000150
80,./node_80_INORM,0.5638022,1.8911757e-13
428,./node_428_INORM,0.6040878,1.5861439e-12
148,./node_148_INORM,0.6630373,1.346822e-18
291,./node_291_INORM,0.4983083,1.860982e-10
792,./node_792_INORM,0.3927410,0.0000058
897,./node_897_INORM,0.2479863,0.0015793
805,./node_805_INORM,0.4051741,0.0000037
700,./node_700_INORM,0.2569601,0.0005721
203,./node_203_INORM,0.5073514,2.4948151e-11
71,./node_71_INORM,0.6858804,3.6329721e-19
127,./node_127_INORM,0.6778968,6.3935265e-18
424,./node_424_INORM,0.5444228,2.5238724e-10
603,./node_603_INORM,0.3885323,0.0000020
300,./node_300_INORM,0.6172380,1.0871511e-13
906,./node_906_INORM,0.1935409,0.0087788
527,./node_527_INORM,0.5131159,5.2564075e-09
548,./node_548_INORM,0.4226799,0.0000003
969,./node_969_INORM,0.2356288,0.0033529
994,./node_994_INORM,0.2473305,0.0016063
392,./node_392_INORM,0.4831590,7.2927945e-10
691,./node_691_INORM,0.3467614,0.0000090
721,./node_721_INORM,0.2974296,0.0001821
222,./node_222_INORM,0.5526124,2.5272187e-12
824,./node_824_INORM,0.3707962,0.0000126
50,./node_50_INORM,0.6021109,1.9834177e-14
106,./node_106_INORM,0.6462460,2.3374306e-17
405,./node_405_INORM,0.3636748,0.0000008
497,./node_497_INORM,0.3287570,0.0000110
169,./node_169_INORM,0.7176876,1.5262673e-20
194,./node_194_INORM,0.3963689,0.0000001
594,./node_594_INORM,0.2569553,0.0003857
569,./node_569_INORM,0.3757026,0.0000031
948,./node_948_INORM,0.2364315,0.0030811
927,./node_927_INORM,0.4191552,0.0000022
622,./node_622_INORM,0.2456022,0.0005866
321,./node_321_INORM,0.7190408,4.0660062e-17
1011,./node_1011_INORM,0.2739004,0.0009785
1,./node_1_INORM,0.6333570,2.3596075e-15
506,./node_506_INORM,0.4376591,0.0000001
450,./node_450_INORM,0.4051180,0.0000001
153,./node_153_INORM,0.5146493,1.5597063e-11
789,./node_789_INORM,0.3256698,0.0000448
277,./node_277_INORM,0.4365591,3.2248269e-09
774,./node_774_INORM,0.3527174,0.0000259
871,./node_871_INORM,0.3488123,0.0000593
218,./node_218_INORM,0.7299964,2.9125999e-21
97,./node_97_INORM,0.7075209,5.9038645e-20
618,./node_618_INORM,0.3807152,0.0000042
553,./node_553_INORM,0.3486271,0.0000078
972,./node_972_INORM,0.2269873,0.0041609
374,./node_374_INORM,0.6742241,1.0043768e-14
677,./node_677_INORM,0.3169478,0.0000705
389,./node_389_INORM,0.6180024,7.5841085e-13
239,./node_239_INORM,0.4778375,1.8163524e-10
471,./node_471_INORM,0.3767285,0.0000014
24,./node_24_INORM,0.6898649,1.4308564e-18
172,./node_172_INORM,0.5472196,3.7717232e-13
850,./node_850_INORM,0.4212936,0.0000019
256,./node_256_INORM,0.7299204,2.8535633e-18
755,./node_755_INORM,0.3819816,0.0000040
572,./node_572_INORM,0.3489721,0.0000056
355,./node_355_INORM,0.4386103,1.086853e-08
656,./node_656_INORM,0.3415239,0.0000140
953,./node_953_INORM,0.2549275,0.0017308
639,./node_639_INORM,0.3738910,0.0000051
583,./node_583_INORM,0.3049626,0.0000387
359,./node_359_INORM,0.7260685,8.995224e-17
930,./node_930_INORM,0.3846713,0.0000123
336,./node_336_INORM,0.6697818,6.910049e-16
635,./node_635_INORM,0.3555413,0.0000057
1006,./node_1006_INORM,0.2382220,0.0030821
511,./node_511_INORM,0.4613982,0.0000001
235,./node_235_INORM,0.6151789,1.0691655e-15
736,./node_736_INORM,0.3349100,0.0000258
833,./node_833_INORM,0.3946038,0.0000073
412,./node_412_INORM,0.6146207,3.475063e-12
111,./node_111_INORM,0.6007214,4.0470471e-15
47,./node_47_INORM,0.6626851,3.5321585e-17
183,./node_183_INORM,0.6851777,1.183525e-19
480,./node_480_INORM,0.3889212,0.0000003
28,./node_28_INORM,0.5082195,1.8264717e-10
759,./node_759_INORM,0.3606075,0.0000094
317,./node_317_INORM,0.7426566,1.5677117e-18
614,./node_614_INORM,0.3327445,0.0000202
911,./node_911_INORM,0.2311503,0.0029701
530,./node_530_INORM,0.3832536,0.0000014
983,./node_983_INORM,0.2493190,0.0016324
686,./node_686_INORM,0.2546698,0.0005035
378,./node_378_INORM,0.5896970,1.0573116e-12
385,./node_385_INORM,0.6455770,2.5867768e-14
785,./node_785_INORM,0.3521194,0.0000149
778,./node_778_INORM,0.3853705,0.0000063
286,./node_286_INORM,0.5136862,1.1086324e-10
880,./node_880_INORM,0.3889166,0.0000042
812,./node_812_INORM,0.4112590,0.0000041
214,./node_214_INORM,0.4808095,3.1933149e-10
717,./node_717_INORM,0.3505001,0.0000182
433,./node_433_INORM,0.3480754,0.0000023
130,./node_130_INORM,0.5975603,2.8082491e-15
66,./node_66_INORM,0.5560552,3.3045029e-13
408,./node_408_INORM,0.4437026,6.218151e-09
829,./node_829_INORM,0.3114477,0.0000785
240,./node_240_INORM,0.4728184,2.0759439e-10
743,./node_743_INORM,0.3349721,0.0000274
846,./node_846_INORM,0.2428414,0.0016501
199,./node_199_INORM,0.6851490,1.199726e-17
467,./node_467_INORM,0.4499962,1.0223998e-08
164,./node_164_INORM,0.6442603,3.7496867e-17
32,./node_32_INORM,0.5741146,6.44876e-13
945,./node_945_INORM,0.4453050,0.0000005
343,./node_343_INORM,0.5038480,6.6907565e-11
640,./node_640_INORM,0.3207881,0.0000273
564,./node_564_INORM,0.4380295,0.0000005
599,./node_599_INORM,0.3522142,0.0000143
867,./node_867_INORM,0.3167343,0.0001010
261,./node_261_INORM,0.4735558,7.2024035e-10
762,./node_762_INORM,0.3628940,0.0000197
446,./node_446_INORM,0.5565851,2.9703611e-11
145,./node_145_INORM,0.5437628,1.3090653e-12
13,./node_13_INORM,0.5876710,1.8059978e-13
81,./node_81_INORM,0.5574738,1.3049019e-12
429,./node_429_INORM,0.5781714,1.2483723e-10
808,./node_808_INORM,0.3928299,0.0000017
362,./node_362_INORM,0.6495631,2.9288173e-14
661,./node_661_INORM,0.3112836,0.0000702
999,./node_999_INORM,0.2603006,0.0012987
964,./node_964_INORM,0.3563132,0.0000412
545,./node_545_INORM,0.4011585,0.0000009
526,./node_526_INORM,0.3486228,0.0000056
907,./node_907_INORM,0.1903592,0.0115303
301,./node_301_INORM,0.7261296,3.4717421e-18
602,./node_602_INORM,0.3478144,0.0000076
690,./node_690_INORM,0.3431609,0.0000228
393,./node_393_INORM,0.6765834,7.9254975e-15
995,./node_995_INORM,0.2492170,0.0021805
968,./node_968_INORM,0.2262497,0.0043619
549,./node_549_INORM,0.3468941,0.0000075
896,./node_896_INORM,0.3390117,0.0000679
793,./node_793_INORM,0.3169894,0.0000755
290,./node_290_INORM,0.6289971,1.4931568e-15
149,./node_149_INORM,0.5021113,3.7855054e-11
425,./node_425_INORM,0.5855980,1.6416545e-11
70,./node_70_INORM,0.5344205,9.644517e-12
126,./node_126_INORM,0.5127099,3.0180226e-11
202,./node_202_INORM,0.4700168,4.7600549e-10
701,./node_701_INORM,0.3463711,0.0000191
804,./node_804_INORM,0.3634170,0.0000157
949,./node_949_INORM,0.4278367,0.0000013
568,./node_568_INORM,0.3131629,0.0000257
595,./node_595_INORM,0.4459114,0.0000002
507,./node_507_INORM,0.4156398,0.0000001
1010,./node_1010_INORM,0.2509544,0.0019211
320,./node_320_INORM,0.5203063,7.7056475e-11
623,./node_623_INORM,0.3597199,0.0000108
926,./node_926_INORM,0.1988391,0.0084418
404,./node_404_INORM,0.3707663,0.0000004
51,./node_51_INORM,0.5801012,5.3191e-14
107,./node_107_INORM,0.7013700,3.5738524e-19
825,./node_825_INORM,0.3905737,0.0000066
223,./node_223_INORM,0.3861253,0.0000001
720,./node_720_INORM,0.1989201,0.0049888
195,./node_195_INORM,0.7234776,4.3199923e-19
168,./node_168_INORM,0.4352658,4.9545981e-09
496,./node_496_INORM,0.2991483,0.0000474
537,./node_537_INORM,0.4620083,0.0000001
1020,./node_1020_INORM,0.2548758,0.0018502
310,./node_310_INORM,0.4633947,2.6927966e-09
613,./node_613_INORM,0.2922242,0.0000765
916,./node_916_INORM,0.2988421,0.0001827
984,./node_984_INORM,0.2533247,0.0014822
979,./node_979_INORM,0.3946008,0.0000078
681,./node_681_INORM,0.3355192,0.0000349
382,./node_382_INORM,0.4021524,0.0000001
558,./node_558_INORM,0.3520204,0.0000072
782,./node_782_INORM,0.3995787,0.0000058
281,./node_281_INORM,0.6431426,4.9826712e-16
887,./node_887_INORM,0.1811464,0.0146112
158,./node_158_INORM,0.6960967,3.7391909e-18
434,./node_434_INORM,0.3525741,0.0000016
137,./node_137_INORM,0.7219060,6.2998e-21
61,./node_61_INORM,0.5902964,5.2700125e-14
815,./node_815_INORM,0.3826097,0.0000063
213,./node_213_INORM,0.5804291,2.8351881e-14
710,./node_710_INORM,0.2162490,0.0023501
958,./node_958_INORM,0.2828366,0.0004230
579,./node_579_INORM,0.3449534,0.0000131
584,./node_584_INORM,0.3454786,0.0000102
1001,./node_1001_INORM,0.3492550,0.0000658
516,./node_516_INORM,0.3118620,0.0000256
937,./node_937_INORM,0.2442976,0.0022538
331,./node_331_INORM,0.4091292,0.0000001
632,./node_632_INORM,0.3467310,0.0000121
415,./node_415_INORM,0.6622650,7.0478815e-14
116,./node_116_INORM,0.5786514,9.5447865e-14
40,./node_40_INORM,0.4901929,5.3991645e-10
232,./node_232_INORM,0.5897754,1.7129388e-14
731,./node_731_INORM,0.3397517,0.0000201
834,./node_834_INORM,0.4057634,0.0000026
184,./node_184_INORM,0.7255236,6.9161045e-20
179,./node_179_INORM,0.4268665,8.4568855e-09
487,./node_487_INORM,0.4938875,2.1449478e-09
419,./node_419_INORM,0.5597979,3.2139885e-10
838,./node_838_INORM,0.4132175,0.0000027
857,./node_857_INORM,0.1791210,0.0125615
251,./node_251_INORM,0.7410670,2.5714571e-19
752,./node_752_INORM,0.1871653,0.0077366
188,./node_188_INORM,0.5002409,3.8545453e-11
476,./node_476_INORM,0.5251424,4.141926e-10
23,./node_23_INORM,0.6470887,5.3144715e-17
175,./node_175_INORM,0.4368735,3.3309516e-09
352,./node_352_INORM,0.5113203,2.6851628e-10
651,./node_651_INORM,0.2251528,0.0014445
954,./node_954_INORM,0.2740376,0.0005290
575,./node_575_INORM,0.2948665,0.0000611
588,./node_588_INORM,0.3970355,0.0000028
270,./node_270_INORM,0.7475209,5.2323165e-20
773,./node_773_INORM,0.3663431,0.0000200
876,./node_876_INORM,0.1793799,0.0110133
457,./node_457_INORM,0.3675799,0.0000012
154,./node_154_INORM,0.5586843,5.038804e-13
438,./node_438_INORM,0.4200267,0.0000001
90,./node_90_INORM,0.6081215,2.635841e-15
819,./node_819_INORM,0.4023170,0.0000053
988,./node_988_INORM,0.2360829,0.0033695
975,./node_975_INORM,0.2334310,0.0028009
373,./node_373_INORM,0.6618201,1.7130032e-14
670,./node_670_INORM,0.3448423,0.0000169
554,./node_554_INORM,0.3673170,0.0000040
592,./node_592_INORM,0.3527736,0.0000058
348,./node_348_INORM,0.4854994,1.3737029e-09
327,./node_327_INORM,0.7383635,5.8487075e-18
624,./node_624_INORM,0.3737533,0.0000052
921,./node_921_INORM,0.2640744,0.0005975
500,./node_500_INORM,0.3496783,0.0000054
7,./node_7_INORM,0.5622854,2.5922129e-12
1017,./node_1017_INORM,0.2430894,0.0024750
822,./node_822_INORM,0.2267232,0.0026314
224,./node_224_INORM,0.4310484,3.9649832e-09
727,./node_727_INORM,0.2874095,0.0002760
403,./node_403_INORM,0.3564427,0.0000011
56,./node_56_INORM,0.5303333,1.8884931e-11
100,./node_100_INORM,0.6967597,5.5146295e-20
192,./node_192_INORM,0.4853514,1.249096e-10
39,./node_39_INORM,0.5915597,7.997374e-14
491,./node_491_INORM,0.3287613,0.0000110
748,./node_748_INORM,0.3449932,0.0000369
900,./node_900_INORM,0.4110098,0.0000038
306,./node_306_INORM,0.7538271,1.7129388e-19
605,./node_605_INORM,0.3364885,0.0000331
521,./node_521_INORM,0.4552654,4.1685558e-08
697,./node_697_INORM,0.3265710,0.0000372
369,./node_369_INORM,0.7108530,9.0283875e-17
394,./node_394_INORM,0.6607728,2.0018865e-13
992,./node_992_INORM,0.3728314,0.0000247
18,./node_18_INORM,0.6308980,1.3001158e-15
891,./node_891_INORM,0.3104887,0.0001825
794,./node_794_INORM,0.3723219,0.0000117
769,./node_769_INORM,0.3581728,0.0000214
297,./node_297_INORM,0.4925578,2.0253397e-10
205,./node_205_INORM,0.5658594,2.8550381e-13
706,./node_706_INORM,0.3402395,0.0000206
803,./node_803_INORM,0.3883439,0.0000062
422,./node_422_INORM,0.4403699,4.1227508e-08
77,./node_77_INORM,0.4896826,2.9269111e-10
121,./node_121_INORM,0.5643932,1.1896377e-13
441,./node_441_INORM,0.4628767,1.9524866e-09
142,./node_142_INORM,0.6294899,9.93787e-17
14,./node_14_INORM,0.6236391,3.3467413e-15
860,./node_860_INORM,0.2249853,0.0030846
798,./node_798_INORM,0.4047991,0.0000021
266,./node_266_INORM,0.6186300,1.42774e-15
765,./node_765_INORM,0.3728775,0.0000115
209,./node_209_INORM,0.5286080,3.3674369e-12
86,./node_86_INORM,0.6848050,4.55371e-19
609,./node_609_INORM,0.2581025,0.0003374
542,./node_542_INORM,0.4627808,0.0000001
365,./node_365_INORM,0.4616085,1.3629637e-09
666,./node_666_INORM,0.3430312,0.0000182
398,./node_398_INORM,0.4535943,7.3245195e-09
963,./node_963_INORM,0.2145263,0.0063074
228,./node_228_INORM,0.6647817,6.025345e-18
460,./node_460_INORM,0.4326530,0.0000001
163,./node_163_INORM,0.6152048,7.410982e-16
35,./node_35_INORM,0.5942463,8.971718e-15
247,./node_247_INORM,0.4182203,1.0267192e-08
744,./node_744_INORM,0.3489058,0.0000227
841,./node_841_INORM,0.3538313,0.0000154
563,./node_563_INORM,0.3299297,0.0000118
942,./node_942_INORM,0.2342976,0.0021961
344,./node_344_INORM,0.6290976,8.742134e-14
647,./node_647_INORM,0.2868234,0.0001212
628,./node_628_INORM,0.3890167,0.0000059
159,./node_159_INORM,0.4861343,6.3441875e-11
886,./node_886_INORM,0.2474111,0.0010423
280,./node_280_INORM,0.7149704,1.1832058e-18
783,./node_783_INORM,0.1887410,0.0078297
711,./node_711_INORM,0.3215012,0.0000504
212,./node_212_INORM,0.7380470,5.2208195e-20
814,./node_814_INORM,0.3855583,0.0000034
136,./node_136_INORM,0.5109986,2.7234929e-11
60,./node_60_INORM,0.5881313,2.3108315e-14
435,./node_435_INORM,0.3773416,0.0000003
917,./node_917_INORM,0.3163441,0.0001057
612,./node_612_INORM,0.3617342,0.0000113
311,./node_311_INORM,0.4016352,0.0000001
1021,./node_1021_INORM,0.2442871,0.0022899
536,./node_536_INORM,0.3691523,0.0000026
559,./node_559_INORM,0.4010922,0.0000008
383,./node_383_INORM,0.4722934,1.4616583e-09
680,./node_680_INORM,0.2270031,0.0014062
978,./node_978_INORM,0.2748371,0.0009864
985,./node_985_INORM,0.3053688,0.0003374
835,./node_835_INORM,0.2011413,0.0067091
730,./node_730_INORM,0.3236309,0.0000476
233,./node_233_INORM,0.4627738,1.1746903e-09
117,./node_117_INORM,0.5049883,5.855354e-11
41,./node_41_INORM,0.5032141,1.6178718e-10
414,./node_414_INORM,0.6153845,1.002472e-11
486,./node_486_INORM,0.3519476,0.0000046
178,./node_178_INORM,0.6122859,5.5714825e-15
185,./node_185_INORM,0.7217942,2.1628559e-19
585,./node_585_INORM,0.4452950,0.0000002
578,./node_578_INORM,0.3192738,0.0000207
959,./node_959_INORM,0.2979946,0.0004436
633,./node_633_INORM,0.2689905,0.0002166
330,./node_330_INORM,0.4255338,2.006103e-08
936,./node_936_INORM,0.4293109,0.0000009
517,./node_517_INORM,0.4914644,1.0667518e-08
1000,./node_1000_INORM,0.2676024,0.0012562
589,./node_589_INORM,0.3728043,0.0000044
574,./node_574_INORM,0.4219029,0.0000004
955,./node_955_INORM,0.4112454,0.0000041
650,./node_650_INORM,0.3913352,0.0000031
353,./node_353_INORM,0.7021191,6.861437e-16
839,./node_839_INORM,0.1881366,0.0094451
418,./node_418_INORM,0.5616021,7.9977055e-12
22,./node_22_INORM,0.5721788,6.5647325e-13
174,./node_174_INORM,0.4182638,1.2870947e-08
477,./node_477_INORM,0.4379112,0.0000001
189,./node_189_INORM,0.4877985,1.2016976e-10
753,./node_753_INORM,0.3612786,0.0000169
250,./node_250_INORM,0.4626947,5.2904015e-10
856,./node_856_INORM,0.3298570,0.0000475
555,./node_555_INORM,0.3738281,0.0000025
671,./node_671_INORM,0.3572561,0.0000039
372,./node_372_INORM,0.6577366,2.7676136e-13
974,./node_974_INORM,0.2728428,0.0006940
989,./node_989_INORM,0.4049650,0.0000044
155,./node_155_INORM,0.5806294,3.3125569e-14
456,./node_456_INORM,0.3804074,0.0000006
877,./node_877_INORM,0.2183107,0.0046660
772,./node_772_INORM,0.3405951,0.0000286
271,./node_271_INORM,0.7258137,6.0184075e-20
818,./node_818_INORM,0.4114242,0.0000036
439,./node_439_INORM,0.4247481,3.5377579e-08
91,./node_91_INORM,0.6926635,6.3621605e-19
57,./node_57_INORM,0.5002144,1.888204e-10
101,./node_101_INORM,0.6057478,9.7055315e-15
402,./node_402_INORM,0.4865031,5.214027e-10
726,./node_726_INORM,0.3188708,0.0000498
225,./node_225_INORM,0.3685126,0.0000003
823,./node_823_INORM,0.3033629,0.0001025
749,./node_749_INORM,0.3455512,0.0000328
38,./node_38_INORM,0.5120811,1.0332522e-10
490,./node_490_INORM,0.4366639,3.4601637e-08
193,./node_193_INORM,0.6778189,9.4211755e-19
349,./node_349_INORM,0.6982093,4.2866175e-15
593,./node_593_INORM,0.4171792,0.0000008
1016,./node_1016_INORM,0.2888497,0.0005923
6,./node_6_INORM,0.6553493,1.2333922e-16
501,./node_501_INORM,0.3579143,0.0000032
920,./node_920_INORM,0.2230453,0.0028407
625,./node_625_INORM,0.2841128,0.0001290
326,./node_326_INORM,0.4826744,1.3808607e-10
296,./node_296_INORM,0.4688262,1.0071133e-09
768,./node_768_INORM,0.2570818,0.0007838
795,./node_795_INORM,0.3974936,0.0000065
890,./node_890_INORM,0.2300557,0.0028007
19,./node_19_INORM,0.5406943,1.4179967e-11
76,./node_76_INORM,0.5701655,1.3891701e-13
120,./node_120_INORM,0.6469347,1.8976482e-16
423,./node_423_INORM,0.5373672,1.1643037e-10
802,./node_802_INORM,0.3884305,0.0000047
707,./node_707_INORM,0.3328305,0.0000289
204,./node_204_INORM,0.3745757,0.0000002
520,./node_520_INORM,0.4148955,0.0000001
604,./node_604_INORM,0.3655561,0.0000072
307,./node_307_INORM,0.6638498,7.9375535e-16
901,./node_901_INORM,0.3180614,0.0000708
993,./node_993_INORM,0.2373191,0.0032853
395,./node_395_INORM,0.6403082,3.0062122e-13
368,./node_368_INORM,0.4865686,1.6830524e-10
696,./node_696_INORM,0.2542249,0.0005144
608,./node_608_INORM,0.3319168,0.0000131
962,./node_962_INORM,0.4246496,0.0000016
399,./node_399_INORM,0.4461730,1.8436985e-08
667,./node_667_INORM,0.3336353,0.0000381
364,./node_364_INORM,0.6685333,6.8751285e-14
543,./node_543_INORM,0.3639230,0.0000060
764,./node_764_INORM,0.2838594,0.0002425
267,./node_267_INORM,0.7720399,1.0660563e-21
799,./node_799_INORM,0.3390327,0.0000257
861,./node_861_INORM,0.4423900,0.0000007
143,./node_143_INORM,0.4766261,2.6144887e-10
15,./node_15_INORM,0.6567430,6.2521645e-17
440,./node_440_INORM,0.4362630,1.6967204e-08
87,./node_87_INORM,0.6446828,4.7961121e-17
208,./node_208_INORM,0.6270831,1.7988725e-16
646,./node_646_INORM,0.3518288,0.0000049
345,./node_345_INORM,0.7040596,7.410397e-17
943,./node_943_INORM,0.2127655,0.0052251
562,./node_562_INORM,0.3831469,0.0000021
629,./node_629_INORM,0.3357485,0.0000211
229,./node_229_INORM,0.5313081,2.3187667e-12
840,./node_840_INORM,0.1762880,0.0136901
745,./node_745_INORM,0.3818246,0.0000027
246,./node_246_INORM,0.3708204,0.0000002
162,./node_162_INORM,0.5081320,2.6150989e-11
34,./node_34_INORM,0.6282077,4.9405471e-16
461,./node_461_INORM,0.4811736,1.839576e-08
333,./node_333_INORM,0.4844246,2.1214235e-10
630,./node_630_INORM,0.3487016,0.0000080
935,./node_935_INORM,0.2051556,0.0082886
514,./node_514_INORM,0.3926479,0.0000007
1003,./node_1003_INORM,0.2383707,0.0027016
586,./node_586_INORM,0.2719001,0.0001856
478,./node_478_INORM,0.3831523,0.0000005
186,./node_186_INORM,0.6479945,2.4445107e-17
485,./node_485_INORM,0.5373752,2.4168733e-09
859,./node_859_INORM,0.2912949,0.0002725
836,./node_836_INORM,0.4159477,0.0000035
230,./node_230_INORM,0.3634184,0.0000004
733,./node_733_INORM,0.3591101,0.0000129
417,./node_417_INORM,0.6067632,2.2128051e-11
42,./node_42_INORM,0.7027161,1.1453153e-19
114,./node_114_INORM,0.5341780,4.1654357e-12
683,./node_683_INORM,0.3655711,0.0000049
380,./node_380_INORM,0.3843991,0.0000002
986,./node_986_INORM,0.2346365,0.0034101
914,./node_914_INORM,0.3972524,0.0000039
312,./node_312_INORM,0.4033284,0.0000001
611,./node_611_INORM,0.4040413,0.0000029
1022,./node_1022_INORM,0.2772904,0.0008466
535,./node_535_INORM,0.4316604,0.0000002
211,./node_211_INORM,0.6861980,2.0351195e-19
712,./node_712_INORM,0.3446878,0.0000133
817,./node_817_INORM,0.3944769,0.0000043
436,./node_436_INORM,0.6123748,5.143802e-12
63,./node_63_INORM,0.4863208,4.8488282e-10
135,./node_135_INORM,0.5673215,1.1410735e-13
459,./node_459_INORM,0.5473635,4.3716729e-10
885,./node_885_INORM,0.2343351,0.0016336
878,./node_878_INORM,0.3202641,0.0001166
780,./node_780_INORM,0.3707421,0.0000132
283,./node_283_INORM,0.6922910,1.6862556e-17
92,./node_92_INORM,0.7057430,3.3139119e-20
139,./node_139_INORM,0.7279712,1.0649143e-20
455,./node_455_INORM,0.3746549,0.0000005
156,./node_156_INORM,0.7190158,3.4201447e-20
889,./node_889_INORM,0.2909550,0.0001997
874,./node_874_INORM,0.4371624,0.0000008
272,./node_272_INORM,0.7486996,3.8173703e-20
771,./node_771_INORM,0.3102970,0.0000887
556,./node_556_INORM,0.3648879,0.0000036
371,./node_371_INORM,0.6859090,1.1554105e-14
672,./node_672_INORM,0.3538533,0.0000057
977,./node_977_INORM,0.2502901,0.0022071
918,./node_918_INORM,0.3529491,0.0000543
539,./node_539_INORM,0.3707538,0.0000033
474,./node_474_INORM,0.4086739,0.0000001
489,./node_489_INORM,0.5666776,4.425083e-10
177,./node_177_INORM,0.4056701,3.2628824e-08
21,./node_21_INORM,0.6324532,2.8935159e-16
253,./node_253_INORM,0.6763013,1.3116481e-17
750,./node_750_INORM,0.3216004,0.0000455
855,./node_855_INORM,0.2346623,0.0022105
118,./node_118_INORM,0.6075338,1.2074675e-15
939,./node_939_INORM,0.2388041,0.0027049
518,./node_518_INORM,0.4118568,0.0000002
577,./node_577_INORM,0.4364195,0.0000009
956,./node_956_INORM,0.2210877,0.0047973
350,./node_350_INORM,0.7191935,4.2527325e-16
653,./node_653_INORM,0.3485232,0.0000059
990,./node_990_INORM,0.3662332,0.0000285
695,./node_695_INORM,0.2228230,0.0017791
396,./node_396_INORM,0.4603799,8.1805505e-09
668,./node_668_INORM,0.3469629,0.0000278
523,./node_523_INORM,0.3908892,0.0000009
304,./node_304_INORM,0.7232823,2.9501917e-18
607,./node_607_INORM,0.3431254,0.0000113
902,./node_902_INORM,0.2292490,0.0030208
88,./node_88_INORM,0.5886594,1.182387e-14
420,./node_420_INORM,0.5330286,1.3922517e-10
123,./node_123_INORM,0.6618733,5.709263e-17
75,./node_75_INORM,0.6172571,1.1005265e-15
801,./node_801_INORM,0.2574059,0.0008648
207,./node_207_INORM,0.7522588,1.1880839e-21
704,./node_704_INORM,0.3530640,0.0000057
268,./node_268_INORM,0.6323820,8.546582e-15
796,./node_796_INORM,0.3883423,0.0000097
295,./node_295_INORM,0.4153834,3.7443143e-08
893,./node_893_INORM,0.2290976,0.0030004
1015,./node_1015_INORM,0.2523472,0.0019518
5,./node_5_INORM,0.6252750,4.0957912e-15
502,./node_502_INORM,0.3607015,0.0000034
923,./node_923_INORM,0.2356438,0.0019100
325,./node_325_INORM,0.5740694,1.0917446e-12
626,./node_626_INORM,0.3614191,0.0000073
649,./node_649_INORM,0.2911840,0.0000761
590,./node_590_INORM,0.4316670,0.0000007
249,./node_249_INORM,0.5989624,3.0178441e-14
190,./node_190_INORM,0.7010505,7.747016e-20
493,./node_493_INORM,0.5247947,3.2027157e-10
401,./node_401_INORM,0.5060251,1.6329304e-10
102,./node_102_INORM,0.5371527,1.4437246e-12
54,./node_54_INORM,0.5996934,6.354915e-15
226,./node_226_INORM,0.4833272,2.1244379e-10
725,./node_725_INORM,0.3385987,0.0000239
820,./node_820_INORM,0.2306298,0.0023537
843,./node_843_INORM,0.3257853,0.0000626
245,./node_245_INORM,0.3780335,0.0000001
746,./node_746_INORM,0.2237449,0.0024265
462,./node_462_INORM,0.5595255,1.0634577e-10
37,./node_37_INORM,0.6042240,2.6663675e-15
161,./node_161_INORM,0.6149453,5.5402375e-15
58,./node_58_INORM,0.6262400,1.6362655e-15
729,./node_729_INORM,0.1899459,0.0067342
1019,./node_1019_INORM,0.2472622,0.0022782
9,./node_9_INORM,0.5430937,1.6894985e-11
329,./node_329_INORM,0.4840351,1.0209072e-09
346,./node_346_INORM,0.4931068,3.2094555e-10
645,./node_645_INORM,0.3276515,0.0000349
940,./node_940_INORM,0.2121843,0.0047043
561,./node_561_INORM,0.4391344,0.0000008
84,./node_84_INORM,0.4986370,1.4312056e-10
79,./node_79_INORM,0.6341504,1.4446974e-16
708,./node_708_INORM,0.3222897,0.0000451
264,./node_264_INORM,0.5072386,4.633743e-11
299,./node_299_INORM,0.6860600,9.289786e-17
767,./node_767_INORM,0.3393069,0.0000333
862,./node_862_INORM,0.4219137,0.0000012
443,./node_443_INORM,0.5607957,9.2867765e-12
16,./node_16_INORM,0.6768655,7.8717225e-18
140,./node_140_INORM,0.7050448,6.1949995e-19
961,./node_961_INORM,0.2376949,0.0030001
367,./node_367_INORM,0.6314349,9.5952795e-13
699,./node_699_INORM,0.3659638,0.0000057
664,./node_664_INORM,0.3279780,0.0000300
540,./node_540_INORM,0.3408814,0.0000057
308,./node_308_INORM,0.4863469,1.2313658e-10
858,./node_858_INORM,0.3825802,0.0000152
484,./node_484_INORM,0.5075595,5.950434e-09
187,./node_187_INORM,0.5066436,4.708893e-11
479,./node_479_INORM,0.4115621,0.0000001
43,./node_43_INORM,0.6495702,7.027746e-17
115,./node_115_INORM,0.5433326,1.1572345e-12
416,./node_416_INORM,0.6487415,3.0867321e-13
732,./node_732_INORM,0.2551871,0.0006417
231,./node_231_INORM,0.4551096,2.6559788e-09
837,./node_837_INORM,0.2210053,0.0034240
1002,./node_1002_INORM,0.2451663,0.0018603
515,./node_515_INORM,0.3824037,0.0000009
934,./node_934_INORM,0.4370367,0.0000006
631,./node_631_INORM,0.3367782,0.0000312
332,./node_332_INORM,0.3974359,0.0000001
587,./node_587_INORM,0.2649534,0.0002651
62,./node_62_INORM,0.5676865,1.212784e-13
134,./node_134_INORM,0.4957724,8.430343e-11
437,./node_437_INORM,0.5439504,5.2925725e-10
816,./node_816_INORM,0.3750891,0.0000104
713,./node_713_INORM,0.3408880,0.0000208
210,./node_210_INORM,0.6412954,8.4796655e-17
282,./node_282_INORM,0.5361250,5.937789e-12
781,./node_781_INORM,0.3009389,0.0001178
879,./node_879_INORM,0.2410794,0.0018996
884,./node_884_INORM,0.4220537,0.0000015
458,./node_458_INORM,0.4437954,1.5718093e-08
987,./node_987_INORM,0.2741219,0.0007560
381,./node_381_INORM,0.4444865,1.2498656e-08
682,./node_682_INORM,0.3362668,0.0000269
534,./node_534_INORM,0.4205517,0.0000003
1023,./node_1023_INORM,0.2632025,0.0013856
610,./node_610_INORM,0.2960674,0.0000648
313,./node_313_INORM,0.7647648,1.9360353e-20
915,./node_915_INORM,0.2397705,0.0022320
976,./node_976_INORM,0.2489162,0.0014119
673,./node_673_INORM,0.3420030,0.0000244
370,./node_370_INORM,0.4912020,2.0529384e-10
557,./node_557_INORM,0.3636941,0.0000019
538,./node_538_INORM,0.4811316,0.0000001
919,./node_919_INORM,0.2606848,0.0013130
138,./node_138_INORM,0.6949783,7.4971025e-20
93,./node_93_INORM,0.6303125,1.8742189e-16
770,./node_770_INORM,0.3778470,0.0000127
273,./node_273_INORM,0.5800862,7.1590325e-14
875,./node_875_INORM,0.2570735,0.0010568
888,./node_888_INORM,0.2401141,0.0020219
157,./node_157_INORM,0.4508281,1.8131069e-09
454,./node_454_INORM,0.3969500,0.0000004
519,./node_519_INORM,0.4385549,0.0000001
938,./node_938_INORM,0.1949487,0.0105731
652,./node_652_INORM,0.3377066,0.0000229
351,./node_351_INORM,0.4692574,3.8701062e-10
957,./node_957_INORM,0.2549103,0.0010084
576,./node_576_INORM,0.3459724,0.0000111
854,./node_854_INORM,0.3589720,0.0000347
751,./node_751_INORM,0.3626194,0.0000104
252,./node_252_INORM,0.6762082,1.9481608e-16
176,./node_176_INORM,0.7261036,4.7460774e-21
488,./node_488_INORM,0.5456340,2.1775725e-10
20,./node_20_INORM,0.5148906,1.0127832e-10
475,./node_475_INORM,0.3647921,0.0000015
119,./node_119_INORM,0.6814994,2.7401684e-19
705,./node_705_INORM,0.3422326,0.0000207
206,./node_206_INORM,0.5833106,1.336633e-14
800,./node_800_INORM,0.2344573,0.0019126
122,./node_122_INORM,0.5627438,1.047099e-13
74,./node_74_INORM,0.6145150,7.1746545e-15
89,./node_89_INORM,0.5408946,1.1920609e-12
421,./node_421_INORM,0.5205363,1.0617684e-10
892,./node_892_INORM,0.4106547,0.0000013
294,./node_294_INORM,0.4921707,1.3195525e-10
797,./node_797_INORM,0.3488771,0.0000285
269,./node_269_INORM,0.6082578,6.4586705e-14
669,./node_669_INORM,0.3566727,0.0000037
397,./node_397_INORM,0.6298037,2.2094449e-13
694,./node_694_INORM,0.2296355,0.0013159
991,./node_991_INORM,0.2377246,0.0031149
903,./node_903_INORM,0.2169009,0.0044554
606,./node_606_INORM,0.2464025,0.0005424
305,./node_305_INORM,0.5079641,1.2131509e-10
522,./node_522_INORM,0.3753266,0.0000014
492,./node_492_INORM,0.3240549,0.0000157
191,./node_191_INORM,0.4795195,2.0168922e-10
248,./node_248_INORM,0.5285569,7.971826e-12
821,./node_821_INORM,0.4086485,0.0000045
724,./node_724_INORM,0.2007079,0.0045768
227,./node_227_INORM,0.7468837,3.8345018e-21
103,./node_103_INORM,0.6790776,6.6202235e-19
55,./node_55_INORM,0.5625554,9.037586e-13
400,./node_400_INORM,0.4343907,4.5761427e-08
627,./node_627_INORM,0.3466175,0.0000076
324,./node_324_INORM,0.7281800,5.009229e-17
922,./node_922_INORM,0.2417570,0.0021294
503,./node_503_INORM,0.4889812,3.1335641e-08
4,./node_4_INORM,0.6098163,1.9352676e-14
1014,./node_1014_INORM,0.2451640,0.0021586
591,./node_591_INORM,0.4056860,0.0000012
648,./node_648_INORM,0.2831309,0.0001660
328,./node_328_INORM,0.7088226,6.30975e-17
8,./node_8_INORM,0.6611662,4.7228469e-17
1018,./node_1018_INORM,0.2723275,0.0009854
560,./node_560_INORM,0.3250162,0.0000197
941,./node_941_INORM,0.4277808,0.0000019
644,./node_644_INORM,0.2877257,0.0000890
347,./node_347_INORM,0.7075862,7.7408425e-16
36,./node_36_INORM,0.5956969,1.0645674e-14
160,./node_160_INORM,0.6954959,4.7394335e-20
463,./node_463_INORM,0.4990571,5.544145e-10
747,./node_747_INORM,0.3995003,0.0000012
244,./node_244_INORM,0.7108623,1.8864577e-19
842,./node_842_INORM,0.1782931,0.0128138
728,./node_728_INORM,0.3370599,0.0000293
59,./node_59_INORM,0.5663391,7.0655545e-13
541,./node_541_INORM,0.3494387,0.0000034
665,./node_665_INORM,0.3547827,0.0000053
698,./node_698_INORM,0.2193379,0.0020480
366,./node_366_INORM,0.5750280,4.0307904e-12
960,./node_960_INORM,0.2283792,0.0040951
309,./node_309_INORM,0.4600885,6.47263e-10
709,./node_709_INORM,0.2048778,0.0036740
78,./node_78_INORM,0.6546216,2.0854897e-17
85,./node_85_INORM,0.5631720,1.2210607e-13
17,./node_17_INORM,0.5253559,5.425736e-11
141,./node_141_INORM,0.4663476,4.3300953e-10
442,./node_442_INORM,0.4568516,5.2743015e-09
863,./node_863_INORM,0.4261588,0.0000013
766,./node_766_INORM,0.3664070,0.0000219
298,./node_298_INORM,0.5650170,1.2398959e-12
265,./node_265_INORM,0.4810179,2.2561023e-10
