node,name,H2r,rp
45,./node_45_INORM,0.1196260,0.0777229
310,./node_310_INORM,0.2696831,0.0003893
137,./node_137_INORM,0.2072855,0.0052098
213,./node_213_INORM,0.3419876,0.0000020
281,./node_281_INORM,0.4150039,0.0000004
158,./node_158_INORM,0.3609969,0.0000038
64,./node_64_INORM,0.3140901,0.0000266
99,./node_99_INORM,0.2778006,0.0004719
331,./node_331_INORM,0.3179070,0.0000042
184,./node_184_INORM,0.3151286,0.0000540
179,./node_179_INORM,0.2534354,0.0001917
116,./node_116_INORM,0.3453126,0.0000214
232,./node_232_INORM,0.4009359,0.0000003
251,./node_251_INORM,0.2530219,0.0001311
188,./node_188_INORM,0.3664776,0.0000017
175,./node_175_INORM,0.3115991,0.0000189
68,./node_68_INORM,0.3496978,0.0000007
95,./node_95_INORM,0.2771971,0.0003037
352,./node_352_INORM,0.3811713,0.0000013
270,./node_270_INORM,0.1003306,0.0668513
154,./node_154_INORM,0.3011395,0.0000565
26,./node_26_INORM,0.3934009,0.0000001
49,./node_49_INORM,0.4241787,0.0000002
327,./node_327_INORM,0.3726595,0.0000050
72,./node_72_INORM,0.2905761,0.0001437
348,./node_348_INORM,0.4206008,0.0000009
192,./node_192_INORM,0.3039170,0.0000556
224,./node_224_INORM,0.1740057,0.0169485
100,./node_100_INORM,0.3297378,0.0000277
306,./node_306_INORM,0.3303824,0.0000078
53,./node_53_INORM,0.3392916,0.0000068
205,./node_205_INORM,0.3765492,0.0000026
121,./node_121_INORM,0.2923528,0.0001692
297,./node_297_INORM,0.3143125,0.0000806
209,./node_209_INORM,0.1582899,0.0234338
142,./node_142_INORM,0.3044265,0.0001747
266,./node_266_INORM,0.1954021,0.0068541
30,./node_30_INORM,0.3376148,0.0000009
163,./node_163_INORM,0.3306754,0.0000142
247,./node_247_INORM,0.1886487,0.0046875
228,./node_228_INORM,0.3469445,0.0000058
83,./node_83_INORM,0.2259983,0.0017570
11,./node_11_INORM,0.3408349,0.0000102
344,./node_344_INORM,0.4367669,2.976782e-09
212,./node_212_INORM,0.3416254,0.0000008
136,./node_136_INORM,0.3529837,0.0000040
159,./node_159_INORM,0.3234287,0.0000436
280,./node_280_INORM,0.3853760,0.0000015
311,./node_311_INORM,0.3400176,0.0000038
44,./node_44_INORM,0.1070282,0.0899969
178,./node_178_INORM,0.2757992,0.0002050
185,./node_185_INORM,0.2948580,0.0000880
233,./node_233_INORM,0.3692575,0.0000011
117,./node_117_INORM,0.3425684,0.0000241
330,./node_330_INORM,0.2970339,0.0000195
98,./node_98_INORM,0.1138332,0.0564946
65,./node_65_INORM,0.4525166,1.9689712e-10
94,./node_94_INORM,0.3599398,0.0000025
69,./node_69_INORM,0.3150655,0.0000098
353,./node_353_INORM,0.3228618,0.0000273
174,./node_174_INORM,0.2270928,0.0016509
189,./node_189_INORM,0.3588280,0.0000021
250,./node_250_INORM,0.2617218,0.0001747
27,./node_27_INORM,0.2376301,0.0016581
48,./node_48_INORM,0.3548253,0.0000094
155,./node_155_INORM,0.4023832,0.0000003
271,./node_271_INORM,0.2096394,0.0027338
193,./node_193_INORM,0.3408690,0.0000139
101,./node_101_INORM,0.3945173,0.0000005
225,./node_225_INORM,0.1924238,0.0123389
73,./node_73_INORM,0.2524080,0.0002450
326,./node_326_INORM,0.3309087,0.0000168
349,./node_349_INORM,0.2635706,0.0003858
120,./node_120_INORM,0.5246314,1.4051452e-14
204,./node_204_INORM,0.2889160,0.0001534
296,./node_296_INORM,0.3980329,0.0000005
52,./node_52_INORM,0.4080592,0.0000002
307,./node_307_INORM,0.3143735,0.0000278
31,./node_31_INORM,0.3460714,0.0000015
208,./node_208_INORM,0.3390730,0.0000166
267,./node_267_INORM,0.1815737,0.0070206
143,./node_143_INORM,0.2476050,0.0010823
82,./node_82_INORM,0.1280750,0.0526703
345,./node_345_INORM,0.3909767,4.4554828e-08
10,./node_10_INORM,0.2663015,0.0004277
246,./node_246_INORM,0.3606881,0.0000011
162,./node_162_INORM,0.2564542,0.0002240
1,./node_1_INORM,0.2348494,0.0017548
229,./node_229_INORM,0.4157875,0.0000004
333,./node_333_INORM,0.3342050,0.0000184
66,./node_66_INORM,0.2948754,0.0000170
230,./node_230_INORM,0.2813041,0.0003317
114,./node_114_INORM,0.2615492,0.0004575
186,./node_186_INORM,0.3366631,0.0000104
312,./node_312_INORM,0.3858397,4.2678808e-08
47,./node_47_INORM,0.4221882,0.0000003
28,./node_28_INORM,0.3203946,0.0000268
283,./node_283_INORM,0.2887717,0.0001135
211,./node_211_INORM,0.2956617,0.0000319
135,./node_135_INORM,0.2926859,0.0000639
156,./node_156_INORM,0.3824564,0.0000002
272,./node_272_INORM,0.1293630,0.0496820
139,./node_139_INORM,0.3766311,0.0000017
24,./node_24_INORM,0.3292334,0.0000145
118,./node_118_INORM,0.3487945,0.0000041
177,./node_177_INORM,0.2900951,0.0000182
253,./node_253_INORM,0.2395950,0.0009065
350,./node_350_INORM,0.2615486,0.0003921
97,./node_97_INORM,0.2350242,0.0007646
51,./node_51_INORM,0.3974776,0.0000001
304,./node_304_INORM,0.3298979,0.0000152
268,./node_268_INORM,0.3850497,0.0000001
295,./node_295_INORM,0.3812302,0.0000005
123,./node_123_INORM,0.3930762,0.0000003
207,./node_207_INORM,0.2170561,0.0031498
70,./node_70_INORM,0.2754336,0.0000512
325,./node_325_INORM,0.1972382,0.0046054
102,./node_102_INORM,0.2635656,0.0006038
226,./node_226_INORM,0.2822619,0.0002836
249,./node_249_INORM,0.2957716,0.0000398
190,./node_190_INORM,0.2502543,0.0010814
2,./node_2_INORM,0.3338668,0.0000108
245,./node_245_INORM,0.4423403,4.5499091e-09
161,./node_161_INORM,0.3481465,0.0000007
346,./node_346_INORM,0.0790872,0.1444440
13,./node_13_INORM,0.3467788,0.0000099
81,./node_81_INORM,0.2671260,0.0001536
329,./node_329_INORM,0.2632808,0.0002673
264,./node_264_INORM,0.1458768,0.0342134
299,./node_299_INORM,0.3085060,0.0000401
140,./node_140_INORM,0.3664450,0.0000046
308,./node_308_INORM,0.3119370,0.0000225
32,./node_32_INORM,0.3752904,0.0000003
115,./node_115_INORM,0.3762551,0.0000048
231,./node_231_INORM,0.3842878,0.0000004
187,./node_187_INORM,0.3477697,0.0000055
67,./node_67_INORM,0.2608927,0.0001125
332,./node_332_INORM,0.3260080,0.0000392
282,./node_282_INORM,0.3022982,0.0002047
134,./node_134_INORM,0.2668375,0.0000519
210,./node_210_INORM,0.4125349,1.1813961e-08
46,./node_46_INORM,0.2407920,0.0018245
313,./node_313_INORM,0.2351957,0.0008892
29,./node_29_INORM,0.2344420,0.0016826
25,./node_25_INORM,0.3189296,0.0000308
273,./node_273_INORM,0.1310701,0.0446693
157,./node_157_INORM,0.3388301,0.0000099
138,./node_138_INORM,0.3288654,0.0000233
351,./node_351_INORM,0.2333386,0.0011760
96,./node_96_INORM,0.2818297,0.0004543
119,./node_119_INORM,0.3024340,0.0000142
252,./node_252_INORM,0.3142084,0.0000145
176,./node_176_INORM,0.3669912,0.0000007
294,./node_294_INORM,0.2530782,0.0006352
269,./node_269_INORM,0.1342635,0.0374688
206,./node_206_INORM,0.2999934,0.0000536
122,./node_122_INORM,0.3603736,0.0000008
305,./node_305_INORM,0.3512705,0.0000026
50,./node_50_INORM,0.2891999,0.0002546
227,./node_227_INORM,0.3645521,0.0000078
103,./node_103_INORM,0.2665508,0.0002517
191,./node_191_INORM,0.4081302,0.0000005
248,./node_248_INORM,0.2638190,0.0001322
324,./node_324_INORM,0.1355164,0.0329463
71,./node_71_INORM,0.2749679,0.0000878
12,./node_12_INORM,0.3529968,0.0000041
347,./node_347_INORM,0.2186728,0.0030358
328,./node_328_INORM,0.2594915,0.0011111
80,./node_80_INORM,0.2085637,0.0033637
3,./node_3_INORM,0.3985040,0.0000016
160,./node_160_INORM,0.2904592,0.0002403
244,./node_244_INORM,0.3085756,0.0000312
309,./node_309_INORM,0.3608667,0.0000029
33,./node_33_INORM,0.4270801,3.171792e-09
141,./node_141_INORM,0.2991578,0.0001304
298,./node_298_INORM,0.3539228,0.0000035
265,./node_265_INORM,0.1670790,0.0204268
356,./node_356_INORM,0.3033272,0.0000391
339,./node_339_INORM,0.3514827,0.0000048
91,./node_91_INORM,0.1376970,0.0415378
171,./node_171_INORM,0.2767351,0.0000822
255,./node_255_INORM,0.3063130,0.0000761
318,./node_318_INORM,0.3343494,0.0000140
22,./node_22_INORM,0.3572064,0.0000019
150,./node_150_INORM,0.2962628,0.0000190
289,./node_289_INORM,0.2967586,0.0001117
274,./node_274_INORM,0.2673008,0.0002170
285,./node_285_INORM,0.3517258,0.0000178
278,./node_278_INORM,0.1893612,0.0034956
217,./node_217_INORM,0.2957628,0.0001791
133,./node_133_INORM,0.2656156,0.0000754
314,./node_314_INORM,0.2876113,0.0000461
41,./node_41_INORM,0.3495667,0.0000206
236,./node_236_INORM,0.3481773,0.0000122
112,./node_112_INORM,0.3244668,0.0000351
180,./node_180_INORM,0.3047454,0.0000195
259,./node_259_INORM,0.2311407,0.0019253
335,./node_335_INORM,0.3937223,0.0000001
60,./node_60_INORM,0.3282814,0.0000602
34,./node_34_INORM,0.3809139,2.2891859e-08
262,./node_262_INORM,0.1516476,0.0325829
146,./node_146_INORM,0.3198318,0.0000455
129,./node_129_INORM,0.3698172,0.0000003
340,./node_340_INORM,0.3455715,0.0000111
15,./node_15_INORM,0.2493215,0.0004477
87,./node_87_INORM,0.2445754,0.0010021
108,./node_108_INORM,0.2292094,0.0037934
4,./node_4_INORM,0.3050244,0.0000728
243,./node_243_INORM,0.1958487,0.0045709
167,./node_167_INORM,0.2794602,0.0003218
104,./node_104_INORM,0.3326897,0.0000156
220,./node_220_INORM,0.3595311,0.0000044
8,./node_8_INORM,0.3530753,0.0000025
196,./node_196_INORM,0.3100443,0.0000661
19,./node_19_INORM,0.3707544,0.0000023
76,./node_76_INORM,0.3569289,0.0000024
323,./node_323_INORM,0.2080091,0.0040891
293,./node_293_INORM,0.2805936,0.0004356
125,./node_125_INORM,0.3605897,0.0000007
201,./node_201_INORM,0.3898405,0.0000002
57,./node_57_INORM,0.2902791,0.0005261
302,./node_302_INORM,0.3183627,0.0000232
38,./node_38_INORM,0.2251851,0.0025446
254,./node_254_INORM,0.2412296,0.0010328
170,./node_170_INORM,0.2222263,0.0023053
357,./node_357_INORM,0.2520012,0.0003202
90,./node_90_INORM,0.2079804,0.0013016
338,./node_338_INORM,0.3469580,0.0000110
275,./node_275_INORM,0.1852045,0.0079375
288,./node_288_INORM,0.2286617,0.0024138
151,./node_151_INORM,0.2986666,0.0000145
319,./node_319_INORM,0.3658650,0.0000019
23,./node_23_INORM,0.3624751,0.0000023
40,./node_40_INORM,0.3996352,0.0000003
315,./node_315_INORM,0.2969814,0.0000984
279,./node_279_INORM,0.3095695,0.0000545
284,./node_284_INORM,0.3283976,0.0000274
132,./node_132_INORM,0.3346326,0.0000017
216,./node_216_INORM,0.3807186,0.0000006
61,./node_61_INORM,0.2802202,0.0000610
334,./node_334_INORM,0.3643191,0.0000044
113,./node_113_INORM,0.3420318,0.0000318
237,./node_237_INORM,0.2646086,0.0010710
258,./node_258_INORM,0.3048004,0.0001204
181,./node_181_INORM,0.2601722,0.0006266
147,./node_147_INORM,0.2609571,0.0023632
263,./node_263_INORM,0.1694814,0.0115885
128,./node_128_INORM,0.3218363,0.0000175
35,./node_35_INORM,0.3844695,0.0000001
360,./node_360_INORM,0.2288738,0.0006856
5,./node_5_INORM,0.3017673,0.0000839
109,./node_109_INORM,0.2759352,0.0006098
166,./node_166_INORM,0.2692244,0.0000783
242,./node_242_INORM,0.2383208,0.0004209
14,./node_14_INORM,0.3215326,0.0000051
341,./node_341_INORM,0.3081035,0.0000295
86,./node_86_INORM,0.1529034,0.0322199
18,./node_18_INORM,0.3023167,0.0000335
322,./node_322_INORM,0.3085318,0.0001393
77,./node_77_INORM,0.2352614,0.0006833
9,./node_9_INORM,0.3707214,0.0000008
221,./node_221_INORM,0.3018840,0.0001813
105,./node_105_INORM,0.3083638,0.0000837
197,./node_197_INORM,0.3397480,0.0000292
303,./node_303_INORM,0.4361344,2.1318624e-08
56,./node_56_INORM,0.3579052,0.0000103
39,./node_39_INORM,0.3551098,0.0000028
292,./node_292_INORM,0.2081797,0.0033147
200,./node_200_INORM,0.3660620,0.0000024
124,./node_124_INORM,0.2700271,0.0002629
20,./node_20_INORM,0.3963897,0.0000006
219,./node_219_INORM,0.3886720,0.0000006
276,./node_276_INORM,0.2255726,0.0023288
152,./node_152_INORM,0.4201613,0.0000003
93,./node_93_INORM,0.1237157,0.0304860
354,./node_354_INORM,0.2988586,0.0001060
257,./node_257_INORM,0.1770859,0.0075642
173,./node_173_INORM,0.2459588,0.0006190
238,./node_238_INORM,0.2881554,0.0001441
182,./node_182_INORM,0.4016037,0.0000004
110,./node_110_INORM,0.3107710,0.0000417
234,./node_234_INORM,0.4229006,2.2178212e-08
62,./node_62_INORM,0.3192528,0.0000045
337,./node_337_INORM,0.3726027,0.0000012
358,./node_358_INORM,0.2107077,0.0040907
131,./node_131_INORM,0.3337905,0.0000040
215,./node_215_INORM,0.4054938,2.915814e-08
287,./node_287_INORM,0.3388541,0.0000151
43,./node_43_INORM,0.3210736,0.0000744
316,./node_316_INORM,0.3429331,0.0000179
85,./node_85_INORM,0.2075230,0.0038764
78,./node_78_INORM,0.1823446,0.0147517
17,./node_17_INORM,0.3491821,0.0000067
342,./node_342_INORM,0.2276035,0.0014813
165,./node_165_INORM,0.3265855,0.0000124
198,./node_198_INORM,0.3437644,0.0000052
241,./node_241_INORM,0.2967739,0.0000295
6,./node_6_INORM,0.3297430,0.0000131
36,./node_36_INORM,0.3300898,0.0000053
59,./node_59_INORM,0.2476431,0.0009218
144,./node_144_INORM,0.1877801,0.0050786
260,./node_260_INORM,0.2335450,0.0026683
203,./node_203_INORM,0.4140056,0.0000002
127,./node_127_INORM,0.2542361,0.0005737
148,./node_148_INORM,0.1591535,0.0307273
291,./node_291_INORM,0.1552447,0.0188575
300,./node_300_INORM,0.4009089,2.3532283e-08
55,./node_55_INORM,0.3433708,0.0000066
169,./node_169_INORM,0.2372229,0.0012942
194,./node_194_INORM,0.2624396,0.0002226
222,./node_222_INORM,0.3380042,0.0000589
106,./node_106_INORM,0.3350313,0.0000514
321,./node_321_INORM,0.3449508,0.0000166
89,./node_89_INORM,0.2163436,0.0021246
74,./node_74_INORM,0.2386045,0.0008974
218,./node_218_INORM,0.1689214,0.0155560
153,./node_153_INORM,0.3417440,0.0000161
277,./node_277_INORM,0.0996107,0.0930982
21,./node_21_INORM,0.3954665,0.0000002
172,./node_172_INORM,0.2865230,0.0000626
256,./node_256_INORM,0.2888917,0.0001088
239,./node_239_INORM,0.2738461,0.0006559
92,./node_92_INORM,0.2586581,0.0003459
355,./node_355_INORM,0.3474165,0.0000041
336,./node_336_INORM,0.3582388,0.0000008
63,./node_63_INORM,0.2252978,0.0008219
359,./node_359_INORM,0.1626179,0.0108658
183,./node_183_INORM,0.3546665,0.0000133
235,./node_235_INORM,0.3661824,0.0000030
111,./node_111_INORM,0.2621380,0.0001897
317,./node_317_INORM,0.2303446,0.0037051
42,./node_42_INORM,0.3816482,0.0000113
214,./node_214_INORM,0.2932664,0.0000198
130,./node_130_INORM,0.3858668,0.0000001
286,./node_286_INORM,0.3360722,0.0000210
240,./node_240_INORM,0.2968510,0.0002183
199,./node_199_INORM,0.3636682,0.0000050
164,./node_164_INORM,0.2593314,0.0002249
7,./node_7_INORM,0.3040212,0.0000700
79,./node_79_INORM,0.2975530,0.0000958
84,./node_84_INORM,0.0695850,0.1915879
343,./node_343_INORM,0.3092568,0.0000644
16,./node_16_INORM,0.3138074,0.0000486
261,./node_261_INORM,0.2470422,0.0006876
145,./node_145_INORM,0.2403967,0.0008067
37,./node_37_INORM,0.3486714,0.0000172
58,./node_58_INORM,0.2102517,0.0023518
54,./node_54_INORM,0.4231797,3.3285349e-08
301,./node_301_INORM,0.3112230,0.0000784
126,./node_126_INORM,0.3323015,0.0000125
202,./node_202_INORM,0.3622775,0.0000014
290,./node_290_INORM,0.2606549,0.0001960
149,./node_149_INORM,0.2548461,0.0001646
75,./node_75_INORM,0.3215701,0.0000127
88,./node_88_INORM,0.2823589,0.0000995
320,./node_320_INORM,0.3480256,0.0000086
195,./node_195_INORM,0.2350277,0.0011095
168,./node_168_INORM,0.3168273,0.0000502
107,./node_107_INORM,0.3327035,0.0000064
223,./node_223_INORM,0.3124245,0.0000880
