node,name,H2r,rp
238,./node_238_INORM,0.4395740,2.5864449e-09
173,./node_173_INORM,0.4360808,2.9599774e-09
470,./node_470_INORM,0.5116322,1.3827744e-12
754,./node_754_INORM,0.5019531,4.2452608e-11
257,./node_257_INORM,0.4007704,3.9903005e-08
851,./node_851_INORM,0.3389740,0.0000057
573,./node_573_INORM,0.5197424,1.6583287e-12
952,./node_952_INORM,0.4558844,2.3685032e-09
657,./node_657_INORM,0.5112304,9.423579e-14
354,./node_354_INORM,0.3663526,0.0000003
638,./node_638_INORM,0.4375996,5.456072e-10
34,./node_34_INORM,0.3571299,0.0000035
152,./node_152_INORM,0.5043797,5.910519e-12
451,./node_451_INORM,0.4458981,1.9027608e-08
870,./node_870_INORM,0.4690991,7.6363955e-11
1016,./node_1016_INORM,0.3638757,0.0000044
775,./node_775_INORM,0.4229667,0.0000001
276,./node_276_INORM,0.4851314,7.0585315e-11
788,./node_788_INORM,0.5078816,2.7173114e-12
219,./node_219_INORM,0.4295705,1.6508209e-09
619,./node_619_INORM,0.4102882,5.446543e-09
15,./node_15_INORM,0.4003366,0.0000001
552,./node_552_INORM,0.5431208,2.7063085e-14
87,./node_87_INORM,0.3655064,0.0000009
388,./node_388_INORM,0.4313205,8.8632975e-09
676,./node_676_INORM,0.5301729,1.775326e-13
375,./node_375_INORM,0.4743633,3.314172e-11
973,./node_973_INORM,0.2459355,0.0011715
910,./node_910_INORM,0.3700541,0.0000012
615,./node_615_INORM,0.5305307,5.10064e-12
316,./node_316_INORM,0.3795175,0.0000001
19,./node_19_INORM,0.2978606,0.0002042
531,./node_531_INORM,0.5047904,1.6650064e-11
76,./node_76_INORM,0.4214255,3.9733189e-09
384,./node_384_INORM,0.4754672,7.3916625e-11
379,./node_379_INORM,0.3363756,0.0000034
687,./node_687_INORM,0.5394386,5.1772145e-12
982,./node_982_INORM,0.4471495,2.9877607e-09
881,./node_881_INORM,0.3800732,0.0000005
287,./node_287_INORM,0.4918402,4.5367203e-11
779,./node_779_INORM,0.4136292,6.5740925e-09
784,./node_784_INORM,0.4674817,9.8950635e-10
716,./node_716_INORM,0.5304321,5.9493355e-12
215,./node_215_INORM,0.5173133,1.9514283e-12
813,./node_813_INORM,0.3890232,0.0000004
131,./node_131_INORM,0.4009268,1.1811587e-08
432,./node_432_INORM,0.4439779,1.1083835e-08
57,./node_57_INORM,0.3469979,0.0000117
582,./node_582_INORM,0.5351166,4.3296112e-14
358,./node_358_INORM,0.4001069,0.0000001
634,./node_634_INORM,0.3778694,0.0000002
337,./node_337_INORM,0.3357413,0.0000031
931,./node_931_INORM,0.2582487,0.0007822
510,./node_510_INORM,0.5085143,4.6070187e-13
38,./node_38_INORM,0.4038549,0.0000001
832,./node_832_INORM,0.3506488,0.0000024
737,./node_737_INORM,0.3854145,0.0000001
234,./node_234_INORM,0.4311184,1.754499e-09
110,./node_110_INORM,0.4089776,5.154945e-09
413,./node_413_INORM,0.5366653,3.769814e-13
481,./node_481_INORM,0.5328377,1.6806292e-13
182,./node_182_INORM,0.3691018,0.0000002
758,./node_758_INORM,0.4375563,4.9944321e-10
763,./node_763_INORM,0.4544264,9.696473e-09
260,./node_260_INORM,0.5234961,1.3264103e-12
866,./node_866_INORM,0.3784773,0.0000013
1000,./node_1000_INORM,0.4099833,0.0000001
144,./node_144_INORM,0.5083723,9.0009915e-12
447,./node_447_INORM,0.5429851,1.0970183e-13
428,./node_428_INORM,0.4594815,7.0586825e-10
809,./node_809_INORM,0.3745450,0.0000012
965,./node_965_INORM,0.4083717,0.0000001
998,./node_998_INORM,0.3790051,0.0000012
660,./node_660_INORM,0.3813130,0.0000002
363,./node_363_INORM,0.4809241,4.6968098e-11
91,./node_91_INORM,0.3123549,0.0000242
544,./node_544_INORM,0.5208339,6.611963e-11
409,./node_409_INORM,0.4170692,0.0000001
828,./node_828_INORM,0.4696331,5.701585e-11
847,./node_847_INORM,0.4765778,5.541473e-10
1021,./node_1021_INORM,0.3502229,0.0000092
742,./node_742_INORM,0.4863779,5.9634185e-10
241,./node_241_INORM,0.4559929,2.4355143e-10
165,./node_165_INORM,0.3760714,0.0000001
466,./node_466_INORM,0.4854638,3.3562022e-12
198,./node_198_INORM,0.3736994,0.0000002
641,./node_641_INORM,0.5362667,9.360133e-13
342,./node_342_INORM,0.4860490,4.5356346e-11
944,./node_944_INORM,0.4227117,2.4270099e-08
598,./node_598_INORM,0.4135818,6.070304e-09
565,./node_565_INORM,0.5146550,5.757271e-12
22,./node_22_INORM,0.4100426,0.0000001
948,./node_948_INORM,0.3780705,0.0000007
594,./node_594_INORM,0.5268436,3.7256261e-12
569,./node_569_INORM,0.3659443,0.0000004
41,./node_41_INORM,0.3468119,0.0000059
506,./node_506_INORM,0.4998636,4.5261671e-11
927,./node_927_INORM,0.4315357,1.7259014e-08
622,./node_622_INORM,0.5600853,8.056666e-12
321,./node_321_INORM,0.3819042,0.0000003
106,./node_106_INORM,0.3205374,0.0000137
405,./node_405_INORM,0.3431884,0.0000021
721,./node_721_INORM,0.4272801,1.1174304e-09
222,./node_222_INORM,0.4027304,3.009154e-08
824,./node_824_INORM,0.4875294,1.2263245e-10
7,./node_7_INORM,0.3390262,0.0000138
497,./node_497_INORM,0.3584427,0.0000007
169,./node_169_INORM,0.4644425,1.312618e-10
194,./node_194_INORM,0.4074779,2.0511039e-08
527,./node_527_INORM,0.5345102,7.324314e-14
603,./node_603_INORM,0.5355968,3.5935936e-13
300,./node_300_INORM,0.4320487,5.8264195e-09
906,./node_906_INORM,0.4709216,6.7965605e-11
969,./node_969_INORM,0.3708563,0.0000020
994,./node_994_INORM,0.4313607,1.59412e-08
392,./node_392_INORM,0.4700485,5.8935285e-11
691,./node_691_INORM,0.5363351,1.4383741e-14
60,./node_60_INORM,0.3135430,0.0000501
548,./node_548_INORM,0.5131953,2.9828213e-12
291,./node_291_INORM,0.4119518,1.2938033e-08
792,./node_792_INORM,0.3771440,0.0000008
897,./node_897_INORM,0.4424062,1.5287041e-09
148,./node_148_INORM,0.4205450,1.2200066e-08
127,./node_127_INORM,0.3557052,0.0000009
424,./node_424_INORM,0.5304871,4.8668002e-13
805,./node_805_INORM,0.4913980,2.2110214e-11
700,./node_700_INORM,0.4824706,1.4254997e-12
203,./node_203_INORM,0.5139068,2.1514173e-12
355,./node_355_INORM,0.4022447,1.7202328e-08
656,./node_656_INORM,0.5388250,3.2284464e-10
953,./node_953_INORM,0.3669459,0.0000014
572,./node_572_INORM,0.5270693,1.3994104e-13
35,./node_35_INORM,0.4256447,7.425787e-09
639,./node_639_INORM,0.5362017,2.9351421e-12
239,./node_239_INORM,0.4049314,1.3750589e-08
850,./node_850_INORM,0.3002199,0.0001090
256,./node_256_INORM,0.4322368,1.761191e-09
755,./node_755_INORM,0.4826293,2.9996867e-12
471,./node_471_INORM,0.4160544,2.8280232e-09
172,./node_172_INORM,0.3785937,0.0000001
14,./node_14_INORM,0.4075406,0.0000001
618,./node_618_INORM,0.5389213,1.3078324e-13
972,./node_972_INORM,0.3415492,0.0000082
374,./node_374_INORM,0.4738582,1.3474609e-10
677,./node_677_INORM,0.5327094,7.1987245e-14
389,./node_389_INORM,0.5348442,9.2121675e-14
86,./node_86_INORM,0.4495815,9.761563e-10
553,./node_553_INORM,0.5223802,3.4113243e-13
789,./node_789_INORM,0.4846936,2.4407905e-10
277,./node_277_INORM,0.3552988,0.0000004
774,./node_774_INORM,0.4938174,1.0511431e-10
1017,./node_1017_INORM,0.4108929,0.0000001
871,./node_871_INORM,0.3513701,0.0000028
450,./node_450_INORM,0.4548571,6.1428845e-09
153,./node_153_INORM,0.4603441,1.0274397e-10
218,./node_218_INORM,0.3943951,2.4859384e-08
785,./node_785_INORM,0.4989605,2.7778153e-11
778,./node_778_INORM,0.3433536,0.0000037
286,./node_286_INORM,0.4145829,1.8318533e-08
880,./node_880_INORM,0.4265109,4.5432678e-09
433,./node_433_INORM,0.4318834,3.4284791e-08
130,./node_130_INORM,0.4478285,4.3563786e-10
812,./node_812_INORM,0.4600951,1.6215063e-09
214,./node_214_INORM,0.3706032,0.0000002
717,./node_717_INORM,0.5243107,5.361503e-10
530,./node_530_INORM,0.5198730,3.9696094e-13
18,./node_18_INORM,0.2871567,0.0003112
317,./node_317_INORM,0.5096171,5.3147445e-12
614,./node_614_INORM,0.5720758,1.9226216e-11
911,./node_911_INORM,0.3666641,0.0000024
983,./node_983_INORM,0.3284803,0.0000133
686,./node_686_INORM,0.3534345,0.0000017
378,./node_378_INORM,0.4652101,4.1098446e-10
385,./node_385_INORM,0.5225555,1.8174336e-12
77,./node_77_INORM,0.3329953,0.0000064
412,./node_412_INORM,0.5177317,3.8958097e-13
111,./node_111_INORM,0.4955986,1.0911357e-11
235,./node_235_INORM,0.4720074,5.547476e-11
736,./node_736_INORM,0.5132718,1.453683e-11
833,./node_833_INORM,0.4596194,6.1140685e-11
759,./node_759_INORM,0.4673561,1.2468935e-11
183,./node_183_INORM,0.3882439,0.0000001
480,./node_480_INORM,0.4815039,7.8286915e-10
359,./node_359_INORM,0.5217458,1.4929922e-12
583,./node_583_INORM,0.5418827,1.0184799e-14
56,./node_56_INORM,0.3386419,0.0000185
39,./node_39_INORM,0.3832720,0.0000005
511,./node_511_INORM,0.4696526,4.8060585e-09
930,./node_930_INORM,0.4329931,1.072763e-08
336,./node_336_INORM,0.5286784,2.6963349e-13
635,./node_635_INORM,0.5125125,7.8923005e-14
545,./node_545_INORM,0.5233220,1.9232288e-11
90,./node_90_INORM,0.4067334,9.964292e-09
362,./node_362_INORM,0.3979878,0.0000002
661,./node_661_INORM,0.5325410,1.1757189e-13
999,./node_999_INORM,0.3659621,0.0000012
964,./node_964_INORM,0.4467279,7.110032e-09
446,./node_446_INORM,0.3549527,0.0000009
145,./node_145_INORM,0.4096792,4.8254445e-09
1001,./node_1001_INORM,0.3603486,0.0000050
867,./node_867_INORM,0.3191831,0.0000392
261,./node_261_INORM,0.4453641,1.802977e-09
762,./node_762_INORM,0.3410291,0.0000043
808,./node_808_INORM,0.3627732,0.0000011
429,./node_429_INORM,0.3533755,0.0000009
564,./node_564_INORM,0.5140097,4.3251482e-12
599,./node_599_INORM,0.4983928,3.4468534e-13
945,./node_945_INORM,0.4285927,1.0083914e-08
343,./node_343_INORM,0.3429307,0.0000018
640,./node_640_INORM,0.5354809,4.1643474e-12
23,./node_23_INORM,0.4137682,3.2569196e-08
829,./node_829_INORM,0.4716342,3.2500874e-11
408,./node_408_INORM,0.4647746,5.621612e-11
199,./node_199_INORM,0.4841808,2.0232358e-11
467,./node_467_INORM,0.3506306,0.0000012
164,./node_164_INORM,0.5013333,5.894322e-12
240,./node_240_INORM,0.4749212,1.5209055e-10
743,./node_743_INORM,0.5081708,3.791273e-12
1020,./node_1020_INORM,0.4103091,0.0000001
846,./node_846_INORM,0.4593314,2.2431583e-10
825,./node_825_INORM,0.3332297,0.0000077
223,./node_223_INORM,0.3645924,0.0000003
720,./node_720_INORM,0.5037717,2.7327894e-13
404,./node_404_INORM,0.3386620,0.0000028
107,./node_107_INORM,0.4191646,4.2503058e-09
195,./node_195_INORM,0.4173979,1.1336896e-08
168,./node_168_INORM,0.4417268,5.373603e-10
496,./node_496_INORM,0.4020601,1.2167703e-08
6,./node_6_INORM,0.2934694,0.0002538
40,./node_40_INORM,0.3151935,0.0000468
568,./node_568_INORM,0.4828845,1.4970338e-12
595,./node_595_INORM,0.4740428,8.447279e-12
949,./node_949_INORM,0.2427293,0.0014479
320,./node_320_INORM,0.4531436,2.812436e-10
623,./node_623_INORM,0.3642411,0.0000004
926,./node_926_INORM,0.3824662,0.0000011
507,./node_507_INORM,0.5284938,5.7903815e-14
149,./node_149_INORM,0.4716577,3.2077848e-10
896,./node_896_INORM,0.4121119,1.9659151e-08
793,./node_793_INORM,0.4564998,7.934817e-11
290,./node_290_INORM,0.4663524,4.0122665e-10
202,./node_202_INORM,0.4190909,3.8605299e-09
701,./node_701_INORM,0.5334580,9.59585e-14
804,./node_804_INORM,0.4854973,1.0078347e-10
425,./node_425_INORM,0.3965744,2.6098244e-08
126,./node_126_INORM,0.4752177,8.4321465e-11
907,./node_907_INORM,0.3657931,0.0000012
301,./node_301_INORM,0.3704361,0.0000002
602,./node_602_INORM,0.5298918,1.4079521e-13
526,./node_526_INORM,0.4967756,5.3061035e-13
549,./node_549_INORM,0.5312759,7.2986135e-14
61,./node_61_INORM,0.4182296,8.9115935e-09
690,./node_690_INORM,0.5388775,7.9159115e-12
393,./node_393_INORM,0.4874077,2.1322279e-11
995,./node_995_INORM,0.3490722,0.0000037
968,./node_968_INORM,0.4268183,4.3033738e-08
718,./node_718_INORM,0.3683735,0.0000007
777,./node_777_INORM,0.4489438,1.1958739e-10
289,./node_289_INORM,0.3872956,0.0000003
274,./node_274_INORM,0.5042459,1.0607716e-11
872,./node_872_INORM,0.3746538,0.0000007
1014,./node_1014_INORM,0.2912015,0.0001876
150,./node_150_INORM,0.5014088,1.0596888e-11
453,./node_453_INORM,0.5039105,1.4425973e-12
971,./node_971_INORM,0.2944889,0.0001443
674,./node_674_INORM,0.5090630,1.2651142e-13
689,./node_689_INORM,0.4125604,5.7497215e-09
377,./node_377_INORM,0.3738306,0.0000003
78,./node_78_INORM,0.3071986,0.0000415
85,./node_85_INORM,0.4151159,0.0000001
550,./node_550_INORM,0.4130050,6.122542e-09
17,./node_17_INORM,0.4006824,0.0000001
318,./node_318_INORM,0.4916002,3.4972245e-11
853,./node_853_INORM,0.4031864,2.6885087e-08
756,./node_756_INORM,0.5008431,1.8454449e-09
255,./node_255_INORM,0.4691566,8.0862175e-11
171,./node_171_INORM,0.4272154,5.6676325e-09
472,./node_472_INORM,0.5241089,9.436921e-14
739,./node_739_INORM,0.5115706,5.294337e-10
36,./node_36_INORM,0.3237158,0.0000264
339,./node_339_INORM,0.4063559,2.5176727e-08
655,./node_655_INORM,0.3644652,0.0000006
356,./node_356_INORM,0.5064433,4.9831357e-12
950,./node_950_INORM,0.2484094,0.0010200
571,./node_571_INORM,0.5287315,5.891046e-14
59,./node_59_INORM,0.3778202,0.0000005
512,./node_512_INORM,0.5075867,3.6801268e-12
933,./node_933_INORM,0.4643095,6.5192975e-10
636,./node_636_INORM,0.5334524,2.3803445e-13
335,./node_335_INORM,0.3828498,0.0000004
659,./node_659_INORM,0.5217148,1.0910224e-13
580,./node_580_INORM,0.5225201,3.5406255e-11
55,./node_55_INORM,0.3206956,0.0000449
259,./node_259_INORM,0.3746000,0.0000001
483,./node_483_INORM,0.5317223,7.8807585e-14
180,./node_180_INORM,0.3772309,0.0000002
112,./node_112_INORM,0.4365723,4.5239373e-09
411,./node_411_INORM,0.4705626,1.5846255e-10
735,./node_735_INORM,0.4038136,1.942825e-08
236,./node_236_INORM,0.4674907,3.0468725e-10
830,./node_830_INORM,0.3399344,0.0000092
980,./node_980_INORM,0.4082355,0.0000002
678,./node_678_INORM,0.3662878,0.0000007
386,./node_386_INORM,0.4781941,3.954227e-11
685,./node_685_INORM,0.5213195,6.694016e-11
74,./node_74_INORM,0.3070139,0.0000504
89,./node_89_INORM,0.3990445,1.4747518e-08
533,./node_533_INORM,0.4139052,3.3878779e-09
617,./node_617_INORM,0.5209650,3.5026894e-11
314,./node_314_INORM,0.3778422,0.0000005
912,./node_912_INORM,0.3406926,0.0000126
133,./node_133_INORM,0.3663540,0.0000004
430,./node_430_INORM,0.4864861,5.7324425e-11
811,./node_811_INORM,0.4682523,1.7070705e-11
714,./node_714_INORM,0.5231261,8.7392645e-13
217,./node_217_INORM,0.3633111,0.0000003
285,./node_285_INORM,0.3607480,0.0000003
786,./node_786_INORM,0.4243825,0.0000001
278,./node_278_INORM,0.3915134,0.0000001
883,./node_883_INORM,0.3522745,0.0000042
1018,./node_1018_INORM,0.3272289,0.0000324
167,./node_167_INORM,0.4677771,2.8955778e-10
499,./node_499_INORM,0.5068680,7.828736e-11
464,./node_464_INORM,0.5383216,1.4121685e-13
740,./node_740_INORM,0.5035311,1.006299e-12
243,./node_243_INORM,0.4523365,2.8911863e-10
845,./node_845_INORM,0.3267224,0.0000290
9,./node_9_INORM,0.3355697,0.0000190
1023,./node_1023_INORM,0.3870730,0.0000009
108,./node_108_INORM,0.4828784,8.5713425e-11
929,./node_929_INORM,0.3418722,0.0000110
508,./node_508_INORM,0.4851219,1.6623519e-12
20,./node_20_INORM,0.3078847,0.0001135
567,./node_567_INORM,0.4875806,1.7533384e-12
946,./node_946_INORM,0.4047145,0.0000001
643,./node_643_INORM,0.4843756,9.7883825e-13
340,./node_340_INORM,0.3988911,0.0000001
129,./node_129_INORM,0.3581604,0.0000008
146,./node_146_INORM,0.3906076,2.4154824e-08
445,./node_445_INORM,0.3853085,0.0000001
864,./node_864_INORM,0.3991154,0.0000001
899,./node_899_INORM,0.4197778,1.33998e-08
1002,./node_1002_INORM,0.4138955,0.0000001
761,./node_761_INORM,0.4782386,4.2178177e-09
262,./node_262_INORM,0.5166381,2.4589339e-12
546,./node_546_INORM,0.3665941,0.0000003
93,./node_93_INORM,0.4472080,2.2925306e-09
662,./node_662_INORM,0.3698178,0.0000004
361,./node_361_INORM,0.4499240,3.9750851e-10
967,./node_967_INORM,0.4246308,1.8016614e-08
908,./node_908_INORM,0.4634821,3.9389269e-10
529,./node_529_INORM,0.5378385,6.011718e-14
62,./node_62_INORM,0.4279333,4.3675232e-09
390,./node_390_INORM,0.4868219,3.6439555e-11
693,./node_693_INORM,0.5304747,4.7960872e-10
996,./node_996_INORM,0.3357651,0.0000087
904,./node_904_INORM,0.4583099,5.898743e-10
601,./node_601_INORM,0.4763822,3.1840792e-12
302,./node_302_INORM,0.5362661,1.5384102e-13
525,./node_525_INORM,0.4880562,1.2891792e-09
702,./node_702_INORM,0.5395156,1.4641656e-12
201,./node_201_INORM,0.5166992,2.2726709e-12
807,./node_807_INORM,0.4855722,2.3578747e-10
125,./node_125_INORM,0.3506896,0.0000019
426,./node_426_INORM,0.3893359,0.0000001
449,./node_449_INORM,0.4818370,3.7154154e-11
868,./node_868_INORM,0.2956374,0.0001267
895,./node_895_INORM,0.3210584,0.0000375
293,./node_293_INORM,0.5243526,8.7881575e-13
790,./node_790_INORM,0.4958404,4.64577e-12
620,./node_620_INORM,0.4840779,1.5479217e-12
323,./node_323_INORM,0.4735549,1.6981373e-10
925,./node_925_INORM,0.4030513,0.0000001
504,./node_504_INORM,0.4887598,5.9399755e-10
43,./node_43_INORM,0.3161293,0.0000732
596,./node_596_INORM,0.5201629,1.2267878e-10
495,./node_495_INORM,0.3689024,0.0000003
196,./node_196_INORM,0.5038375,4.2332617e-12
468,./node_468_INORM,0.5008480,8.292155e-12
849,./node_849_INORM,0.4784452,2.3073507e-10
5,./node_5_INORM,0.3332837,0.0000190
826,./node_826_INORM,0.4824488,2.4359317e-11
723,./node_723_INORM,0.5194168,4.2620098e-13
220,./node_220_INORM,0.4937399,1.4605802e-11
104,./node_104_INORM,0.4360621,1.0275561e-08
407,./node_407_INORM,0.4331643,2.631483e-08
551,./node_551_INORM,0.4914722,6.250616e-13
84,./node_84_INORM,0.4408413,2.0931584e-09
79,./node_79_INORM,0.4107551,9.0185485e-09
376,./node_376_INORM,0.4152439,0.0000001
688,./node_688_INORM,0.3870488,0.0000001
675,./node_675_INORM,0.3744704,0.0000003
970,./node_970_INORM,0.3518571,0.0000040
319,./node_319_INORM,0.5004157,3.4062994e-12
16,./node_16_INORM,0.3029509,0.0001546
719,./node_719_INORM,0.5282149,5.1195785e-11
452,./node_452_INORM,0.3808017,0.0000001
151,./node_151_INORM,0.3888008,0.0000001
1015,./node_1015_INORM,0.3904931,0.0000007
873,./node_873_INORM,0.2996486,0.0001152
275,./node_275_INORM,0.5350037,2.2808945e-13
288,./node_288_INORM,0.3991979,2.332829e-08
776,./node_776_INORM,0.4456429,1.4495852e-08
338,./node_338_INORM,0.4873852,1.393684e-11
37,./node_37_INORM,0.4058031,0.0000001
58,./node_58_INORM,0.4158595,0.0000001
570,./node_570_INORM,0.5299024,9.243181e-14
951,./node_951_INORM,0.3133971,0.0000596
357,./node_357_INORM,0.4970943,2.7769715e-12
654,./node_654_INORM,0.5323948,3.9902296e-12
473,./node_473_INORM,0.4468384,2.0716787e-08
170,./node_170_INORM,0.4860561,1.8769933e-11
254,./node_254_INORM,0.3635782,0.0000002
757,./node_757_INORM,0.3925081,0.0000001
852,./node_852_INORM,0.3172626,0.0000394
738,./node_738_INORM,0.3767413,0.0000004
181,./node_181_INORM,0.4044352,1.1247216e-08
482,./node_482_INORM,0.4964773,1.2842388e-10
258,./node_258_INORM,0.4875422,2.2967566e-11
831,./node_831_INORM,0.4856909,4.8202887e-11
237,./node_237_INORM,0.3780380,0.0000001
734,./node_734_INORM,0.3584695,0.0000012
410,./node_410_INORM,0.4455785,7.6981995e-09
113,./node_113_INORM,0.4631590,1.9236003e-10
334,./node_334_INORM,0.3959505,0.0000002
637,./node_637_INORM,0.5357921,2.5555586e-14
932,./node_932_INORM,0.3918624,0.0000002
513,./node_513_INORM,0.5083710,2.624509e-10
54,./node_54_INORM,0.3957942,0.0000002
581,./node_581_INORM,0.4208639,1.6275198e-09
658,./node_658_INORM,0.5331803,5.8819295e-14
216,./node_216_INORM,0.3870168,0.0000001
715,./node_715_INORM,0.4651308,9.52305e-12
810,./node_810_INORM,0.3395257,0.0000097
431,./node_431_INORM,0.5298354,2.6692043e-13
132,./node_132_INORM,0.3925703,2.3046053e-08
882,./node_882_INORM,0.4408635,1.4196158e-08
1019,./node_1019_INORM,0.3303164,0.0000267
279,./node_279_INORM,0.4302267,2.4868106e-09
787,./node_787_INORM,0.4758683,2.8616257e-10
284,./node_284_INORM,0.5063342,5.316372e-12
88,./node_88_INORM,0.4062541,8.696222e-09
75,./node_75_INORM,0.4210139,5.0920735e-09
684,./node_684_INORM,0.4694701,6.7127165e-12
387,./node_387_INORM,0.4930914,1.385562e-11
679,./node_679_INORM,0.5273140,8.2768255e-12
981,./node_981_INORM,0.2864297,0.0002234
913,./node_913_INORM,0.4000906,0.0000001
315,./node_315_INORM,0.5152439,2.3399888e-12
616,./node_616_INORM,0.4658062,1.5979448e-11
532,./node_532_INORM,0.5124102,3.1970254e-10
21,./node_21_INORM,0.3740706,0.0000011
509,./node_509_INORM,0.4503520,9.6093985e-11
928,./node_928_INORM,0.3698983,0.0000012
341,./node_341_INORM,0.4312175,3.1031283e-09
642,./node_642_INORM,0.5412660,9.8267205e-12
947,./node_947_INORM,0.2869347,0.0001931
566,./node_566_INORM,0.5353314,1.5716691e-11
8,./node_8_INORM,0.3821261,0.0000006
1022,./node_1022_INORM,0.3732574,0.0000022
844,./node_844_INORM,0.4148389,8.749695e-09
242,./node_242_INORM,0.3977724,0.0000001
741,./node_741_INORM,0.3508153,0.0000021
465,./node_465_INORM,0.5432129,8.8218275e-14
498,./node_498_INORM,0.4958471,2.1629431e-12
166,./node_166_INORM,0.4028020,3.1267408e-08
109,./node_109_INORM,0.4692081,1.1133854e-10
966,./node_966_INORM,0.3977016,0.0000001
360,./node_360_INORM,0.4435365,6.4006055e-10
663,./node_663_INORM,0.5452067,1.4839916e-11
92,./node_92_INORM,0.3237155,0.0000140
547,./node_547_INORM,0.5187002,4.7913261e-11
528,./node_528_INORM,0.4888576,7.8997355e-10
909,./node_909_INORM,0.4028567,0.0000001
128,./node_128_INORM,0.4695940,3.0223273e-10
263,./node_263_INORM,0.4463806,5.3512635e-10
760,./node_760_INORM,0.4813304,5.362559e-10
898,./node_898_INORM,0.2886247,0.0002014
1003,./node_1003_INORM,0.2708393,0.0004542
865,./node_865_INORM,0.4104686,0.0000001
444,./node_444_INORM,0.4829465,1.7229518e-10
147,./node_147_INORM,0.3702679,0.0000004
427,./node_427_INORM,0.4439736,4.2151629e-10
124,./node_124_INORM,0.3790515,0.0000002
806,./node_806_INORM,0.4304153,2.4479792e-08
200,./node_200_INORM,0.3915192,0.0000001
703,./node_703_INORM,0.4856673,1.1425167e-12
791,./node_791_INORM,0.4311465,9.819979e-10
292,./node_292_INORM,0.5068611,6.6425075e-12
894,./node_894_INORM,0.4324241,3.0550956e-08
869,./node_869_INORM,0.3795482,0.0000003
448,./node_448_INORM,0.5425997,1.3340417e-13
997,./node_997_INORM,0.4045068,0.0000003
692,./node_692_INORM,0.5377590,2.2830822e-14
391,./node_391_INORM,0.4306565,1.2072646e-09
63,./node_63_INORM,0.3105545,0.0000411
524,./node_524_INORM,0.5314875,4.1017273e-14
303,./node_303_INORM,0.5100524,3.8292196e-12
600,./node_600_INORM,0.5190462,5.444096e-14
905,./node_905_INORM,0.3845246,0.0000010
4,./node_4_INORM,0.2885698,0.0002984
848,./node_848_INORM,0.4243339,4.9215372e-08
469,./node_469_INORM,0.5020530,5.9486235e-13
197,./node_197_INORM,0.4522786,2.4023033e-10
494,./node_494_INORM,0.4604227,9.2718795e-09
406,./node_406_INORM,0.3470578,0.0000014
105,./node_105_INORM,0.3435403,0.0000026
221,./node_221_INORM,0.4111077,2.1110981e-08
722,./node_722_INORM,0.4686518,7.3696485e-12
827,./node_827_INORM,0.3526127,0.0000056
505,./node_505_INORM,0.5049780,6.566957e-12
924,./node_924_INORM,0.3370328,0.0000164
322,./node_322_INORM,0.5132904,3.7724814e-12
621,./node_621_INORM,0.5253743,2.5276232e-14
597,./node_597_INORM,0.5124741,3.6772325e-11
42,./node_42_INORM,0.4182075,1.9570938e-08
436,./node_436_INORM,0.4935478,8.502434e-12
135,./node_135_INORM,0.3548597,0.0000012
211,./node_211_INORM,0.4699667,6.710241e-11
712,./node_712_INORM,0.3718017,0.0000005
817,./node_817_INORM,0.3765402,0.0000009
885,./node_885_INORM,0.4655913,1.7027079e-09
878,./node_878_INORM,0.4682420,3.9930409e-10
780,./node_780_INORM,0.4847678,6.03759e-12
283,./node_283_INORM,0.4083894,3.0160813e-08
459,./node_459_INORM,0.4920217,7.718014e-11
683,./node_683_INORM,0.3619381,0.0000007
380,./node_380_INORM,0.4033512,0.0000001
986,./node_986_INORM,0.4024330,0.0000001
72,./node_72_INORM,0.3066452,0.0000524
535,./node_535_INORM,0.4619930,2.9110075e-11
914,./node_914_INORM,0.4585186,1.9989784e-09
312,./node_312_INORM,0.4860866,4.0813647e-11
611,./node_611_INORM,0.3704077,0.0000003
859,./node_859_INORM,0.4267747,0.0000001
478,./node_478_INORM,0.4413917,2.6446027e-08
186,./node_186_INORM,0.5235661,1.1300766e-12
485,./node_485_INORM,0.3978479,3.0667149e-08
417,./node_417_INORM,0.4318748,1.5765216e-08
114,./node_114_INORM,0.4932046,3.0593035e-11
836,./node_836_INORM,0.3964605,3.8616711e-08
230,./node_230_INORM,0.4849866,3.6963653e-11
733,./node_733_INORM,0.5190583,5.0803335e-12
514,./node_514_INORM,0.3754538,0.0000002
333,./node_333_INORM,0.3818852,0.0000001
630,./node_630_INORM,0.5591516,7.0021405e-11
935,./node_935_INORM,0.2889378,0.0001801
53,./node_53_INORM,0.4238417,7.197103e-09
586,./node_586_INORM,0.3681835,0.0000003
518,./node_518_INORM,0.4942135,2.100712e-11
30,./node_30_INORM,0.3482643,0.0000073
939,./node_939_INORM,0.3851193,0.0000007
956,./node_956_INORM,0.4070043,0.0000002
350,./node_350_INORM,0.4530102,1.1347847e-09
653,./node_653_INORM,0.4953901,3.1398629e-13
577,./node_577_INORM,0.5277626,3.4384471e-13
253,./node_253_INORM,0.4035128,2.0316093e-08
750,./node_750_INORM,0.4879580,2.5716169e-09
855,./node_855_INORM,0.4143090,0.0000001
474,./node_474_INORM,0.4684490,5.4471595e-09
489,./node_489_INORM,0.5444800,2.9896652e-14
177,./node_177_INORM,0.3839711,0.0000001
118,./node_118_INORM,0.3986773,1.5997318e-08
371,./node_371_INORM,0.5150476,1.7893407e-12
672,./node_672_INORM,0.4918341,5.857237e-13
977,./node_977_INORM,0.3884431,0.0000003
556,./node_556_INORM,0.3990402,1.7098625e-08
83,./node_83_INORM,0.3044859,0.0000375
11,./node_11_INORM,0.3677713,0.0000015
539,./node_539_INORM,0.5076562,1.4917629e-13
918,./node_918_INORM,0.4420004,3.0431245e-09
139,./node_139_INORM,0.4639479,1.2268356e-10
1012,./node_1012_INORM,0.2782219,0.0003495
889,./node_889_INORM,0.2739950,0.0003548
874,./node_874_INORM,0.4785671,2.7962331e-10
272,./node_272_INORM,0.5186992,1.9121642e-12
771,./node_771_INORM,0.5146765,1.1049706e-12
455,./node_455_INORM,0.5277531,2.0378216e-13
156,./node_156_INORM,0.3816976,0.0000001
190,./node_190_INORM,0.5045846,4.7678862e-12
493,./node_493_INORM,0.5148363,1.8878321e-12
3,./node_3_INORM,0.2999330,0.0001565
249,./node_249_INORM,0.4525312,9.8033725e-10
226,./node_226_INORM,0.4279702,6.1508045e-09
725,./node_725_INORM,0.4518777,6.6244565e-11
820,./node_820_INORM,0.4794053,1.3099816e-11
401,./node_401_INORM,0.5153339,3.38801e-12
102,./node_102_INORM,0.4752571,3.232582e-10
923,./node_923_INORM,0.2633551,0.0006438
325,./node_325_INORM,0.3691643,0.0000003
626,./node_626_INORM,0.5713170,1.3942295e-11
502,./node_502_INORM,0.5443806,5.2614345e-14
590,./node_590_INORM,0.5714358,1.0792964e-11
45,./node_45_INORM,0.3512686,0.0000082
649,./node_649_INORM,0.3937439,3.6492495e-08
801,./node_801_INORM,0.4079265,1.2625051e-08
207,./node_207_INORM,0.5143751,4.208277e-12
704,./node_704_INORM,0.5152538,3.5487482e-11
420,./node_420_INORM,0.3664902,0.0000003
123,./node_123_INORM,0.4202061,2.87104e-09
268,./node_268_INORM,0.5116145,3.3984079e-12
796,./node_796_INORM,0.3510759,0.0000025
295,./node_295_INORM,0.4617978,1.2426339e-10
1008,./node_1008_INORM,0.3803456,0.0000016
893,./node_893_INORM,0.4579747,2.4313549e-09
99,./node_99_INORM,0.3852196,0.0000006
64,./node_64_INORM,0.3813141,0.0000011
990,./node_990_INORM,0.4174764,0.0000001
695,./node_695_INORM,0.4854165,1.2006605e-12
396,./node_396_INORM,0.3584951,0.0000007
668,./node_668_INORM,0.5160607,1.5475171e-13
304,./node_304_INORM,0.4614870,5.043147e-10
607,./node_607_INORM,0.5346290,7.1515095e-13
902,./node_902_INORM,0.4316836,2.5606877e-08
523,./node_523_INORM,0.4910383,2.3927932e-12
95,./node_95_INORM,0.4178348,3.1724083e-09
68,./node_68_INORM,0.3411524,0.0000086
540,./node_540_INORM,0.3856607,0.0000001
961,./node_961_INORM,0.3525827,0.0000041
367,./node_367_INORM,0.4073814,0.0000001
699,./node_699_INORM,0.4706281,5.771712e-12
664,./node_664_INORM,0.5310069,1.1470111e-11
308,./node_308_INORM,0.4584172,2.1454524e-10
708,./node_708_INORM,0.5299052,1.6558582e-11
443,./node_443_INORM,0.3521842,0.0000011
140,./node_140_INORM,0.4052302,8.689115e-09
264,./node_264_INORM,0.5115458,5.1888225e-12
299,./node_299_INORM,0.3590279,0.0000004
767,./node_767_INORM,0.4322025,7.5513835e-10
1004,./node_1004_INORM,0.4070124,0.0000001
862,./node_862_INORM,0.4817234,5.761887e-11
329,./node_329_INORM,0.4995847,8.8705795e-12
26,./node_26_INORM,0.3027984,0.0001436
561,./node_561_INORM,0.5486827,3.8171632e-11
49,./node_49_INORM,0.3260244,0.0000158
346,./node_346_INORM,0.3782745,0.0000005
645,./node_645_INORM,0.4404610,1.9096726e-10
940,./node_940_INORM,0.3605217,0.0000025
462,./node_462_INORM,0.5044627,4.2239397e-12
161,./node_161_INORM,0.4067400,6.9482765e-09
843,./node_843_INORM,0.3217144,0.0000364
245,./node_245_INORM,0.5016091,1.797285e-11
746,./node_746_INORM,0.5000749,2.1583346e-11
729,./node_729_INORM,0.5228488,1.0346424e-13
73,./node_73_INORM,0.3076402,0.0000337
987,./node_987_INORM,0.3734262,0.0000007
381,./node_381_INORM,0.5150524,2.2123722e-12
682,./node_682_INORM,0.5340198,6.0814685e-12
610,./node_610_INORM,0.5723038,1.7015029e-11
313,./node_313_INORM,0.3551730,0.0000007
915,./node_915_INORM,0.4718497,1.2810213e-10
534,./node_534_INORM,0.4927953,1.4049964e-09
816,./node_816_INORM,0.4683494,1.1997532e-09
713,./node_713_INORM,0.5186998,1.2050055e-11
210,./node_210_INORM,0.5042635,3.3060361e-12
134,./node_134_INORM,0.4841206,3.4891058e-11
437,./node_437_INORM,0.4429450,7.9535615e-09
458,./node_458_INORM,0.5219079,6.029922e-13
282,./node_282_INORM,0.5030496,7.648629e-12
781,./node_781_INORM,0.5078758,1.1455124e-11
879,./node_879_INORM,0.3644454,0.0000033
884,./node_884_INORM,0.3956880,0.0000001
934,./node_934_INORM,0.4004255,0.0000003
631,./node_631_INORM,0.5695382,1.385085e-11
332,./node_332_INORM,0.3938944,0.0000001
515,./node_515_INORM,0.5279812,2.1334889e-13
587,./node_587_INORM,0.5296152,1.1442315e-13
52,./node_52_INORM,0.3644263,0.0000036
484,./node_484_INORM,0.5184634,1.2045844e-13
187,./node_187_INORM,0.3829274,0.0000001
479,./node_479_INORM,0.4562763,7.39892e-11
858,./node_858_INORM,0.4599738,3.2286121e-09
732,./node_732_INORM,0.4714301,5.431369e-12
231,./node_231_INORM,0.3595660,0.0000003
837,./node_837_INORM,0.4423149,5.452123e-10
115,./node_115_INORM,0.3386935,0.0000033
416,./node_416_INORM,0.5288678,7.134241e-13
176,./node_176_INORM,0.5027266,1.5368524e-11
488,./node_488_INORM,0.3805773,0.0000001
475,./node_475_INORM,0.4949799,2.6428682e-11
854,./node_854_INORM,0.4357350,1.5182711e-09
751,./node_751_INORM,0.4696023,7.6034415e-12
252,./node_252_INORM,0.4863532,1.6083464e-11
119,./node_119_INORM,0.3318166,0.0000059
938,./node_938_INORM,0.2564977,0.0007939
31,./node_31_INORM,0.3328436,0.0000198
519,./node_519_INORM,0.3626272,0.0000005
576,./node_576_INORM,0.5124426,7.6437335e-12
652,./node_652_INORM,0.4609366,2.0034438e-11
351,./node_351_INORM,0.4595925,2.0981628e-10
957,./node_957_INORM,0.3771007,0.0000006
138,./node_138_INORM,0.4889571,5.1847545e-11
157,./node_157_INORM,0.3721489,0.0000003
454,./node_454_INORM,0.4620640,4.3582651e-09
770,./node_770_INORM,0.5090514,8.2323e-11
273,./node_273_INORM,0.3895432,0.0000002
875,./node_875_INORM,0.4725272,8.629189e-11
1013,./node_1013_INORM,0.4210320,3.3533278e-08
888,./node_888_INORM,0.3118674,0.0000502
82,./node_82_INORM,0.3814307,0.0000002
557,./node_557_INORM,0.3991690,2.1066219e-08
976,./node_976_INORM,0.4136693,4.8042663e-08
673,./node_673_INORM,0.5348162,1.5127429e-13
370,./node_370_INORM,0.5247682,1.4184308e-12
919,./node_919_INORM,0.3214092,0.0000330
538,./node_538_INORM,0.5147310,5.9337365e-11
10,./node_10_INORM,0.3193079,0.0000470
503,./node_503_INORM,0.3981121,2.1389918e-08
627,./node_627_INORM,0.4555908,3.1677603e-11
324,./node_324_INORM,0.4177960,1.9006979e-08
922,./node_922_INORM,0.3817024,0.0000005
648,./node_648_INORM,0.3845627,0.0000001
44,./node_44_INORM,0.3104300,0.0001084
591,./node_591_INORM,0.3679949,0.0000004
248,./node_248_INORM,0.5263304,4.2133174e-13
2,./node_2_INORM,0.3100049,0.0000857
492,./node_492_INORM,0.5348626,1.1625298e-13
191,./node_191_INORM,0.3839236,0.0000001
103,./node_103_INORM,0.4228483,1.7776347e-09
400,./node_400_INORM,0.5039076,2.9384502e-12
821,./node_821_INORM,0.4604687,2.4228916e-09
724,./node_724_INORM,0.5022323,1.4962234e-10
227,./node_227_INORM,0.4309978,4.9143307e-09
669,./node_669_INORM,0.3855682,0.0000001
397,./node_397_INORM,0.4116004,6.226784e-09
694,./node_694_INORM,0.5076868,1.0146211e-13
991,./node_991_INORM,0.4034540,0.0000001
65,./node_65_INORM,0.3501633,0.0000031
98,./node_98_INORM,0.4388374,8.9686595e-10
522,./node_522_INORM,0.5047867,8.751116e-11
903,./node_903_INORM,0.3800179,0.0000006
606,./node_606_INORM,0.4771245,3.404885e-12
305,./node_305_INORM,0.4035090,0.0000001
122,./node_122_INORM,0.4238706,1.2960822e-09
421,./node_421_INORM,0.4168914,7.344793e-09
705,./node_705_INORM,0.4971965,2.9484649e-13
206,./node_206_INORM,0.4866885,5.543692e-11
800,./node_800_INORM,0.3315506,0.0000085
1009,./node_1009_INORM,0.3417993,0.0000142
892,./node_892_INORM,0.3705502,0.0000009
294,./node_294_INORM,0.4364782,2.995828e-09
797,./node_797_INORM,0.4986053,1.74612e-11
269,./node_269_INORM,0.3873119,0.0000002
709,./node_709_INORM,0.3521455,0.0000019
863,./node_863_INORM,0.3787345,0.0000004
1005,./node_1005_INORM,0.3863160,0.0000007
766,./node_766_INORM,0.5068785,4.2845298e-11
298,./node_298_INORM,0.4057965,1.9802924e-08
265,./node_265_INORM,0.3827435,0.0000003
141,./node_141_INORM,0.4388549,4.8643669e-10
442,./node_442_INORM,0.4248010,1.5876223e-09
665,./node_665_INORM,0.5345676,1.841543e-12
698,./node_698_INORM,0.4251170,1.2386522e-09
366,./node_366_INORM,0.4171564,3.0788011e-08
960,./node_960_INORM,0.3300005,0.0000248
541,./node_541_INORM,0.5335412,1.0830476e-13
69,./node_69_INORM,0.4330283,1.4077895e-08
94,./node_94_INORM,0.4611439,5.3450595e-10
309,./node_309_INORM,0.3751019,0.0000001
747,./node_747_INORM,0.4862242,2.8075477e-12
244,./node_244_INORM,0.4352989,3.3719404e-09
842,./node_842_INORM,0.3277933,0.0000238
1024,./node_1024_INORM,0.3763408,0.0000020
160,./node_160_INORM,0.4777168,1.3907114e-10
463,./node_463_INORM,0.4786372,5.3521855e-10
728,./node_728_INORM,0.4082144,1.4151064e-08
27,./node_27_INORM,0.3157125,0.0000572
328,./node_328_INORM,0.4187365,5.074266e-09
941,./node_941_INORM,0.2496582,0.0011193
644,./node_644_INORM,0.5163220,9.2028055e-14
347,./node_347_INORM,0.4074036,0.0000001
48,./node_48_INORM,0.3081747,0.0001225
560,./node_560_INORM,0.5325023,2.0101235e-11
232,./node_232_INORM,0.5276558,4.2427432e-13
731,./node_731_INORM,0.5215400,1.221525e-12
834,./node_834_INORM,0.3726030,0.0000006
415,./node_415_INORM,0.3591916,0.0000007
116,./node_116_INORM,0.3994580,1.2324503e-08
184,./node_184_INORM,0.4203520,3.1561456e-09
179,./node_179_INORM,0.3930581,2.4555522e-08
487,./node_487_INORM,0.4991995,1.981358e-10
579,./node_579_INORM,0.4412500,3.2778683e-10
584,./node_584_INORM,0.3919454,4.6567668e-08
51,./node_51_INORM,0.4158614,3.0612662e-08
958,./node_958_INORM,0.3976449,0.0000003
937,./node_937_INORM,0.3827414,0.0000008
331,./node_331_INORM,0.4315904,5.4784915e-09
632,./node_632_INORM,0.5552993,6.985995e-11
516,./node_516_INORM,0.3747190,0.0000002
158,./node_158_INORM,0.4818183,2.3866708e-11
782,./node_782_INORM,0.4856450,6.9310845e-12
281,./node_281_INORM,0.5063387,2.3489167e-12
887,./node_887_INORM,0.4529267,4.4026332e-09
815,./node_815_INORM,0.4272137,1.7566739e-09
213,./node_213_INORM,0.4423460,1.8140104e-09
710,./node_710_INORM,0.5322498,8.3469765e-13
434,./node_434_INORM,0.5229387,1.6317273e-13
137,./node_137_INORM,0.4149362,2.9257399e-08
310,./node_310_INORM,0.4291288,5.6322665e-09
613,./node_613_INORM,0.3710215,0.0000003
916,./node_916_INORM,0.4220203,0.0000001
537,./node_537_INORM,0.5274797,4.6175956e-11
70,./node_70_INORM,0.4191555,2.3955604e-08
558,./node_558_INORM,0.3776116,0.0000001
984,./node_984_INORM,0.3718622,0.0000019
979,./node_979_INORM,0.3558672,0.0000029
681,./node_681_INORM,0.5407637,1.5981003e-10
382,./node_382_INORM,0.3409413,0.0000024
13,./node_13_INORM,0.3490073,0.0000063
81,./node_81_INORM,0.4674587,2.8609542e-10
554,./node_554_INORM,0.5299459,1.3648821e-13
988,./node_988_INORM,0.3337659,0.0000121
975,./node_975_INORM,0.2518002,0.0009476
373,./node_373_INORM,0.3797616,0.0000001
670,./node_670_INORM,0.3920643,0.0000001
457,./node_457_INORM,0.4955563,1.0202622e-11
154,./node_154_INORM,0.3987880,1.5126513e-08
270,./node_270_INORM,0.4358563,4.0782608e-09
773,./node_773_INORM,0.3380154,0.0000050
1010,./node_1010_INORM,0.4226721,2.1222448e-08
876,./node_876_INORM,0.3809284,0.0000012
819,./node_819_INORM,0.3677746,0.0000018
438,./node_438_INORM,0.4721288,2.9499214e-11
575,./node_575_INORM,0.5052613,3.9694731e-11
588,./node_588_INORM,0.5276242,1.8271297e-12
352,./node_352_INORM,0.4964702,8.540628e-12
651,./node_651_INORM,0.5310545,5.849079e-14
954,./node_954_INORM,0.4135882,3.3691986e-08
32,./node_32_INORM,0.2939403,0.0002528
838,./node_838_INORM,0.3381818,0.0000123
419,./node_419_INORM,0.4958916,2.0706408e-12
188,./node_188_INORM,0.4290120,4.7321915e-09
476,./node_476_INORM,0.4504184,1.1980949e-08
175,./node_175_INORM,0.3716109,0.0000001
857,./node_857_INORM,0.4406310,1.1209113e-08
251,./node_251_INORM,0.3623628,0.0000003
752,./node_752_INORM,0.4903732,1.2041719e-10
891,./node_891_INORM,0.2781620,0.0003281
794,./node_794_INORM,0.4650682,9.758918e-10
769,./node_769_INORM,0.5075905,5.6909945e-12
297,./node_297_INORM,0.5254899,4.2478903e-13
422,./node_422_INORM,0.5078282,2.5874649e-12
121,./node_121_INORM,0.4755639,3.0715232e-11
205,./node_205_INORM,0.3628229,0.0000003
706,./node_706_INORM,0.3484871,0.0000025
803,./node_803_INORM,0.3991031,3.3964016e-08
521,./node_521_INORM,0.3601714,0.0000006
900,./node_900_INORM,0.4659845,3.87113e-10
306,./node_306_INORM,0.5006491,9.891719e-12
605,./node_605_INORM,0.3646149,0.0000004
697,./node_697_INORM,0.5354924,1.3052186e-12
369,./node_369_INORM,0.3493044,0.0000010
394,./node_394_INORM,0.4000245,4.1279227e-08
992,./node_992_INORM,0.3305220,0.0000135
66,./node_66_INORM,0.4214929,8.1868955e-09
403,./node_403_INORM,0.3452641,0.0000017
100,./node_100_INORM,0.3613138,0.0000010
822,./node_822_INORM,0.3743507,0.0000003
224,./node_224_INORM,0.3808187,0.0000001
727,./node_727_INORM,0.5230384,3.6368419e-13
748,./node_748_INORM,0.4351563,1.6614384e-08
1,./node_1_INORM,0.3031650,0.0001376
192,./node_192_INORM,0.3719332,0.0000002
491,./node_491_INORM,0.5325646,1.1892974e-13
348,./node_348_INORM,0.3776420,0.0000005
47,./node_47_INORM,0.3220767,0.0000595
592,./node_592_INORM,0.3848213,0.0000001
500,./node_500_INORM,0.4231187,2.6132005e-09
28,./node_28_INORM,0.3304640,0.0000240
327,./node_327_INORM,0.5333444,1.4563149e-13
624,./node_624_INORM,0.5512978,3.7162963e-12
921,./node_921_INORM,0.4161547,0.0000001
942,./node_942_INORM,0.3884762,0.0000002
344,./node_344_INORM,0.5218172,4.5353217e-13
647,./node_647_INORM,0.4765151,2.9091797e-12
563,./node_563_INORM,0.5664344,8.875645e-12
24,./node_24_INORM,0.2996272,0.0001983
628,./node_628_INORM,0.4478795,1.4343336e-10
228,./node_228_INORM,0.3589697,0.0000003
247,./node_247_INORM,0.4915047,2.3603169e-11
744,./node_744_INORM,0.5139178,1.2891334e-11
841,./node_841_INORM,0.4709420,9.719044e-10
460,./node_460_INORM,0.4652957,2.2027958e-09
163,./node_163_INORM,0.3871066,3.9266295e-08
609,./node_609_INORM,0.5557108,8.8645215e-12
365,./node_365_INORM,0.3886889,0.0000003
666,./node_666_INORM,0.3630540,0.0000007
398,./node_398_INORM,0.5409899,3.1787414e-13
963,./node_963_INORM,0.3975567,0.0000001
542,./node_542_INORM,0.5142315,1.5013115e-12
97,./node_97_INORM,0.3972484,1.5494696e-08
1006,./node_1006_INORM,0.4059227,0.0000001
860,./node_860_INORM,0.4755948,3.856146e-11
798,./node_798_INORM,0.4889232,1.8893e-11
266,./node_266_INORM,0.5365649,2.0136531e-13
765,./node_765_INORM,0.5009291,5.109181e-12
441,./node_441_INORM,0.5491457,6.62038e-14
142,./node_142_INORM,0.3912848,2.5706938e-08
209,./node_209_INORM,0.3712925,0.0000002
959,./node_959_INORM,0.4040961,0.0000001
50,./node_50_INORM,0.4167614,1.7318031e-08
585,./node_585_INORM,0.3808034,0.0000001
578,./node_578_INORM,0.5164258,2.4409538e-12
517,./node_517_INORM,0.3685138,0.0000003
633,./node_633_INORM,0.5033175,1.5274769e-13
330,./node_330_INORM,0.4576934,4.3470485e-10
936,./node_936_INORM,0.4073947,0.0000001
117,./node_117_INORM,0.4477367,2.5067433e-10
414,./node_414_INORM,0.4188531,0.0000001
835,./node_835_INORM,0.4642184,1.3062668e-09
730,./node_730_INORM,0.3801700,0.0000002
233,./node_233_INORM,0.4116208,1.8695445e-08
486,./node_486_INORM,0.4780395,1.6163928e-10
178,./node_178_INORM,0.3697608,0.0000001
185,./node_185_INORM,0.4657014,1.022409e-10
536,./node_536_INORM,0.4769289,7.684169e-12
917,./node_917_INORM,0.4231851,1.2749848e-08
612,./node_612_INORM,0.4950756,3.457879e-13
311,./node_311_INORM,0.4351148,1.4689461e-09
383,./node_383_INORM,0.4501762,9.644188e-10
680,./node_680_INORM,0.5524706,4.0970093e-11
978,./node_978_INORM,0.2354933,0.0017931
985,./node_985_INORM,0.3959810,0.0000003
559,./node_559_INORM,0.5219797,9.4247535e-13
71,./node_71_INORM,0.4327814,3.1936699e-09
886,./node_886_INORM,0.4252729,3.4875121e-08
280,./node_280_INORM,0.3862364,0.0000001
783,./node_783_INORM,0.5003477,6.3461935e-11
159,./node_159_INORM,0.3805710,0.0000001
136,./node_136_INORM,0.4507668,1.5112472e-09
435,./node_435_INORM,0.5287497,1.0697754e-13
711,./node_711_INORM,0.5002113,4.945953e-13
212,./node_212_INORM,0.3949811,2.7754061e-08
814,./node_814_INORM,0.3909826,0.0000001
877,./node_877_INORM,0.4486246,4.6601848e-10
1011,./node_1011_INORM,0.3142084,0.0000561
772,./node_772_INORM,0.4627927,2.4435229e-11
271,./node_271_INORM,0.4172804,6.0772985e-09
155,./node_155_INORM,0.5054793,1.1757928e-11
456,./node_456_INORM,0.5234770,2.3562898e-13
439,./node_439_INORM,0.4490687,2.7944593e-09
818,./node_818_INORM,0.4434396,7.3090555e-09
12,./node_12_INORM,0.3241373,0.0000434
671,./node_671_INORM,0.5383416,8.818332e-11
372,./node_372_INORM,0.5011861,8.080345e-12
974,./node_974_INORM,0.3460078,0.0000062
989,./node_989_INORM,0.2605249,0.0007030
555,./node_555_INORM,0.5098981,7.473316e-11
80,./node_80_INORM,0.3671695,0.0000027
418,./node_418_INORM,0.4889344,2.2843716e-11
839,./node_839_INORM,0.3287496,0.0000220
753,./node_753_INORM,0.5065840,8.16271e-13
250,./node_250_INORM,0.4133450,6.498763e-09
856,./node_856_INORM,0.3131717,0.0000585
174,./node_174_INORM,0.4553519,1.955069e-10
477,./node_477_INORM,0.4526972,1.4516723e-08
189,./node_189_INORM,0.3759547,0.0000001
955,./node_955_INORM,0.3640486,0.0000031
650,./node_650_INORM,0.5343849,2.3488184e-12
353,./node_353_INORM,0.4251413,1.0420092e-08
589,./node_589_INORM,0.4562035,4.9372052e-11
574,./node_574_INORM,0.5031382,7.3011905e-11
33,./node_33_INORM,0.3121907,0.0000721
604,./node_604_INORM,0.5211767,9.5470255e-12
307,./node_307_INORM,0.4853154,1.611727e-11
901,./node_901_INORM,0.4139108,0.0000001
520,./node_520_INORM,0.3703055,0.0000003
67,./node_67_INORM,0.3177109,0.0000288
993,./node_993_INORM,0.3649067,0.0000033
395,./node_395_INORM,0.4375037,7.0949925e-09
368,./node_368_INORM,0.4202227,4.2294952e-09
696,./node_696_INORM,0.5421865,3.6496648e-11
296,./node_296_INORM,0.4449478,5.5905e-10
768,./node_768_INORM,0.4749564,9.001589e-12
795,./node_795_INORM,0.4968935,5.9293795e-11
890,./node_890_INORM,0.2637759,0.0006023
802,./node_802_INORM,0.3437887,0.0000038
707,./node_707_INORM,0.4593005,2.8192871e-11
204,./node_204_INORM,0.3721790,0.0000002
120,./node_120_INORM,0.4856307,3.7308042e-11
423,./node_423_INORM,0.5358609,8.607798e-14
593,./node_593_INORM,0.3663953,0.0000004
46,./node_46_INORM,0.4210345,1.278259e-08
349,./node_349_INORM,0.5131621,5.273263e-12
920,./node_920_INORM,0.4255068,1.1390232e-08
625,./node_625_INORM,0.5410390,3.5989499e-13
326,./node_326_INORM,0.3999239,0.0000001
29,./node_29_INORM,0.4146522,2.0700406e-08
501,./node_501_INORM,0.5021171,1.2448978e-11
726,./node_726_INORM,0.5337410,1.1346484e-12
225,./node_225_INORM,0.4465128,1.5038589e-09
823,./node_823_INORM,0.4312729,1.5793355e-08
101,./node_101_INORM,0.3218899,0.0000120
402,./node_402_INORM,0.3854723,0.0000001
490,./node_490_INORM,0.5299680,2.7357275e-13
193,./node_193_INORM,0.4835357,2.9100404e-11
749,./node_749_INORM,0.4820146,2.8299391e-12
229,./node_229_INORM,0.4791154,5.950594e-11
162,./node_162_INORM,0.4437538,4.7762734e-10
461,./node_461_INORM,0.4833691,6.8174125e-12
840,./node_840_INORM,0.3530431,0.0000054
745,./node_745_INORM,0.3847631,0.0000001
246,./node_246_INORM,0.4015566,0.0000001
562,./node_562_INORM,0.5582846,1.6278323e-11
646,./node_646_INORM,0.3643281,0.0000005
345,./node_345_INORM,0.5087659,7.2832235e-12
943,./node_943_INORM,0.3642767,0.0000035
629,./node_629_INORM,0.5508252,1.3563576e-10
25,./node_25_INORM,0.3641058,0.0000026
143,./node_143_INORM,0.4011508,3.9919161e-08
440,./node_440_INORM,0.4032110,1.3274017e-08
764,./node_764_INORM,0.5005197,3.925092e-10
267,./node_267_INORM,0.4773145,3.9447033e-11
799,./node_799_INORM,0.3817645,0.0000002
861,./node_861_INORM,0.4427078,9.8523505e-09
1007,./node_1007_INORM,0.3320969,0.0000218
208,./node_208_INORM,0.4098306,2.3087479e-08
608,./node_608_INORM,0.5193843,5.9587925e-14
96,./node_96_INORM,0.4399739,1.2851786e-09
543,./node_543_INORM,0.5181340,9.5344555e-12
962,./node_962_INORM,0.4291043,3.2352811e-08
399,./node_399_INORM,0.5053614,3.125699e-12
667,./node_667_INORM,0.3635316,0.0000007
364,./node_364_INORM,0.5309409,1.1035829e-13
