node,name,H2r,rp
324,./node_324_INORM,0.4013286,0.0000008
627,./node_627_INORM,0.4816620,9.661189e-10
922,./node_922_INORM,0.3662677,0.0000006
503,./node_503_INORM,0.3936966,0.0000001
591,./node_591_INORM,0.4517992,2.7689029e-09
73,./node_73_INORM,0.5109917,1.5511046e-09
648,./node_648_INORM,0.4954570,2.2942417e-10
191,./node_191_INORM,0.4594968,4.2072773e-08
492,./node_492_INORM,0.5172861,1.2838948e-11
248,./node_248_INORM,0.5683014,1.6989916e-12
821,./node_821_INORM,0.4469485,1.2043726e-09
227,./node_227_INORM,0.5473918,8.0324505e-11
724,./node_724_INORM,0.4606845,5.836721e-10
400,./node_400_INORM,0.4302493,3.5945435e-08
103,./node_103_INORM,0.4079607,0.0000006
694,./node_694_INORM,0.5120940,1.0977278e-11
397,./node_397_INORM,0.3989209,0.0000005
669,./node_669_INORM,0.4937120,2.5350641e-10
991,./node_991_INORM,0.4419845,7.123373e-10
52,./node_52_INORM,0.4110404,0.0000002
903,./node_903_INORM,0.3768519,0.0000004
305,./node_305_INORM,0.4502984,0.0000001
606,./node_606_INORM,0.4622807,1.4948632e-09
522,./node_522_INORM,0.4539943,1.7389215e-09
206,./node_206_INORM,0.5807390,2.6140881e-12
705,./node_705_INORM,0.4863525,1.2631336e-10
800,./node_800_INORM,0.4273846,3.7298911e-08
421,./node_421_INORM,0.3549406,0.0000034
122,./node_122_INORM,0.4202468,0.0000002
892,./node_892_INORM,0.4396836,8.4617895e-09
269,./node_269_INORM,0.4316937,0.0000002
797,./node_797_INORM,0.4559303,2.0626714e-10
294,./node_294_INORM,0.4661411,1.3397881e-08
709,./node_709_INORM,0.4506721,7.0658815e-09
1023,./node_1023_INORM,0.4570066,2.8079232e-10
442,./node_442_INORM,0.4285219,4.4641152e-08
141,./node_141_INORM,0.4640065,1.4998043e-08
863,./node_863_INORM,0.4434880,4.534616e-09
265,./node_265_INORM,0.4128016,0.0000006
298,./node_298_INORM,0.3358883,0.0000389
766,./node_766_INORM,0.4844156,5.998742e-11
541,./node_541_INORM,0.5080246,1.8627327e-11
366,./node_366_INORM,0.3543826,0.0000071
698,./node_698_INORM,0.4942129,3.5116456e-10
665,./node_665_INORM,0.4944002,9.734603e-11
960,./node_960_INORM,0.4186879,2.7490097e-08
31,./node_31_INORM,0.4242478,0.0000001
309,./node_309_INORM,0.4118765,0.0000007
463,./node_463_INORM,0.4235779,2.6841651e-08
160,./node_160_INORM,0.6214639,9.994889e-15
1002,./node_1002_INORM,0.4504923,3.1252431e-10
244,./node_244_INORM,0.5163652,5.717772e-10
747,./node_747_INORM,0.4600724,1.8551067e-10
842,./node_842_INORM,0.3896951,0.0000003
728,./node_728_INORM,0.4812843,3.3994375e-10
328,./node_328_INORM,0.3999214,0.0000015
10,./node_10_INORM,0.3713377,0.0000020
560,./node_560_INORM,0.4647179,7.4915665e-10
82,./node_82_INORM,0.6003491,8.678587e-13
941,./node_941_INORM,0.3094254,0.0000428
347,./node_347_INORM,0.3631728,0.0000052
644,./node_644_INORM,0.5036129,1.6722938e-11
987,./node_987_INORM,0.3472154,0.0000015
44,./node_44_INORM,0.3804789,0.0000016
682,./node_682_INORM,0.4850606,1.8819806e-10
381,./node_381_INORM,0.4985920,4.725466e-10
534,./node_534_INORM,0.4155888,2.0969907e-08
313,./node_313_INORM,0.3555879,0.0000075
610,./node_610_INORM,0.4484064,6.7790185e-10
915,./node_915_INORM,0.4456801,4.3280845e-10
437,./node_437_INORM,0.3876952,0.0000005
134,./node_134_INORM,0.5225635,2.7969697e-10
816,./node_816_INORM,0.4641736,4.0832667e-10
210,./node_210_INORM,0.5598629,7.2577165e-12
713,./node_713_INORM,0.4665645,4.6321993e-10
781,./node_781_INORM,0.4706567,6.1646185e-11
282,./node_282_INORM,0.5240280,7.95153e-11
884,./node_884_INORM,0.3888412,0.0000001
879,./node_879_INORM,0.3991037,0.0000002
458,./node_458_INORM,0.4843397,2.9903238e-10
515,./node_515_INORM,0.5076262,3.4840611e-11
934,./node_934_INORM,0.4163835,1.0394493e-08
332,./node_332_INORM,0.3219630,0.0000660
631,./node_631_INORM,0.4582829,3.6854961e-10
98,./node_98_INORM,0.4005524,0.0000008
65,./node_65_INORM,0.5451526,4.940125e-11
587,./node_587_INORM,0.5159115,5.2952005e-12
858,./node_858_INORM,0.4247606,6.1614485e-09
1018,./node_1018_INORM,0.4634036,8.499314e-10
479,./node_479_INORM,0.4038274,0.0000001
187,./node_187_INORM,0.5632330,4.2408129e-11
484,./node_484_INORM,0.4978752,3.315704e-11
416,./node_416_INORM,0.4921740,2.6813462e-10
115,./node_115_INORM,0.5246692,9.357108e-10
231,./node_231_INORM,0.4214874,0.0000004
732,./node_732_INORM,0.4782419,9.595579e-11
837,./node_837_INORM,0.4421347,1.6804694e-09
854,./node_854_INORM,0.4225884,6.0942595e-09
252,./node_252_INORM,0.5312364,1.296789e-10
751,./node_751_INORM,0.4579811,2.4825545e-10
1014,./node_1014_INORM,0.4401236,9.947977e-09
475,./node_475_INORM,0.4340811,1.4739054e-08
488,./node_488_INORM,0.4577222,2.5761934e-09
176,./node_176_INORM,0.6238716,1.3875355e-14
119,./node_119_INORM,0.5374600,4.1140899e-10
519,./node_519_INORM,0.4327170,8.137647e-09
938,./node_938_INORM,0.3233657,0.0000182
351,./node_351_INORM,0.3693483,0.0000035
652,./node_652_INORM,0.4623866,1.5386005e-09
94,./node_94_INORM,0.5293964,6.9202425e-11
69,./node_69_INORM,0.4736294,4.301092e-09
957,./node_957_INORM,0.3529148,0.0000010
576,./node_576_INORM,0.4746848,3.6355399e-10
138,./node_138_INORM,0.6194067,6.0015425e-15
273,./node_273_INORM,0.4197642,0.0000004
770,./node_770_INORM,0.4792276,9.4547675e-11
888,./node_888_INORM,0.3627727,0.0000015
875,./node_875_INORM,0.4466256,4.3394645e-10
454,./node_454_INORM,0.4082047,0.0000001
157,./node_157_INORM,0.5841250,1.3358046e-11
48,./node_48_INORM,0.3849408,0.0000012
976,./node_976_INORM,0.4145111,5.6015525e-09
370,./node_370_INORM,0.5103414,9.375927e-11
673,./node_673_INORM,0.4963832,6.2301035e-11
557,./node_557_INORM,0.4152579,2.2703214e-08
538,./node_538_INORM,0.4582342,1.2314572e-09
27,./node_27_INORM,0.4158837,0.0000003
919,./node_919_INORM,0.4006542,0.0000001
249,./node_249_INORM,0.5571377,3.1878657e-11
493,./node_493_INORM,0.4769952,2.9527738e-10
190,./node_190_INORM,0.5541396,7.1218215e-12
102,./node_102_INORM,0.5457844,1.7876541e-11
401,./node_401_INORM,0.5105802,2.0839856e-10
725,./node_725_INORM,0.4808786,7.227557e-10
226,./node_226_INORM,0.5772334,5.038343e-12
820,./node_820_INORM,0.4525571,2.1271058e-10
502,./node_502_INORM,0.5427068,1.0671099e-12
923,./node_923_INORM,0.3171817,0.0000260
626,./node_626_INORM,0.4568764,4.3385703e-10
325,./node_325_INORM,0.3464485,0.0000168
649,./node_649_INORM,0.4984420,1.6869043e-10
72,./node_72_INORM,0.4370005,0.0000001
590,./node_590_INORM,0.4526815,6.4227385e-10
123,./node_123_INORM,0.4439772,0.0000001
420,./node_420_INORM,0.3756843,0.0000011
801,./node_801_INORM,0.4871902,2.3941256e-10
704,./node_704_INORM,0.4642395,4.7854805e-10
207,./node_207_INORM,0.5762319,1.8727544e-12
295,./node_295_INORM,0.4800855,1.4015993e-08
796,./node_796_INORM,0.4522759,6.090347e-09
268,./node_268_INORM,0.5529179,8.0943515e-12
893,./node_893_INORM,0.4552849,3.253847e-10
53,./node_53_INORM,0.3408824,0.0000175
990,./node_990_INORM,0.4608429,2.5538887e-10
668,./node_668_INORM,0.5016059,1.5116794e-11
396,./node_396_INORM,0.3451615,0.0000090
695,./node_695_INORM,0.4964990,3.9154087e-11
523,./node_523_INORM,0.4272693,1.3938638e-08
607,./node_607_INORM,0.5035484,5.6505215e-11
304,./node_304_INORM,0.5012704,1.3850842e-09
902,./node_902_INORM,0.4483188,1.312609e-09
961,./node_961_INORM,0.3594987,0.0000018
664,./node_664_INORM,0.4919504,1.2010433e-10
699,./node_699_INORM,0.4899724,1.8096671e-10
367,./node_367_INORM,0.3771268,0.0000028
540,./node_540_INORM,0.4110531,2.9625529e-08
308,./node_308_INORM,0.3862942,0.0000021
30,./node_30_INORM,0.3604604,0.0000037
708,./node_708_INORM,0.4767075,2.1646981e-10
767,./node_767_INORM,0.4632998,1.9705633e-09
299,./node_299_INORM,0.3743964,0.0000034
264,./node_264_INORM,0.5578944,1.620512e-11
862,./node_862_INORM,0.4479364,3.635361e-10
140,./node_140_INORM,0.4430616,0.0000001
443,./node_443_INORM,0.3997348,0.0000001
1022,./node_1022_INORM,0.4633508,3.2937278e-10
11,./node_11_INORM,0.3242830,0.0000300
329,./node_329_INORM,0.4956007,9.403985e-10
645,./node_645_INORM,0.4832430,5.9728155e-10
346,./node_346_INORM,0.3456382,0.0000173
940,./node_940_INORM,0.3827588,0.0000005
83,./node_83_INORM,0.4878141,7.8804045e-09
561,./node_561_INORM,0.4466173,1.2639704e-09
843,./node_843_INORM,0.3837596,0.0000005
746,./node_746_INORM,0.4569795,4.507232e-10
245,./node_245_INORM,0.5828890,1.2614581e-12
1003,./node_1003_INORM,0.4025536,0.0000001
161,./node_161_INORM,0.4487358,4.0219601e-08
462,./node_462_INORM,0.4621747,1.8994657e-09
729,./node_729_INORM,0.5080073,6.9534975e-12
712,./node_712_INORM,0.4676978,1.9198829e-09
211,./node_211_INORM,0.5196716,3.6839172e-10
817,./node_817_INORM,0.4124339,2.8016777e-08
135,./node_135_INORM,0.5763039,2.7668896e-11
436,./node_436_INORM,0.4499935,6.498823e-09
459,./node_459_INORM,0.4357813,1.3092346e-08
878,./node_878_INORM,0.4549106,2.5538468e-10
885,./node_885_INORM,0.4293870,3.6040885e-09
283,./node_283_INORM,0.5059678,1.5010521e-09
780,./node_780_INORM,0.4558587,1.8279409e-10
380,./node_380_INORM,0.3421027,0.0000126
683,./node_683_INORM,0.4611765,2.8078338e-09
45,./node_45_INORM,0.3672012,0.0000028
986,./node_986_INORM,0.3869710,0.0000001
914,./node_914_INORM,0.4251601,3.9662353e-09
611,./node_611_INORM,0.4360964,8.043582e-09
312,./node_312_INORM,0.4829221,2.928937e-09
535,./node_535_INORM,0.4254813,1.5652352e-08
485,./node_485_INORM,0.3678403,0.0000007
186,./node_186_INORM,0.5730101,2.0048878e-12
478,./node_478_INORM,0.3738364,0.0000006
1019,./node_1019_INORM,0.4613661,1.2315761e-09
859,./node_859_INORM,0.4195373,1.7208412e-08
836,./node_836_INORM,0.4745011,5.5801255e-10
733,./node_733_INORM,0.4815362,4.5465726e-11
230,./node_230_INORM,0.5227113,1.5540337e-10
114,./node_114_INORM,0.5465331,2.8533836e-11
417,./node_417_INORM,0.3618790,0.0000030
630,./node_630_INORM,0.4358183,2.4541068e-09
333,./node_333_INORM,0.3858604,0.0000021
935,./node_935_INORM,0.3638914,0.0000016
514,./node_514_INORM,0.4488358,3.8101347e-09
586,./node_586_INORM,0.4258427,1.1738918e-08
64,./node_64_INORM,0.4428252,3.4308124e-08
99,./node_99_INORM,0.5025660,1.1034389e-09
939,./node_939_INORM,0.4185831,7.588327e-09
518,./node_518_INORM,0.4450500,4.9460624e-09
577,./node_577_INORM,0.5239356,1.3122694e-11
68,./node_68_INORM,0.4717683,1.3094923e-08
956,./node_956_INORM,0.4447310,3.0611351e-09
95,./node_95_INORM,0.3835502,0.0000022
653,./node_653_INORM,0.4864295,1.95669e-10
350,./node_350_INORM,0.4285940,0.0000001
177,./node_177_INORM,0.4434757,0.0000001
489,./node_489_INORM,0.5232521,6.1067155e-12
474,./node_474_INORM,0.3934321,0.0000002
1015,./node_1015_INORM,0.4544328,2.8947529e-10
750,./node_750_INORM,0.4516279,1.2534504e-09
253,./node_253_INORM,0.3619844,0.0000122
855,./node_855_INORM,0.4340197,8.1126915e-09
118,./node_118_INORM,0.3877586,0.0000018
1,./node_1_INORM,0.3330656,0.0000161
556,./node_556_INORM,0.4765506,7.2266525e-10
672,./node_672_INORM,0.4967303,8.1610735e-11
371,./node_371_INORM,0.4701377,2.8344695e-09
49,./node_49_INORM,0.5066546,1.1311582e-09
977,./node_977_INORM,0.3598693,0.0000010
26,./node_26_INORM,0.3383831,0.0000122
918,./node_918_INORM,0.4028566,1.4935735e-08
539,./node_539_INORM,0.4980305,6.0419925e-11
139,./node_139_INORM,0.4897369,2.6802407e-09
156,./node_156_INORM,0.4465504,0.0000001
455,./node_455_INORM,0.5140767,3.4606879e-11
874,./node_874_INORM,0.4386469,1.2318948e-09
889,./node_889_INORM,0.3312947,0.0000117
771,./node_771_INORM,0.4788423,4.8055054e-11
272,./node_272_INORM,0.5760779,1.3774969e-12
520,./node_520_INORM,0.4471159,3.7678499e-09
307,./node_307_INORM,0.5023360,1.1925947e-09
604,./node_604_INORM,0.4878077,1.5900991e-10
901,./node_901_INORM,0.4266837,1.2005391e-08
993,./node_993_INORM,0.4616151,6.3135285e-10
50,./node_50_INORM,0.3142639,0.0000677
696,./node_696_INORM,0.4653263,3.1173796e-10
368,./node_368_INORM,0.3982652,0.0000009
395,./node_395_INORM,0.3759606,0.0000014
795,./node_795_INORM,0.4537107,2.3637042e-10
768,./node_768_INORM,0.4539470,2.7299856e-10
296,./node_296_INORM,0.4566418,0.0000001
890,./node_890_INORM,0.3155278,0.0000285
423,./node_423_INORM,0.5202074,9.818143e-12
120,./node_120_INORM,0.5153453,3.783952e-10
802,./node_802_INORM,0.4420286,1.2115849e-08
204,./node_204_INORM,0.4311818,0.0000003
707,./node_707_INORM,0.4771050,3.9133834e-10
349,./node_349_INORM,0.5071838,2.346711e-10
71,./node_71_INORM,0.3857057,0.0000014
593,./node_593_INORM,0.4512786,3.0104804e-09
501,./node_501_INORM,0.4458495,3.8723436e-09
920,./node_920_INORM,0.4098537,2.8823479e-08
326,./node_326_INORM,0.4002043,0.0000009
625,./node_625_INORM,0.5112240,1.1261997e-11
402,./node_402_INORM,0.3516835,0.0000037
101,./node_101_INORM,0.5371279,4.9541025e-10
225,./node_225_INORM,0.5825017,2.0091582e-12
726,./node_726_INORM,0.4816062,1.5337532e-10
823,./node_823_INORM,0.4423554,2.4977273e-09
749,./node_749_INORM,0.4610588,1.957538e-10
193,./node_193_INORM,0.5366902,7.7910125e-11
490,./node_490_INORM,0.4929662,7.6815875e-11
229,./node_229_INORM,0.5202272,2.3583628e-10
840,./node_840_INORM,0.4120165,0.0000001
246,./node_246_INORM,0.4708519,1.6203586e-08
745,./node_745_INORM,0.4760625,7.72923e-10
1000,./node_1000_INORM,0.4269181,2.2799217e-09
461,./node_461_INORM,0.4104964,4.0050463e-08
162,./node_162_INORM,0.4859837,4.6219056e-09
345,./node_345_INORM,0.5081064,2.4520833e-10
646,./node_646_INORM,0.4585635,2.2046142e-09
80,./node_80_INORM,0.4558824,1.8530297e-08
943,./node_943_INORM,0.4094896,4.4583738e-08
562,./node_562_INORM,0.4534076,9.2337265e-10
12,./node_12_INORM,0.3338688,0.0000166
629,./node_629_INORM,0.4327001,3.3435651e-09
799,./node_799_INORM,0.4694645,1.1250318e-09
267,./node_267_INORM,0.4926601,3.1423593e-09
764,./node_764_INORM,0.4688892,2.5418843e-10
861,./node_861_INORM,0.4305218,4.4495266e-09
440,./node_440_INORM,0.4081709,0.0000001
143,./node_143_INORM,0.5638701,2.7302668e-11
1021,./node_1021_INORM,0.4595366,4.4397309e-10
208,./node_208_INORM,0.5973761,1.4424752e-12
608,./node_608_INORM,0.4955370,7.5929225e-11
33,./node_33_INORM,0.4054071,0.0000005
962,./node_962_INORM,0.4551841,3.4038693e-10
364,./node_364_INORM,0.5154391,2.2849508e-11
667,./node_667_INORM,0.4613039,2.5811761e-09
399,./node_399_INORM,0.4756070,1.5802674e-09
543,./node_543_INORM,0.4625627,9.070389e-10
578,./node_578_INORM,0.4948722,8.6930565e-11
585,./node_585_INORM,0.4787138,6.3757625e-10
67,./node_67_INORM,0.4484800,0.0000001
959,./node_959_INORM,0.3741605,0.0000004
330,./node_330_INORM,0.4470059,3.1175856e-08
633,./node_633_INORM,0.5012791,4.6436306e-11
936,./node_936_INORM,0.4115448,7.1271795e-09
517,./node_517_INORM,0.4135204,2.4569003e-08
835,./node_835_INORM,0.4471569,8.636165e-10
233,./node_233_INORM,0.5190485,5.8616435e-10
730,./node_730_INORM,0.4918201,2.9059827e-10
414,./node_414_INORM,0.3464539,0.0000063
117,./node_117_INORM,0.4484340,4.3123743e-08
185,./node_185_INORM,0.5435122,6.8159485e-11
178,./node_178_INORM,0.4469119,0.0000001
486,./node_486_INORM,0.4224270,3.2761253e-08
29,./node_29_INORM,0.3242067,0.0000421
917,./node_917_INORM,0.3951818,3.5686855e-08
311,./node_311_INORM,0.4222221,0.0000004
612,./node_612_INORM,0.4902680,2.1521822e-10
536,./node_536_INORM,0.4200535,2.1815498e-08
559,./node_559_INORM,0.5012970,4.9562962e-11
680,./node_680_INORM,0.4581186,5.549863e-10
383,./node_383_INORM,0.4046790,0.0000003
985,./node_985_INORM,0.4334864,1.6976277e-09
46,./node_46_INORM,0.3193157,0.0000498
978,./node_978_INORM,0.3295454,0.0000147
159,./node_159_INORM,0.4322477,0.0000001
886,./node_886_INORM,0.4236562,1.0039092e-08
783,./node_783_INORM,0.4646068,1.1981742e-10
280,./node_280_INORM,0.3417532,0.0000273
212,./node_212_INORM,0.4502845,0.0000001
711,./node_711_INORM,0.4846382,3.8863557e-11
814,./node_814_INORM,0.4530705,2.0538779e-09
435,./node_435_INORM,0.5147346,1.0326234e-11
136,./node_136_INORM,0.5770743,4.2648842e-12
456,./node_456_INORM,0.4745707,3.5633e-10
155,./node_155_INORM,0.6255452,5.3740515e-15
877,./node_877_INORM,0.4570085,5.734746e-10
271,./node_271_INORM,0.4158688,0.0000008
772,./node_772_INORM,0.4903689,3.9991153e-11
818,./node_818_INORM,0.4366875,2.0367742e-09
439,./node_439_INORM,0.3901556,0.0000006
25,./node_25_INORM,0.3365694,0.0000168
555,./node_555_INORM,0.4660831,7.421586e-10
372,./node_372_INORM,0.4791079,2.7150695e-09
671,./node_671_INORM,0.4540139,6.9437935e-10
989,./node_989_INORM,0.3915681,0.0000003
974,./node_974_INORM,0.3555924,0.0000022
839,./node_839_INORM,0.3829091,0.0000004
418,./node_418_INORM,0.4401199,1.8217235e-08
2,./node_2_INORM,0.3398237,0.0000108
189,./node_189_INORM,0.4413081,0.0000001
477,./node_477_INORM,0.3837056,0.0000003
174,./node_174_INORM,0.5165060,6.653483e-10
1016,./node_1016_INORM,0.4588535,3.9858586e-10
250,./node_250_INORM,0.4625953,0.0000001
753,./node_753_INORM,0.4747657,6.9344615e-11
856,./node_856_INORM,0.3680860,0.0000014
574,./node_574_INORM,0.4616358,9.082033e-10
589,./node_589_INORM,0.4459509,3.7870284e-09
96,./node_96_INORM,0.4151153,0.0000003
955,./node_955_INORM,0.4223921,1.1150983e-08
353,./node_353_INORM,0.3904971,0.0000012
650,./node_650_INORM,0.4908626,1.662899e-10
891,./node_891_INORM,0.3331265,0.0000118
297,./node_297_INORM,0.5479578,8.482141e-12
769,./node_769_INORM,0.4732294,8.9897005e-11
794,./node_794_INORM,0.4384132,1.3229033e-09
706,./node_706_INORM,0.4458033,1.1288448e-08
205,./node_205_INORM,0.4226446,0.0000004
803,./node_803_INORM,0.4587337,1.8754992e-09
121,./node_121_INORM,0.5242183,2.0922086e-10
422,./node_422_INORM,0.4763993,1.5986147e-09
900,./node_900_INORM,0.4186340,5.263936e-09
605,./node_605_INORM,0.4282772,1.065894e-08
306,./node_306_INORM,0.5261210,1.5321048e-10
521,./node_521_INORM,0.4198111,1.8107421e-08
394,./node_394_INORM,0.3315952,0.0000270
369,./node_369_INORM,0.3526334,0.0000068
697,./node_697_INORM,0.5060060,1.7923824e-11
51,./node_51_INORM,0.4474566,2.2979206e-08
992,./node_992_INORM,0.3264432,0.0000101
822,./node_822_INORM,0.4652240,1.8705924e-09
727,./node_727_INORM,0.4868253,3.7410387e-11
224,./node_224_INORM,0.4318764,0.0000003
100,./node_100_INORM,0.5935202,2.9278979e-12
403,./node_403_INORM,0.3657252,0.0000014
491,./node_491_INORM,0.5362394,2.4619284e-12
192,./node_192_INORM,0.4340371,0.0000002
748,./node_748_INORM,0.4462416,1.6441588e-09
592,./node_592_INORM,0.4831135,4.364999e-10
70,./node_70_INORM,0.5920810,4.0967073e-13
348,./node_348_INORM,0.3608203,0.0000101
624,./node_624_INORM,0.4785345,1.2813126e-10
327,./node_327_INORM,0.5387242,9.5175855e-12
921,./node_921_INORM,0.4178734,1.2430855e-08
500,./node_500_INORM,0.3908057,0.0000002
563,./node_563_INORM,0.4574075,3.6765339e-10
942,./node_942_INORM,0.3639251,0.0000004
81,./node_81_INORM,0.4792512,4.0450299e-09
647,./node_647_INORM,0.4746823,1.1886245e-09
344,./node_344_INORM,0.5103703,8.01018e-11
628,./node_628_INORM,0.4534980,2.0438618e-09
13,./node_13_INORM,0.3376396,0.0000124
228,./node_228_INORM,0.4282529,0.0000003
163,./node_163_INORM,0.4385019,0.0000001
460,./node_460_INORM,0.4163792,3.8783146e-08
1001,./node_1001_INORM,0.4585076,5.909929e-10
744,./node_744_INORM,0.4942583,2.5056309e-11
247,./node_247_INORM,0.5123067,3.2464148e-10
841,./node_841_INORM,0.4486942,9.908774e-10
32,./node_32_INORM,0.3619396,0.0000047
609,./node_609_INORM,0.4701005,1.7225178e-10
542,./node_542_INORM,0.4838365,2.0531992e-10
398,./node_398_INORM,0.5056584,5.7581805e-11
666,./node_666_INORM,0.4629104,2.0980289e-09
365,./node_365_INORM,0.3357435,0.0000245
963,./node_963_INORM,0.3606437,0.0000009
1020,./node_1020_INORM,0.4546606,2.7745792e-10
142,./node_142_INORM,0.4100135,0.0000004
441,./node_441_INORM,0.5216801,6.264884e-12
860,./node_860_INORM,0.4447058,4.1493047e-10
765,./node_765_INORM,0.4626582,1.5460427e-10
266,./node_266_INORM,0.5817253,6.4942355e-13
798,./node_798_INORM,0.4496600,3.8599703e-10
209,./node_209_INORM,0.4149175,0.0000007
116,./node_116_INORM,0.3914974,0.0000011
415,./node_415_INORM,0.3618576,0.0000017
731,./node_731_INORM,0.4946005,1.5032576e-11
232,./node_232_INORM,0.5660466,2.5483397e-12
834,./node_834_INORM,0.4594324,2.1449632e-09
487,./node_487_INORM,0.4399305,4.6745609e-09
179,./node_179_INORM,0.4745933,1.5952642e-08
184,./node_184_INORM,0.5022475,2.4309902e-09
66,./node_66_INORM,0.3573102,0.0000091
958,./node_958_INORM,0.4241596,3.0627972e-09
584,./node_584_INORM,0.4367512,6.479901e-09
579,./node_579_INORM,0.4316087,8.4509315e-09
516,./node_516_INORM,0.4071056,3.8335629e-08
937,./node_937_INORM,0.4301160,1.1730829e-08
632,./node_632_INORM,0.4394091,1.9396011e-09
331,./node_331_INORM,0.3947546,0.0000006
281,./node_281_INORM,0.5264348,7.982651e-11
782,./node_782_INORM,0.4622658,2.6818436e-10
887,./node_887_INORM,0.4481875,1.1205021e-09
158,./node_158_INORM,0.5349116,7.930531e-11
137,./node_137_INORM,0.5683349,1.6178666e-11
434,./node_434_INORM,0.5024975,2.6632876e-11
815,./node_815_INORM,0.4842932,1.5125521e-10
710,./node_710_INORM,0.5071974,9.5695755e-12
213,./node_213_INORM,0.5641808,2.2205581e-11
537,./node_537_INORM,0.4422748,4.0177232e-09
613,./node_613_INORM,0.4615403,1.6177434e-09
310,./node_310_INORM,0.4221892,0.0000002
28,./node_28_INORM,0.3511208,0.0000058
916,./node_916_INORM,0.4358489,5.6138665e-09
47,./node_47_INORM,0.3798345,0.0000016
979,./node_979_INORM,0.3474839,0.0000029
984,./node_984_INORM,0.4378874,2.6760621e-09
382,./node_382_INORM,0.3485899,0.0000051
681,./node_681_INORM,0.4411310,1.8613605e-09
558,./node_558_INORM,0.4276286,1.030091e-08
24,./node_24_INORM,0.3656077,0.0000037
975,./node_975_INORM,0.3577952,0.0000027
988,./node_988_INORM,0.3250423,0.0000111
670,./node_670_INORM,0.5055908,9.961464e-11
373,./node_373_INORM,0.3768203,0.0000020
554,./node_554_INORM,0.5271838,7.2808595e-12
773,./node_773_INORM,0.4315307,2.3556036e-08
270,./node_270_INORM,0.5436948,7.20788e-11
876,./node_876_INORM,0.4030786,0.0000001
154,./node_154_INORM,0.4674255,2.2854792e-08
457,./node_457_INORM,0.4534897,2.6898588e-09
438,./node_438_INORM,0.3945528,0.0000002
819,./node_819_INORM,0.4329085,1.108653e-08
651,./node_651_INORM,0.5266934,4.8619789e-12
352,./node_352_INORM,0.4762174,2.9762618e-09
954,./node_954_INORM,0.3917935,2.7990365e-08
97,./node_97_INORM,0.3812934,0.0000024
588,./node_588_INORM,0.5007136,5.029434e-11
575,./node_575_INORM,0.4700474,5.624427e-10
3,./node_3_INORM,0.3590436,0.0000045
419,./node_419_INORM,0.4703550,1.2084054e-09
838,./node_838_INORM,0.4122863,0.0000001
857,./node_857_INORM,0.4321390,4.6780438e-09
752,./node_752_INORM,0.4477934,1.0220511e-09
251,./node_251_INORM,0.4036194,0.0000013
1017,./node_1017_INORM,0.4509718,2.7565826e-10
175,./node_175_INORM,0.4421092,0.0000001
476,./node_476_INORM,0.3864052,0.0000003
188,./node_188_INORM,0.5601702,3.1073386e-11
35,./node_35_INORM,0.3741588,0.0000030
661,./node_661_INORM,0.5222006,1.2133529e-11
362,./node_362_INORM,0.3266689,0.0000314
964,./node_964_INORM,0.4540691,2.7430002e-10
999,./node_999_INORM,0.3454294,0.0000022
545,./node_545_INORM,0.4569532,1.131696e-09
867,./node_867_INORM,0.3750138,0.0000010
762,./node_762_INORM,0.4337271,2.4283698e-08
261,./node_261_INORM,0.5382967,1.138745e-10
145,./node_145_INORM,0.4127080,0.0000003
446,./node_446_INORM,0.3866092,0.0000002
429,./node_429_INORM,0.3761851,0.0000006
808,./node_808_INORM,0.4604705,2.4232552e-09
945,./node_945_INORM,0.3898107,3.5138761e-08
86,./node_86_INORM,0.4553422,1.6530566e-08
640,./node_640_INORM,0.4797875,1.8340438e-10
343,./node_343_INORM,0.3462116,0.0000081
599,./node_599_INORM,0.4837500,2.5297472e-10
564,./node_564_INORM,0.4821971,1.6203326e-10
14,./node_14_INORM,0.3010711,0.0001081
408,./node_408_INORM,0.4500748,1.3097609e-08
829,./node_829_INORM,0.4558411,2.2085714e-10
743,./node_743_INORM,0.4717780,6.950708e-11
240,./node_240_INORM,0.5646551,1.5590498e-11
846,./node_846_INORM,0.4305687,2.6507781e-09
164,./node_164_INORM,0.5654648,3.6656403e-12
467,./node_467_INORM,0.3921761,0.0000002
199,./node_199_INORM,0.5582274,1.5929939e-11
1006,./node_1006_INORM,0.4463603,4.61568e-10
107,./node_107_INORM,0.4042077,0.0000007
404,./node_404_INORM,0.3651108,0.0000012
825,./node_825_INORM,0.4243202,4.5041875e-08
720,./node_720_INORM,0.4902588,5.808578e-11
223,./node_223_INORM,0.3929329,0.0000023
496,./node_496_INORM,0.4410803,8.9562695e-09
168,./node_168_INORM,0.4911583,3.3733484e-09
195,./node_195_INORM,0.5476125,7.2403985e-11
949,./node_949_INORM,0.3095678,0.0000387
77,./node_77_INORM,0.5575175,6.081161e-11
595,./node_595_INORM,0.4373302,7.9472915e-09
568,./node_568_INORM,0.4755381,8.0677875e-10
507,./node_507_INORM,0.5103590,6.76777e-12
623,./node_623_INORM,0.4465405,4.4103478e-09
320,./node_320_INORM,0.4473766,0.0000001
926,./node_926_INORM,0.4037598,0.0000001
18,./node_18_INORM,0.3332937,0.0000172
896,./node_896_INORM,0.4355640,6.823692e-09
290,./node_290_INORM,0.5410616,8.175326e-11
793,./node_793_INORM,0.4555308,9.8933065e-10
149,./node_149_INORM,0.5733599,3.6761931e-12
126,./node_126_INORM,0.4925267,2.4298587e-09
425,./node_425_INORM,0.3901870,0.0000008
701,./node_701_INORM,0.5004967,2.3327849e-11
202,./node_202_INORM,0.5056418,3.5832097e-09
804,./node_804_INORM,0.4522923,4.4561863e-10
526,./node_526_INORM,0.4814107,3.0937621e-10
907,./node_907_INORM,0.4408660,8.514152e-09
39,./node_39_INORM,0.3699234,0.0000025
602,./node_602_INORM,0.5365036,5.4453645e-12
301,./node_301_INORM,0.3510513,0.0000164
393,./node_393_INORM,0.4438997,2.0521068e-08
690,./node_690_INORM,0.4947514,5.840021e-11
968,./node_968_INORM,0.4590381,4.4821097e-10
56,./node_56_INORM,0.4290369,0.0000001
995,./node_995_INORM,0.3375128,0.0000039
549,./node_549_INORM,0.5362442,2.3592453e-12
572,./node_572_INORM,0.5277479,9.8862345e-12
656,./node_656_INORM,0.4295275,4.9006535e-09
355,./node_355_INORM,0.3887314,0.0000019
953,./node_953_INORM,0.3493616,0.0000020
90,./node_90_INORM,0.3877138,0.0000018
639,./node_639_INORM,0.4895369,1.5428888e-10
239,./node_239_INORM,0.4147999,0.0000008
4,./node_4_INORM,0.3347571,0.0000154
1010,./node_1010_INORM,0.3926181,4.118555e-08
172,./node_172_INORM,0.4601821,3.7485965e-08
471,./node_471_INORM,0.4344729,1.6730971e-08
850,./node_850_INORM,0.3573708,0.0000029
755,./node_755_INORM,0.4729924,3.1927389e-10
256,./node_256_INORM,0.4536591,0.0000001
618,./node_618_INORM,0.5138203,7.3515805e-12
23,./node_23_INORM,0.3080940,0.0000817
553,./node_553_INORM,0.5219775,1.6362186e-11
972,./node_972_INORM,0.3444074,0.0000045
389,./node_389_INORM,0.5346296,6.6229235e-12
677,./node_677_INORM,0.5081840,2.3951119e-11
374,./node_374_INORM,0.4408245,4.6468155e-08
153,./node_153_INORM,0.5065606,7.830821e-10
450,./node_450_INORM,0.3769788,0.0000006
774,./node_774_INORM,0.4747376,8.888048e-11
277,./node_277_INORM,0.3978494,0.0000015
789,./node_789_INORM,0.4648414,1.616767e-10
871,./node_871_INORM,0.4347765,1.7642458e-08
218,./node_218_INORM,0.4583375,0.0000001
286,./node_286_INORM,0.4697523,1.2089724e-08
778,./node_778_INORM,0.4345346,2.0194937e-08
785,./node_785_INORM,0.4600898,1.8728939e-10
880,./node_880_INORM,0.4214618,6.7257175e-09
812,./node_812_INORM,0.4357737,1.6279344e-09
717,./node_717_INORM,0.4379639,3.1629346e-09
214,./node_214_INORM,0.4398211,0.0000001
130,./node_130_INORM,0.4520097,3.5405934e-08
433,./node_433_INORM,0.3649617,0.0000014
614,./node_614_INORM,0.4476210,9.1385625e-10
317,./node_317_INORM,0.5186325,8.8410605e-11
911,./node_911_INORM,0.4196983,2.5477617e-08
530,./node_530_INORM,0.5138596,2.9284876e-11
40,./node_40_INORM,0.4347307,0.0000001
983,./node_983_INORM,0.3275734,0.0000084
385,./node_385_INORM,0.5073094,1.4834793e-10
378,./node_378_INORM,0.4061635,0.0000003
686,./node_686_INORM,0.4525367,6.385385e-09
736,./node_736_INORM,0.4574793,6.6686735e-10
235,./node_235_INORM,0.5475124,7.154503e-11
833,./node_833_INORM,0.4739766,8.897086e-11
8,./node_8_INORM,0.3070157,0.0000777
111,./node_111_INORM,0.5620548,5.5818525e-12
412,./node_412_INORM,0.4940721,1.223038e-10
480,./node_480_INORM,0.4021438,0.0000001
183,./node_183_INORM,0.5546650,8.055129e-11
759,./node_759_INORM,0.4644228,1.663911e-10
583,./node_583_INORM,0.5293296,4.4622414e-12
359,./node_359_INORM,0.4933744,3.9933315e-10
61,./node_61_INORM,0.3400358,0.0000221
930,./node_930_INORM,0.3913470,2.5687213e-08
635,./node_635_INORM,0.5063959,3.4682155e-11
336,./node_336_INORM,0.5315538,2.6842957e-11
511,./node_511_INORM,0.4071546,4.7862649e-08
447,./node_447_INORM,0.5041273,3.2075542e-11
144,./node_144_INORM,0.5613883,5.2716215e-12
260,./node_260_INORM,0.5721111,2.8493096e-12
763,./node_763_INORM,0.4592825,7.362103e-10
866,./node_866_INORM,0.4181862,4.0941925e-08
809,./node_809_INORM,0.4277669,1.1903089e-08
428,./node_428_INORM,0.4026590,0.0000002
34,./node_34_INORM,0.4054363,0.0000003
544,./node_544_INORM,0.4512012,1.4194886e-09
998,./node_998_INORM,0.4542561,5.701e-10
965,./node_965_INORM,0.4173616,3.9633116e-09
363,./node_363_INORM,0.4449331,2.7102817e-08
660,./node_660_INORM,0.4868231,4.2334536e-10
828,./node_828_INORM,0.4441042,1.0918185e-09
409,./node_409_INORM,0.3435256,0.0000097
1007,./node_1007_INORM,0.4489477,3.32575e-09
198,./node_198_INORM,0.5551881,8.748922e-11
466,./node_466_INORM,0.4670783,1.6223027e-09
165,./node_165_INORM,0.4367745,0.0000001
847,./node_847_INORM,0.4379129,1.6279077e-09
241,./node_241_INORM,0.4356310,0.0000002
742,./node_742_INORM,0.4554610,6.585845e-10
565,./node_565_INORM,0.4624964,9.149965e-10
598,./node_598_INORM,0.4481628,2.7478451e-09
342,./node_342_INORM,0.4787899,3.9126952e-09
641,./node_641_INORM,0.5078398,2.3925108e-11
87,./node_87_INORM,0.5321448,3.473806e-10
944,./node_944_INORM,0.3963548,1.5717736e-08
15,./node_15_INORM,0.3108294,0.0000664
569,./node_569_INORM,0.4361238,7.15194e-09
594,./node_594_INORM,0.4809168,1.8101732e-10
948,./node_948_INORM,0.3875472,0.0000003
76,./node_76_INORM,0.3641258,0.0000068
927,./node_927_INORM,0.4064219,1.2371171e-08
19,./node_19_INORM,0.3505982,0.0000073
321,./node_321_INORM,0.3844848,0.0000026
622,./node_622_INORM,0.4688105,2.4208427e-10
506,./node_506_INORM,0.4480291,3.1172132e-09
222,./node_222_INORM,0.5361855,2.9108174e-10
721,./node_721_INORM,0.4754067,9.730263e-10
824,./node_824_INORM,0.4476346,4.89457e-10
405,./node_405_INORM,0.3608379,0.0000017
106,./node_106_INORM,0.4958041,6.395152e-09
194,./node_194_INORM,0.5575565,5.430845e-11
169,./node_169_INORM,0.5302134,1.9348429e-10
497,./node_497_INORM,0.4030637,0.0000001
300,./node_300_INORM,0.4622354,2.1456537e-08
603,./node_603_INORM,0.5014638,2.5271838e-11
906,./node_906_INORM,0.4489601,4.137953e-10
38,./node_38_INORM,0.3370711,0.0000169
527,./node_527_INORM,0.5124365,9.499465e-12
548,./node_548_INORM,0.4819189,1.6751983e-10
994,./node_994_INORM,0.4466475,4.896302e-10
969,./node_969_INORM,0.4440959,3.6320404e-09
57,./node_57_INORM,0.4122080,0.0000002
691,./node_691_INORM,0.5262272,4.2540813e-12
392,./node_392_INORM,0.3924585,0.0000004
148,./node_148_INORM,0.6193132,1.2641127e-13
792,./node_792_INORM,0.4220114,1.4552481e-08
291,./node_291_INORM,0.3314322,0.0000454
897,./node_897_INORM,0.4155044,8.3584955e-09
805,./node_805_INORM,0.4584392,1.7489801e-10
203,./node_203_INORM,0.5900626,2.400011e-13
700,./node_700_INORM,0.4814771,4.9157673e-10
424,./node_424_INORM,0.4992845,2.133214e-10
127,./node_127_INORM,0.5494994,1.7175111e-10
5,./node_5_INORM,0.3273651,0.0000223
238,./node_238_INORM,0.5542649,4.1464832e-11
257,./node_257_INORM,0.5374448,1.7764224e-10
754,./node_754_INORM,0.4709837,8.815255e-11
851,./node_851_INORM,0.4338725,2.2207376e-08
470,./node_470_INORM,0.4873403,2.8414151e-10
173,./node_173_INORM,0.5815082,6.578163e-12
1011,./node_1011_INORM,0.4509408,3.8417807e-09
91,./node_91_INORM,0.4765273,1.6160997e-08
952,./node_952_INORM,0.4519308,3.2179407e-10
354,./node_354_INORM,0.3703285,0.0000031
657,./node_657_INORM,0.4980729,4.7990854e-11
573,./node_573_INORM,0.4871160,1.23568e-10
638,./node_638_INORM,0.4686330,7.1074145e-10
870,./node_870_INORM,0.4551439,2.8708432e-10
788,./node_788_INORM,0.4654442,1.2055201e-10
276,./node_276_INORM,0.5328963,9.0869815e-11
775,./node_775_INORM,0.4491570,1.8030066e-09
451,./node_451_INORM,0.3748526,0.0000007
152,./node_152_INORM,0.5436276,2.9335217e-11
219,./node_219_INORM,0.4693431,2.4779674e-08
22,./node_22_INORM,0.3328798,0.0000243
619,./node_619_INORM,0.4801292,5.17215e-10
375,./node_375_INORM,0.4669169,1.2074686e-08
676,./node_676_INORM,0.5091014,6.097446e-12
388,./node_388_INORM,0.3727125,0.0000024
973,./node_973_INORM,0.3572524,0.0000029
552,./node_552_INORM,0.5383179,1.7512474e-12
531,./node_531_INORM,0.4459438,4.2214288e-09
910,./node_910_INORM,0.4149534,4.5883256e-08
316,./node_316_INORM,0.3290544,0.0000392
615,./node_615_INORM,0.4869353,1.8555362e-10
687,./node_687_INORM,0.4857489,1.3048257e-10
379,./node_379_INORM,0.3465569,0.0000056
384,./node_384_INORM,0.4272980,0.0000001
982,./node_982_INORM,0.4263683,2.4793002e-09
41,./node_41_INORM,0.5013864,9.5860515e-10
881,./node_881_INORM,0.4022473,0.0000001
784,./node_784_INORM,0.4442008,1.4143304e-09
779,./node_779_INORM,0.4753734,8.477241e-10
287,./node_287_INORM,0.5261393,2.1168862e-10
432,./node_432_INORM,0.3758293,0.0000009
131,./node_131_INORM,0.4200758,0.0000003
215,./node_215_INORM,0.6040913,8.7423475e-14
716,./node_716_INORM,0.4955658,4.1853255e-11
813,./node_813_INORM,0.4407364,4.1931708e-09
60,./node_60_INORM,0.4283216,0.0000002
358,./node_358_INORM,0.3313202,0.0000268
582,./node_582_INORM,0.5365687,2.214603e-12
510,./node_510_INORM,0.4522715,2.2622877e-09
337,./node_337_INORM,0.3373795,0.0000117
634,./node_634_INORM,0.4515252,3.1913099e-09
931,./node_931_INORM,0.3232497,0.0000197
413,./node_413_INORM,0.5050040,5.377756e-11
110,./node_110_INORM,0.3860808,0.0000018
9,./node_9_INORM,0.3182372,0.0000375
832,./node_832_INORM,0.4355162,1.7720465e-08
234,./node_234_INORM,0.5032499,5.5178225e-09
737,./node_737_INORM,0.4906671,3.5879937e-10
758,./node_758_INORM,0.4950627,8.394098e-11
182,./node_182_INORM,0.4441073,0.0000001
481,./node_481_INORM,0.5002986,6.7192345e-11
928,./node_928_INORM,0.3688098,0.0000008
16,./node_16_INORM,0.3830992,0.0000014
509,./node_509_INORM,0.4650803,2.152021e-09
566,./node_566_INORM,0.4671337,3.2675532e-10
642,./node_642_INORM,0.4814100,1.7432089e-10
341,./node_341_INORM,0.3428595,0.0000172
947,./node_947_INORM,0.3639750,0.0000020
79,./node_79_INORM,0.3634523,0.0000072
84,./node_84_INORM,0.4175103,0.0000002
1004,./node_1004_INORM,0.3874649,0.0000001
166,./node_166_INORM,0.5730727,1.9755061e-11
498,./node_498_INORM,0.4240691,1.5929192e-08
465,./node_465_INORM,0.5371213,1.6896089e-12
844,./node_844_INORM,0.4366052,3.9438434e-09
741,./node_741_INORM,0.4468784,8.912438e-09
242,./node_242_INORM,0.5269607,5.325689e-10
109,./node_109_INORM,0.4738205,6.857716e-09
547,./node_547_INORM,0.4530752,1.3986552e-09
966,./node_966_INORM,0.3732738,0.0000002
58,./node_58_INORM,0.4190906,0.0000001
663,./node_663_INORM,0.4757810,1.7662623e-10
360,./node_360_INORM,0.3593779,0.0000040
909,./node_909_INORM,0.3802605,0.0000002
37,./node_37_INORM,0.3746100,0.0000021
528,./node_528_INORM,0.4302035,8.453969e-09
128,./node_128_INORM,0.6176717,1.7046385e-14
147,./node_147_INORM,0.5964109,3.8514057e-12
444,./node_444_INORM,0.4228236,2.9641952e-08
760,./node_760_INORM,0.4568855,6.0113285e-10
263,./node_263_INORM,0.4941557,8.8802175e-09
865,./node_865_INORM,0.4323493,6.594892e-09
898,./node_898_INORM,0.3437016,0.0000066
806,./node_806_INORM,0.4592432,1.0077761e-09
703,./node_703_INORM,0.4777654,7.6133385e-11
200,./node_200_INORM,0.5923198,3.1086129e-12
124,./node_124_INORM,0.5573779,7.622241e-11
427,./node_427_INORM,0.3745010,0.0000008
448,./node_448_INORM,0.5111162,2.6848391e-11
292,./node_292_INORM,0.5071095,2.9415198e-10
791,./node_791_INORM,0.4526807,2.1214227e-09
869,./node_869_INORM,0.4396237,7.9718605e-09
894,./node_894_INORM,0.4211919,1.1988555e-08
54,./node_54_INORM,0.5126114,2.2362239e-10
997,./node_997_INORM,0.4595631,2.8462151e-10
391,./node_391_INORM,0.4193336,0.0000002
692,./node_692_INORM,0.5240915,5.240428e-12
600,./node_600_INORM,0.5106890,1.1124628e-11
303,./node_303_INORM,0.5169953,2.102199e-10
905,./node_905_INORM,0.4002420,0.0000001
524,./node_524_INORM,0.4993213,4.6399226e-11
1008,./node_1008_INORM,0.4570675,3.383599e-10
494,./node_494_INORM,0.4013510,0.0000001
197,./node_197_INORM,0.5390083,1.7046284e-10
469,./node_469_INORM,0.4798714,2.3398061e-10
848,./node_848_INORM,0.4474381,3.1733054e-09
722,./node_722_INORM,0.4960001,6.2959365e-11
221,./node_221_INORM,0.5621186,2.1160846e-11
827,./node_827_INORM,0.4195321,3.8950863e-08
105,./node_105_INORM,0.5152997,1.4189974e-09
406,./node_406_INORM,0.3556928,0.0000037
924,./node_924_INORM,0.3900224,0.0000003
621,./node_621_INORM,0.5208125,8.4781835e-12
322,./node_322_INORM,0.5318224,4.7378704e-11
505,./node_505_INORM,0.4672329,5.5170025e-10
597,./node_597_INORM,0.4791293,3.0209894e-10
75,./node_75_INORM,0.3819838,0.0000025
88,./node_88_INORM,0.3692963,0.0000051
675,./node_675_INORM,0.4797821,6.778789e-10
688,./node_688_INORM,0.4661443,1.240248e-09
376,./node_376_INORM,0.3551821,0.0000048
970,./node_970_INORM,0.3393816,0.0000041
551,./node_551_INORM,0.4817995,4.0517025e-10
21,./node_21_INORM,0.3156150,0.0000514
319,./node_319_INORM,0.4935862,7.970255e-10
719,./node_719_INORM,0.4716749,1.9381278e-10
873,./node_873_INORM,0.3526878,0.0000038
776,./node_776_INORM,0.4506852,1.1870001e-09
288,./node_288_INORM,0.4197109,0.0000006
275,./node_275_INORM,0.5642159,3.0635348e-12
151,./node_151_INORM,0.6048970,8.8248555e-13
452,./node_452_INORM,0.3823661,0.0000003
338,./node_338_INORM,0.4476715,4.1681252e-08
951,./node_951_INORM,0.3944271,0.0000002
92,./node_92_INORM,0.4852582,8.449748e-09
654,./node_654_INORM,0.4974038,6.802836e-11
357,./node_357_INORM,0.4733197,1.7227461e-09
570,./node_570_INORM,0.5410495,2.5775796e-12
757,./node_757_INORM,0.4714393,9.670495e-10
254,./node_254_INORM,0.4257541,0.0000004
852,./node_852_INORM,0.3692626,0.0000011
170,./node_170_INORM,0.5512600,2.6371172e-11
473,./node_473_INORM,0.3834074,0.0000003
1012,./node_1012_INORM,0.4148940,0.0000001
6,./node_6_INORM,0.3634823,0.0000043
738,./node_738_INORM,0.4815237,5.328131e-10
258,./node_258_INORM,0.5133442,4.0080236e-10
482,./node_482_INORM,0.4269699,2.0395152e-08
181,./node_181_INORM,0.4612449,2.6081554e-08
113,./node_113_INORM,0.4526098,3.4338313e-08
410,./node_410_INORM,0.3684796,0.0000015
831,./node_831_INORM,0.4440962,6.4572835e-10
734,./node_734_INORM,0.4528433,6.270405e-09
237,./node_237_INORM,0.3775446,0.0000051
513,./node_513_INORM,0.4202598,2.1510092e-08
637,./node_637_INORM,0.5299862,3.5086247e-12
334,./node_334_INORM,0.3593220,0.0000072
932,./node_932_INORM,0.3723225,0.0000006
63,./node_63_INORM,0.4730859,1.3907286e-08
658,./node_658_INORM,0.5288660,6.231166e-12
581,./node_581_INORM,0.4812657,6.279071e-10
132,./node_132_INORM,0.3855673,0.0000020
431,./node_431_INORM,0.4807310,4.2312882e-10
715,./node_715_INORM,0.4772248,1.3444982e-09
216,./node_216_INORM,0.5716147,2.080978e-11
810,./node_810_INORM,0.3924658,0.0000002
882,./node_882_INORM,0.4350280,4.1384647e-09
284,./node_284_INORM,0.5358807,2.9231124e-11
787,./node_787_INORM,0.4433483,8.4904305e-10
279,./node_279_INORM,0.3694271,0.0000080
679,./node_679_INORM,0.4761820,3.4993921e-10
387,./node_387_INORM,0.4542222,1.3239878e-08
684,./node_684_INORM,0.4727508,6.6960195e-10
42,./node_42_INORM,0.3259028,0.0000339
981,./node_981_INORM,0.3960651,0.0000002
532,./node_532_INORM,0.4328414,5.346172e-09
913,./node_913_INORM,0.4029161,0.0000001
616,./node_616_INORM,0.4511008,3.4055466e-09
315,./node_315_INORM,0.5375822,4.49654e-11
243,./node_243_INORM,0.5255993,8.665435e-10
740,./node_740_INORM,0.4811168,5.5607145e-11
845,./node_845_INORM,0.3873188,0.0000004
464,./node_464_INORM,0.5219344,5.99794e-12
499,./node_499_INORM,0.4510139,2.2941544e-09
167,./node_167_INORM,0.6106506,8.987116e-14
1005,./node_1005_INORM,0.4591695,3.1529155e-10
108,./node_108_INORM,0.5934130,2.0570054e-13
508,./node_508_INORM,0.4724873,8.682116e-10
929,./node_929_INORM,0.4181949,3.8582434e-08
17,./node_17_INORM,0.3039836,0.0000931
85,./node_85_INORM,0.4956894,1.1952816e-09
946,./node_946_INORM,0.3764839,0.0000001
78,./node_78_INORM,0.4600902,4.1572876e-08
340,./node_340_INORM,0.3859689,0.0000022
643,./node_643_INORM,0.4824753,5.536792e-10
567,./node_567_INORM,0.4563354,1.9883804e-09
129,./node_129_INORM,0.5658032,5.7067615e-11
899,./node_899_INORM,0.4061174,2.4666681e-08
864,./node_864_INORM,0.4125582,2.5486555e-08
262,./node_262_INORM,0.5961504,2.7514716e-13
761,./node_761_INORM,0.4485596,1.5666861e-09
1024,./node_1024_INORM,0.4611093,3.0239354e-10
445,./node_445_INORM,0.4045043,0.0000001
146,./node_146_INORM,0.4162976,0.0000003
361,./node_361_INORM,0.4291102,0.0000002
662,./node_662_INORM,0.4664801,1.2917047e-09
967,./node_967_INORM,0.3865539,0.0000001
59,./node_59_INORM,0.5533887,1.3966031e-11
546,./node_546_INORM,0.4276920,1.1304531e-08
529,./node_529_INORM,0.5417528,1.4769256e-12
908,./node_908_INORM,0.4443695,4.3566555e-10
36,./node_36_INORM,0.4577070,2.4192106e-08
693,./node_693_INORM,0.4331413,4.470272e-09
390,./node_390_INORM,0.4510171,2.0555551e-08
996,./node_996_INORM,0.3308064,0.0000072
55,./node_55_INORM,0.4177406,0.0000003
525,./node_525_INORM,0.4204867,1.8564358e-08
904,./node_904_INORM,0.4391753,1.6870345e-09
302,./node_302_INORM,0.5639997,2.6748537e-12
601,./node_601_INORM,0.4801133,7.0200655e-10
426,./node_426_INORM,0.3598113,0.0000015
125,./node_125_INORM,0.5762732,1.9187371e-11
201,./node_201_INORM,0.6150207,1.7402903e-14
702,./node_702_INORM,0.5008353,3.5346099e-11
807,./node_807_INORM,0.4497460,4.5129989e-10
895,./node_895_INORM,0.3756360,0.0000011
868,./node_868_INORM,0.3470079,0.0000049
790,./node_790_INORM,0.4542846,2.1590282e-10
293,./node_293_INORM,0.5506095,1.589711e-11
449,./node_449_INORM,0.4333621,2.045063e-08
504,./node_504_INORM,0.4340051,7.0736325e-09
323,./node_323_INORM,0.4847840,3.3599555e-09
620,./node_620_INORM,0.4760348,5.1190365e-10
925,./node_925_INORM,0.3818528,0.0000003
89,./node_89_INORM,0.3755229,0.0000035
74,./node_74_INORM,0.4464991,0.0000001
596,./node_596_INORM,0.4469115,1.4927354e-09
849,./node_849_INORM,0.4551034,2.617829e-10
468,./node_468_INORM,0.4517843,3.0402039e-09
196,./node_196_INORM,0.5618746,5.299992e-12
495,./node_495_INORM,0.4165184,3.8414839e-08
1009,./node_1009_INORM,0.4605398,6.266356e-10
407,./node_407_INORM,0.3585965,0.0000021
104,./node_104_INORM,0.5491553,2.8355317e-11
826,./node_826_INORM,0.4500069,2.6464489e-10
220,./node_220_INORM,0.5423007,2.8962571e-11
723,./node_723_INORM,0.4926180,1.7760572e-11
718,./node_718_INORM,0.4698774,1.4990494e-09
453,./node_453_INORM,0.4305179,1.3957109e-08
150,./node_150_INORM,0.6114718,2.4496598e-14
274,./node_274_INORM,0.5587750,1.036386e-11
289,./node_289_INORM,0.3901112,0.0000021
777,./node_777_INORM,0.4630613,1.3043596e-09
872,./node_872_INORM,0.4306058,1.4296587e-08
550,./node_550_INORM,0.4092517,3.6795768e-08
971,./node_971_INORM,0.4044757,0.0000001
377,./node_377_INORM,0.3397225,0.0000140
689,./node_689_INORM,0.5016493,1.128301e-10
674,./node_674_INORM,0.4960953,3.9552826e-11
318,./node_318_INORM,0.5233694,1.8452065e-10
20,./node_20_INORM,0.3884174,0.0000010
1013,./node_1013_INORM,0.4341604,1.1217681e-09
472,./node_472_INORM,0.5099004,1.0103641e-11
171,./node_171_INORM,0.6019248,5.1851405e-13
853,./node_853_INORM,0.4601788,1.3100762e-09
255,./node_255_INORM,0.5159921,1.0668152e-09
756,./node_756_INORM,0.4419519,2.6546688e-09
739,./node_739_INORM,0.4532156,7.470274e-10
7,./node_7_INORM,0.3157978,0.0000410
339,./node_339_INORM,0.3238602,0.0000527
571,./node_571_INORM,0.5113848,8.7151215e-12
356,./node_356_INORM,0.4815560,1.9359719e-09
655,./node_655_INORM,0.4554264,3.3088802e-09
93,./node_93_INORM,0.5801463,7.22732e-13
950,./node_950_INORM,0.3428241,0.0000063
933,./node_933_INORM,0.4473611,4.4998111e-10
335,./node_335_INORM,0.3677629,0.0000066
636,./node_636_INORM,0.5204832,1.9180921e-11
512,./node_512_INORM,0.4717304,5.441933e-10
580,./node_580_INORM,0.4700230,4.6721517e-10
659,./node_659_INORM,0.5128950,5.6965515e-12
62,./node_62_INORM,0.3573759,0.0000094
180,./node_180_INORM,0.5512041,1.0982759e-10
483,./node_483_INORM,0.5141913,7.813112e-12
259,./node_259_INORM,0.4358476,0.0000002
236,./node_236_INORM,0.5500103,3.3369914e-11
735,./node_735_INORM,0.5030511,1.4459663e-10
830,./node_830_INORM,0.4027444,0.0000001
411,./node_411_INORM,0.4150752,0.0000001
112,./node_112_INORM,0.6152810,4.9574811e-14
980,./node_980_INORM,0.4604083,3.3185676e-10
43,./node_43_INORM,0.3627272,0.0000037
685,./node_685_INORM,0.4657954,2.3875237e-10
386,./node_386_INORM,0.3997636,0.0000005
678,./node_678_INORM,0.4609757,2.7673522e-09
314,./node_314_INORM,0.3713712,0.0000065
617,./node_617_INORM,0.4803616,2.5298898e-10
912,./node_912_INORM,0.3815338,0.0000007
533,./node_533_INORM,0.4615453,2.2423165e-09
811,./node_811_INORM,0.4676538,9.6837495e-11
217,./node_217_INORM,0.4348751,0.0000002
714,./node_714_INORM,0.4765551,1.4181123e-10
430,./node_430_INORM,0.4241353,4.7779114e-08
133,./node_133_INORM,0.5484541,1.5985898e-10
278,./node_278_INORM,0.4542270,4.4977997e-08
786,./node_786_INORM,0.4444614,2.3133824e-09
285,./node_285_INORM,0.3689694,0.0000065
883,./node_883_INORM,0.4052841,0.0000001
